[RESULT]
회차,상 승,상 승,상 승,상 승,하 강,하 강,하 강,하 강,     
회차,Torque (L),Kurtosis (L),Torque (R),Kurtosis (R),Torque (L),Kurtosis (L),Torque (R),Kurtosis (R),결 과
2,0.977,2.157,0.890,2.628,0.000,2.831,-0.063,2.375,OK

[TQ_DATA]
No,L-UP,R-UP,L-DN,R-DN
1,0.41015625,0.2734375,0.1171875,-0.078125
2,0.400390625,0.361328125,0,-0.0390625
3,0.322265625,0.37109375,0.05859375,-0.068359375
4,0.400390625,0.72265625,0.1953125,-0.029296875
5,0.400390625,0.361328125,0.087890625,-0.087890625
6,0.1953125,0.380859375,0.029296875,-0.0390625
7,0.46875,0.68359375,-0.13671875,-0.029296875
8,0.341796875,0.400390625,-0.068359375,0.09765625
9,0.400390625,0.400390625,-0.01953125,-0.029296875
10,0.41015625,0.33203125,-0.1171875,0.009765625
11,0.361328125,0.302734375,0.048828125,0.068359375
12,0.546875,0.498046875,0.009765625,-0.068359375
13,0.400390625,0.263671875,-0.17578125,-0.146484375
14,0.283203125,0.400390625,-0.01953125,-0.15625
15,0.37109375,0.361328125,0.009765625,-0.05859375
16,0.400390625,0.341796875,0.1171875,-0.048828125
17,0.4296875,0.361328125,-0.146484375,-0.1953125
18,0.419921875,0.41015625,0,-0.0390625
19,0.361328125,0.25390625,0.1953125,-0.048828125
20,0.390625,0.3515625,-0.078125,-0.185546875
21,0.3515625,0.361328125,0.09765625,-0.068359375
22,0.390625,0.37109375,-0.05859375,-0.1171875
23,0.37109375,0.380859375,-0.068359375,0.0390625
24,0.3125,0.37109375,0.029296875,-0.263671875
25,0.41015625,0.537109375,-0.05859375,-0.009765625
26,0.341796875,0.361328125,0.126953125,0.068359375
27,0.4296875,0.419921875,0.048828125,-0.224609375
28,0.390625,0.48828125,-0.087890625,-0.078125
29,0.33203125,0.4296875,0.166015625,-0.09765625
30,0.390625,0.380859375,0.009765625,-0.283203125
31,0.3515625,0.537109375,0.048828125,-0.01953125
32,0.380859375,0.361328125,-0.15625,-0.107421875
33,0.44921875,0.41015625,0.01953125,0.13671875
34,0.41015625,0.3125,0.009765625,-0.029296875
35,0.3515625,0.419921875,-0.224609375,-0.087890625
36,0.37109375,0.37109375,0.009765625,0.15625
37,0.419921875,0.3125,0,-0.087890625
38,0.4296875,0.37109375,-0.078125,-0.078125
39,0.458984375,0.341796875,0,-0.2734375
40,0.37109375,0.390625,0.048828125,-0.05859375
41,0.3515625,0.390625,0.17578125,-0.05859375
42,0.380859375,0.390625,0.01953125,-0.3125
43,0.380859375,0.4296875,0.048828125,-0.029296875
44,0.390625,0.37109375,0.15625,-0.0390625
45,0.458984375,0.33203125,0.0390625,-0.302734375
46,0.390625,0.361328125,0.078125,-0.068359375
47,0.361328125,0.390625,-0.1171875,-0.0390625
48,0.390625,0.37109375,0.068359375,0.05859375
49,0.41015625,0.458984375,-0.05859375,-0.107421875
50,0.400390625,0.419921875,-0.107421875,-0.0390625
51,0.322265625,0.390625,0.0390625,0.0390625
52,0.224609375,0.400390625,-0.068359375,-0.078125
53,0.419921875,0.419921875,-0.09765625,-0.0390625
54,0.33203125,0.400390625,-0.087890625,-0.17578125
55,0.2734375,0.3515625,0.009765625,-0.0390625
56,0.361328125,0.41015625,0.029296875,-0.0390625
57,0.439453125,0.341796875,0.009765625,-0.166015625
58,0.546875,0.3515625,-0.048828125,-0.01953125
59,0.46875,0.234375,0.068359375,-0.048828125
60,0.439453125,0.361328125,-0.05859375,-0.09765625
61,0.46875,0.4296875,0,-0.01953125
62,0.37109375,0.087890625,0.078125,-0.048828125
63,0.302734375,0.37109375,-0.029296875,0.009765625
64,0.419921875,0.419921875,0.05859375,-0.078125
65,0.400390625,0.888671875,0.078125,-0.048828125
66,0.361328125,0.37109375,0.009765625,-0.068359375
67,0.2734375,0.439453125,-0.029296875,-0.029296875
68,0.37109375,0.78125,0.05859375,-0.01953125
69,0.33203125,0.478515625,0.029296875,-0.029296875
70,0.224609375,0.390625,0,-0.05859375
71,0.419921875,0.72265625,-0.146484375,-0.09765625
72,0.341796875,0.380859375,0.048828125,-0.0390625
73,0.595703125,0.4296875,-0.068359375,-0.068359375
74,0.341796875,0.009765625,-0.048828125,-0.01953125
75,0.41015625,0.3515625,0.01953125,-0.048828125
76,0.654296875,0.3515625,-0.009765625,-0.048828125
77,0.4296875,0.087890625,0.068359375,-0.078125
78,0.41015625,0.380859375,0.048828125,-0.1171875
79,0.751953125,0.322265625,-0.078125,-0.166015625
80,0.37109375,0.615234375,0.107421875,-0.078125
81,0.37109375,0.390625,0.029296875,-0.1171875
82,0.1953125,0.361328125,0,-0.205078125
83,0.419921875,0.5859375,0.087890625,-0.09765625
84,0.44921875,0.3515625,0.029296875,-0.009765625
85,0.185546875,0.380859375,-0.068359375,-0.1953125
86,0.41015625,0.576171875,-0.068359375,-0.068359375
87,0.37109375,0.361328125,0.048828125,-0.029296875
88,0.46875,0.41015625,0.009765625,-0.068359375
89,0.439453125,0.302734375,-0.087890625,-0.068359375
90,0.400390625,0.361328125,-0.009765625,-0.0390625
91,0.4296875,0.41015625,0.068359375,0.048828125
92,0.322265625,0.322265625,0.009765625,-0.068359375
93,0.37109375,0.400390625,0.0390625,-0.048828125
94,0.41015625,0.341796875,0,0
95,0.41015625,0.390625,0.068359375,-0.078125
96,0.41015625,0.361328125,-0.029296875,-0.009765625
97,0.498046875,0.37109375,0.048828125,-0.048828125
98,0.37109375,0.341796875,0.05859375,-0.05859375
99,0.380859375,0.400390625,-0.17578125,-0.1953125
100,0.37109375,0.3515625,0.0390625,-0.068359375
101,0.419921875,0.41015625,-0.0390625,0.05859375
102,0.37109375,0.37109375,0.17578125,-0.068359375
103,0.33203125,0.361328125,-0.029296875,-0.068359375
104,0.3515625,0.400390625,0.01953125,-0.0390625
105,0.3515625,0.380859375,0.15625,-0.029296875
106,0.33203125,0.341796875,0,-0.078125
107,0.41015625,0.419921875,0.009765625,-0.068359375
108,0.380859375,0.37109375,0.107421875,0
109,0.322265625,0.390625,0.01953125,-0.0390625
110,0.41015625,0.390625,-0.029296875,-0.05859375
111,0.3515625,0.390625,-0.15625,0.009765625
112,0.33203125,0.4296875,0.009765625,0
113,0.263671875,0.439453125,0.0390625,-0.068359375
114,0.390625,0.322265625,-0.09765625,-0.0390625
115,0.419921875,0.322265625,-0.01953125,0.0390625
116,0.25390625,0.37109375,0.0390625,-0.01953125
117,0.458984375,0.439453125,0.09765625,-0.13671875
118,0.4296875,0.41015625,0.009765625,-0.078125
119,0.25390625,0.322265625,-0.009765625,-0.048828125
120,0.439453125,0.361328125,0.21484375,-0.126953125
121,0.44921875,0.361328125,0.087890625,-0.0390625
122,0.546875,0.3515625,-0.009765625,-0.087890625
123,0.419921875,0.2734375,0.205078125,-0.1171875
124,0.46875,0.400390625,0.01953125,0.01953125
125,0.5078125,0.44921875,0,-0.1171875
126,0.390625,0.322265625,-0.263671875,-0.068359375
127,0.33203125,0.458984375,-0.0390625,-0.1171875
128,0.107421875,0.400390625,-0.01953125,-0.05859375
129,0.37109375,0.556640625,-0.205078125,-0.01953125
130,0.380859375,0.390625,0,-0.0390625
131,0.078125,0.400390625,0.029296875,-0.048828125
132,0.361328125,0.478515625,0.126953125,-0.048828125
133,0.46875,0.37109375,-0.009765625,-0.09765625
134,0.078125,0.41015625,0,-0.048828125
135,0.458984375,0.126953125,0.234375,-0.01953125
136,0.380859375,0.380859375,0.0390625,-0.09765625
137,0.654296875,0.3515625,0.048828125,-0.009765625
138,0.400390625,0.1953125,0.185546875,-0.087890625
139,0.390625,0.361328125,-0.029296875,0
140,0.693359375,0.341796875,0,-0.048828125
141,0.3515625,0.107421875,-0.078125,-0.068359375
142,0.400390625,0.361328125,0.166015625,-0.029296875
143,0.13671875,0.439453125,0.05859375,-0.05859375
144,0.390625,0.52734375,-0.029296875,-0.078125
145,0.41015625,0.3515625,0.126953125,-0.009765625
146,0.146484375,0.37109375,0.009765625,-0.048828125
147,0.439453125,0.615234375,0,-0.05859375
148,0.41015625,0.380859375,0.146484375,-0.05859375
149,0.17578125,0.37109375,-0.029296875,0.078125
150,0.380859375,0.263671875,0.029296875,0.01953125
151,0.41015625,0.41015625,-0.205078125,-0.068359375
152,0.48828125,0.400390625,-0.009765625,0.05859375
153,0.44921875,0.29296875,0.009765625,-0.0390625
154,0.37109375,0.390625,-0.146484375,-0.01953125
155,0.498046875,0.439453125,0.048828125,0.0390625
156,0.361328125,0.25390625,0,-0.166015625
157,0.44921875,0.37109375,0.13671875,-0.05859375
158,0.380859375,0.361328125,0.01953125,-0.126953125
159,0.4296875,0.37109375,-0.01953125,-0.1171875
160,0.380859375,0.37109375,0.146484375,-0.107421875
161,0.37109375,0.322265625,-0.029296875,-0.048828125
162,0.4296875,0.37109375,0.009765625,-0.05859375
163,0.41015625,0.41015625,0.15625,-0.068359375
164,0.400390625,0.41015625,-0.05859375,0.01953125
165,0.380859375,0.46875,0,-0.009765625
166,0.400390625,0.3515625,-0.1171875,-0.05859375
167,0.37109375,0.37109375,-0.0390625,-0.05859375
168,0.439453125,0.478515625,0.01953125,-0.0390625
169,0.361328125,0.380859375,-0.1171875,-0.01953125
170,0.341796875,0.439453125,0,0.0390625
171,0.322265625,0.400390625,-0.029296875,-0.0390625
172,0.2734375,0.322265625,-0.0390625,-0.009765625
173,0.41015625,0.400390625,-0.048828125,0.009765625
174,0.390625,0.322265625,0.009765625,-0.05859375
175,0.380859375,0.2734375,0.068359375,-0.029296875
176,0.400390625,0.419921875,-0.029296875,0.0390625
177,0.5078125,0.3125,0.0390625,-0.05859375
178,0.41015625,0.25390625,0,-0.068359375
179,0.419921875,0.478515625,-0.1171875,-0.205078125
180,0.390625,0.283203125,0.048828125,-0.068359375
181,0.3515625,0.2734375,0.068359375,-0.087890625
182,0.41015625,0.439453125,0.05859375,-0.166015625
183,0.517578125,0.41015625,0.05859375,-0.0390625
184,0.419921875,0.322265625,0.126953125,-0.107421875
185,0.44921875,0.341796875,0.068359375,-0.087890625
186,0.33203125,0.361328125,0.01953125,-0.078125
187,0.361328125,0.380859375,-0.1171875,0
188,0.361328125,0.3515625,0.05859375,0.087890625
189,0.3125,0.46875,-0.01953125,-0.087890625
190,0.361328125,0.302734375,-0.166015625,-0.068359375
191,0.419921875,0.44921875,-0.0390625,0.087890625
192,0.37109375,0.48828125,0.029296875,-0.087890625
193,0.390625,0.2734375,-0.224609375,-0.0390625
194,0.322265625,0.41015625,0.01953125,-0.185546875
195,0.44921875,0.283203125,0,-0.068359375
196,0.380859375,0.244140625,0.17578125,-0.048828125
197,0.419921875,0.37109375,0.0390625,-0.13671875
198,0.556640625,0.361328125,0.029296875,-0.029296875
199,0.390625,0.390625,0.185546875,-0.087890625
200,0.439453125,0.400390625,0,-0.185546875
201,0.400390625,0.283203125,0.087890625,-0.068359375
202,0.4296875,0.41015625,-0.107421875,-0.126953125
203,0.37109375,0.33203125,0.01953125,-0.05859375
204,0.458984375,0.390625,0.009765625,-0.244140625
205,0.41015625,0.44921875,-0.068359375,-0.048828125
206,0.361328125,0.341796875,-0.0390625,-0.01953125
207,0.322265625,0.439453125,-0.029296875,-0.21484375
208,0.390625,0.400390625,-0.13671875,-0.029296875
209,0.390625,0.341796875,0.01953125,-0.087890625
210,0.25390625,0.380859375,0.009765625,-0.25390625
211,0.400390625,0.380859375,0.068359375,-0.0390625
212,0.3515625,0.400390625,-0.13671875,-0.09765625
213,0.48828125,0.361328125,-0.01953125,0.185546875
214,0.380859375,0.390625,0.0390625,-0.09765625
215,0.478515625,0.41015625,-0.1171875,-0.068359375
216,0.5078125,0.380859375,0.029296875,0.13671875
217,0.380859375,0.33203125,-0.01953125,-0.09765625
218,0.478515625,0.419921875,-0.087890625,-0.1171875
219,0.44921875,0.41015625,0.078125,-0.15625
220,0.37109375,0.361328125,0.107421875,-0.01953125
221,0.419921875,0.322265625,0.224609375,-0.068359375
222,0.361328125,0.3515625,-0.05859375,-0.21484375
223,0.4296875,0.44921875,-0.029296875,-0.068359375
224,0.37109375,0.390625,0.224609375,-0.029296875
225,0.341796875,0.29296875,0,-0.185546875
226,0.41015625,0.361328125,-0.0390625,-0.068359375
227,0.4296875,0.400390625,-0.126953125,-0.009765625
228,0.41015625,0.419921875,0,0.0390625
229,0.41015625,0.41015625,0.05859375,-0.0390625
230,0.41015625,0.595703125,-0.15625,-0.029296875
231,0.41015625,0.458984375,0.01953125,0.01953125
232,0.41015625,0.44921875,0.009765625,-0.009765625
233,0.400390625,0.478515625,-0.17578125,-0.078125
234,0.3125,0.37109375,-0.009765625,-0.087890625
235,0.361328125,0.341796875,0,-0.048828125
236,0.361328125,0.46875,0.029296875,-0.0390625
237,0.458984375,0.341796875,0.009765625,-0.09765625
238,0.595703125,0.390625,0.048828125,-0.078125
239,0.37109375,0.224609375,0.15625,-0.15625
240,0.556640625,0.41015625,0.01953125,-0.087890625
241,0.556640625,0.37109375,-0.05859375,-0.068359375
242,0.37109375,0.33203125,-0.1171875,-0.048828125
243,0.341796875,0.390625,0.029296875,-0.15625
244,0.615234375,0.4296875,0.0390625,-0.068359375
245,0.400390625,0.46875,-0.0390625,-0.107421875
246,0.361328125,0.380859375,0.0390625,-0.068359375
247,0.029296875,0.439453125,-0.009765625,-0.029296875
248,0.41015625,0.390625,-0.05859375,-0.068359375
249,0.3515625,0.37109375,0.01953125,0.009765625
250,0.087890625,0.41015625,-0.01953125,-0.05859375
251,0.41015625,0.4296875,0.1171875,-0.048828125
252,0.458984375,0.400390625,0.009765625,0
253,0.732421875,0.41015625,-0.01953125,-0.078125
254,0.361328125,0.3515625,0.0390625,-0.009765625
255,0.4296875,0.361328125,0.009765625,-0.09765625
256,0.654296875,0.380859375,0.01953125,-0.05859375
257,0.46875,0.263671875,-0.01953125,-0.068359375
258,0.4296875,0.4296875,0.01953125,-0.078125
259,0.810546875,0.41015625,0.087890625,-0.05859375
260,0.341796875,0.46875,0.0390625,-0.09765625
261,0.5078125,0.361328125,-0.0390625,-0.126953125
262,0.205078125,0.439453125,0.0390625,-0.0390625
263,0.390625,0.56640625,0.009765625,-0.0390625
264,0.400390625,0.419921875,0,0.029296875
265,0.15625,0.380859375,0.048828125,-0.0390625
266,0.390625,0.517578125,-0.029296875,-0.068359375
267,0.341796875,0.419921875,-0.048828125,0.009765625
268,0.517578125,0.361328125,0.01953125,-0.107421875
269,0.478515625,0.380859375,-0.029296875,0.009765625
270,0.361328125,0.419921875,-0.029296875,0.0390625
271,0.46875,0.400390625,0.087890625,-0.166015625
272,0.4296875,0.400390625,-0.009765625,0.01953125
273,0.478515625,0.3515625,-0.01953125,-0.048828125
274,0.5078125,0.400390625,0.029296875,0.09765625
275,0.41015625,0.283203125,0.009765625,-0.0390625
276,0.439453125,0.37109375,0.01953125,-0.107421875
277,0.380859375,0.390625,0.009765625,0
278,0.439453125,0.322265625,-0.01953125,-0.078125
279,0.4296875,0.33203125,-0.0390625,-0.0390625
280,0.33203125,0.380859375,0.01953125,0.05859375
281,0.400390625,0.380859375,0.0390625,-0.1171875
282,0.380859375,0.41015625,0.068359375,-0.0390625
283,0.3515625,0.390625,0.029296875,-0.166015625
284,0.380859375,0.44921875,-0.009765625,-0.05859375
285,0.390625,0.41015625,0.078125,-0.087890625
286,0.419921875,0.458984375,0.05859375,-0.185546875
287,0.400390625,0.46875,0.01953125,-0.01953125
288,0.380859375,0.41015625,0.107421875,-0.01953125
289,0.3125,0.439453125,0.01953125,0.09765625
290,0.439453125,0.33203125,-0.0390625,-0.068359375
291,0.419921875,0.419921875,-0.029296875,-0.029296875
292,0.3515625,0.341796875,0.01953125,0.0390625
293,0.41015625,0.439453125,-0.01953125,-0.068359375
294,0.380859375,0.78125,-0.01953125,-0.05859375
295,0.390625,0.33203125,-0.048828125,0.078125
296,0.41015625,0.37109375,0.1171875,-0.068359375
297,0.46875,0.576171875,0.09765625,-0.048828125
298,0.458984375,0.390625,0,-0.322265625
299,0.41015625,0.3515625,0.009765625,-0.009765625
300,0.419921875,0.244140625,0.048828125,-0.048828125
301,0.419921875,0.3515625,0.0390625,-0.29296875
302,0.361328125,0.361328125,-0.009765625,-0.0390625
303,0.390625,0.263671875,0.0390625,0
304,0.41015625,0.439453125,-0.068359375,0.185546875
305,0.302734375,0.458984375,0.009765625,-0.0390625
306,0.380859375,0.37109375,0.009765625,-0.01953125
307,0.41015625,0.33203125,0.009765625,0.09765625
308,0.37109375,0.390625,-0.01953125,0.029296875
309,0.390625,0.498046875,-0.01953125,-0.1171875
310,0.341796875,0.37109375,0.068359375,0.13671875
311,0.458984375,0.37109375,0.009765625,0.009765625
312,0.390625,0.537109375,0.048828125,-0.05859375
313,0.439453125,0.400390625,0.029296875,-0.185546875
314,0.41015625,0.37109375,0.05859375,0.01953125
315,0.390625,0.1171875,0.126953125,-0.068359375
316,0.4296875,0.390625,0.029296875,-0.166015625
317,0.634765625,0.361328125,0.029296875,-0.068359375
318,0.3515625,0.166015625,0.146484375,-0.087890625
319,0.419921875,0.390625,0.009765625,0
320,0.4296875,0.41015625,-0.009765625,-0.087890625
321,0.44921875,0.1953125,-0.05859375,-0.078125
322,0.419921875,0.400390625,0.0390625,-0.009765625
323,0.1953125,0.341796875,-0.009765625,-0.0390625
324,0.400390625,0.52734375,-0.029296875,-0.09765625
325,0.361328125,0.380859375,0.029296875,-0.009765625
326,0.21484375,0.4296875,-0.01953125,-0.1953125
327,0.419921875,0.537109375,0.048828125,-0.068359375
328,0.400390625,0.400390625,0,-0.05859375
329,0.234375,0.419921875,-0.05859375,0.17578125
330,0.390625,0.302734375,0.0390625,-0.05859375
331,0.380859375,0.439453125,0.1171875,-0.078125
332,0.52734375,0.400390625,0.029296875,0.13671875
333,0.3515625,0.3125,0.107421875,-0.0390625
334,0.341796875,0.37109375,0.009765625,-0.01953125
335,0.537109375,0.341796875,-0.048828125,0.224609375
336,0.37109375,0.37109375,0.029296875,-0.078125
337,0.37109375,0.390625,0.09765625,-0.01953125
338,0.400390625,0.41015625,0,-0.205078125
339,0.41015625,0.419921875,0.029296875,0
340,0.439453125,0.361328125,0.1953125,-0.05859375
341,0.3515625,0.341796875,0.009765625,-0.13671875
342,0.458984375,0.400390625,-0.01953125,-0.068359375
343,0.37109375,0.390625,0.1171875,-0.1171875
344,0.361328125,0.400390625,0.009765625,-0.009765625
345,0.439453125,0.33203125,-0.05859375,-0.0390625
346,0.458984375,0.3125,0.01953125,-0.05859375
347,0.3515625,0.361328125,0,0
348,0.400390625,0.400390625,0,-0.05859375
349,0.4296875,0.419921875,-0.009765625,-0.068359375
350,0.4296875,0.41015625,0.029296875,0.107421875
351,0.400390625,0.380859375,-0.01953125,-0.078125
352,0.380859375,0.4296875,0.01953125,-0.01953125
353,0.41015625,0.4296875,0.009765625,-0.068359375
354,0.41015625,0.41015625,0.048828125,0.01953125
355,0.390625,0.2734375,-0.01953125,-0.068359375
356,0.41015625,0.41015625,0.009765625,-0.078125
357,0.380859375,0.341796875,0,-0.029296875
358,0.322265625,0.25390625,0.029296875,-0.068359375
359,0.478515625,0.33203125,-0.009765625,-0.17578125
360,0.439453125,0.322265625,0.029296875,0.029296875
361,0.419921875,0.234375,0.185546875,-0.087890625
362,0.41015625,0.390625,0.029296875,-0.146484375
363,0.322265625,0.390625,0.009765625,-0.1171875
364,0.41015625,0.56640625,0.068359375,-0.0390625
365,0.4296875,0.41015625,-0.009765625,-0.146484375
366,0.341796875,0.4296875,-0.009765625,-0.078125
367,0.37109375,0.693359375,-0.068359375,-0.05859375
368,0.361328125,0.390625,0.029296875,0.1171875
369,0.3125,0.419921875,0.029296875,-0.078125
370,0.41015625,0.41015625,-0.166015625,-0.029296875
371,0.439453125,0.33203125,0.009765625,0.126953125
372,0.517578125,0.439453125,0,-0.05859375
373,0.361328125,0.419921875,-0.166015625,-0.01953125
374,0.41015625,0.390625,0.107421875,-0.15625
375,0.556640625,0.361328125,0,-0.0390625
376,0.439453125,0.3125,0.13671875,-0.05859375
377,0.419921875,0.439453125,-0.13671875,-0.244140625
378,0.3125,0.37109375,0.048828125,-0.05859375
379,0.380859375,0.341796875,0.15625,-0.029296875
380,0.458984375,0.4296875,-0.107421875,-0.25390625
381,0.3125,0.341796875,-0.009765625,-0.029296875
382,0.41015625,0.3125,0,-0.078125
383,0.380859375,0.380859375,-0.087890625,-0.09765625
384,0.322265625,0.419921875,0.01953125,-0.263671875
385,0.400390625,0.537109375,-0.05859375,-0.05859375
386,0.380859375,0.380859375,0.15625,-0.029296875
387,0.4296875,0.400390625,0.01953125,-0.224609375
388,0.390625,0.56640625,-0.068359375,0.009765625
389,0.390625,0.33203125,0.1171875,-0.15625
390,0.37109375,0.400390625,-0.029296875,-0.322265625
391,0.400390625,0.537109375,0.01953125,-0.068359375
392,0.37109375,0.302734375,-0.1953125,-0.087890625
393,0.44921875,0.400390625,0.029296875,0.087890625
394,0.390625,0.2734375,-0.009765625,-0.01953125
395,0.439453125,0.390625,-0.1953125,-0.13671875
396,0.41015625,0.341796875,0.01953125,0.029296875
397,0.390625,0.3515625,-0.01953125,-0.068359375
398,0.419921875,0.41015625,-0.1953125,0.078125
399,0.439453125,0.4296875,0.029296875,-0.224609375
400,0.380859375,0.439453125,0.01953125,-0.05859375
401,0.41015625,0.390625,0.17578125,-0.0390625
402,0.400390625,0.390625,0.048828125,-0.3515625
403,0.41015625,0.48828125,0.009765625,-0.05859375
404,0.390625,0.33203125,0.15625,0
405,0.37109375,0.341796875,0.009765625,-0.3125
406,0.361328125,0.458984375,0,-0.068359375
407,0.400390625,0.439453125,-0.078125,-0.0390625
408,0.3515625,0.44921875,0.01953125,0.146484375
409,0.44921875,0.390625,0.01953125,-0.087890625
410,0.341796875,0.400390625,-0.1171875,-0.05859375
411,0.400390625,0.400390625,0,0.09765625
412,0.48828125,0.400390625,0.01953125,-0.029296875
413,0.341796875,0.322265625,-0.087890625,-0.13671875
414,0.419921875,0.3515625,0.009765625,-0.1171875
415,0.517578125,0.380859375,0.029296875,-0.0390625
416,0.390625,0.390625,0.048828125,-0.09765625
417,0.41015625,0.341796875,-0.01953125,-0.029296875
418,0.3515625,0.3515625,0,-0.05859375
419,0.439453125,0.33203125,0.05859375,-0.048828125
420,0.400390625,0.41015625,-0.029296875,-0.244140625
421,0.400390625,0.3515625,-0.05859375,-0.09765625
422,0.41015625,0.341796875,-0.15625,-0.087890625
423,0.37109375,0.390625,-0.048828125,0.009765625
424,0.439453125,0.4296875,0.01953125,-0.01953125
425,0.419921875,0.771484375,-0.1171875,-0.126953125
426,0.380859375,0.380859375,0.048828125,0.068359375
427,0.244140625,0.390625,-0.009765625,-0.05859375
428,0.380859375,0.78125,-0.087890625,-0.1171875
429,0.322265625,0.361328125,0,-0.1171875
430,0.3125,0.361328125,-0.009765625,-0.029296875
431,0.37109375,0.68359375,0.009765625,-0.126953125
432,0.46875,0.44921875,0.029296875,-0.107421875
433,0.64453125,0.41015625,0.078125,-0.185546875
434,0.390625,0.15625,0.048828125,-0.01953125
435,0.458984375,0.390625,0.01953125,-0.15625
436,0.6640625,0.37109375,0.068359375,-0.087890625
437,0.41015625,0.224609375,-0.009765625,-0.068359375
438,0.380859375,0.37109375,-0.009765625,-0.1171875
439,0.693359375,0.361328125,0.009765625,-0.13671875
440,0.322265625,0.56640625,0.0390625,-0.09765625
441,0.41015625,0.41015625,0.01953125,0
442,0.3515625,0.29296875,0.009765625,-0.283203125
443,0.37109375,0.56640625,0.068359375,-0.05859375
444,0.37109375,0.361328125,0.068359375,-0.0390625
445,0.3125,0.44921875,0.01953125,-0.234375
446,0.41015625,0.5078125,-0.029296875,-0.05859375
447,0.400390625,0.37109375,0.126953125,-0.05859375
448,0.37109375,0.419921875,0.009765625,-0.068359375
449,0.41015625,0.3515625,0.01953125,-0.068359375
450,0.380859375,0.41015625,0.17578125,-0.068359375
451,0.44921875,0.41015625,0,-0.029296875
452,0.380859375,0.3125,0,-0.0390625
453,0.380859375,0.41015625,0.146484375,-0.0390625
454,0.3125,0.4296875,-0.009765625,0.01953125
455,0.41015625,0.419921875,0.029296875,-0.1171875
456,0.48828125,0.33203125,-0.146484375,-0.029296875
457,0.4296875,0.390625,-0.0390625,-0.048828125
458,0.33203125,0.390625,0,-0.01953125
459,0.48828125,0.37109375,-0.13671875,-0.1171875
460,0.37109375,0.380859375,0.009765625,-0.0390625
461,0.458984375,0.390625,0.009765625,-0.048828125
462,0.4296875,0.419921875,0.13671875,-0.107421875
463,0.37109375,0.361328125,0.01953125,-0.126953125
464,0.400390625,0.4296875,-0.01953125,-0.0390625
465,0.400390625,0.380859375,0.107421875,-0.087890625
466,0.283203125,0.390625,0.029296875,-0.068359375
467,0.322265625,0.400390625,0.029296875,-0.029296875
468,0.390625,0.390625,0.146484375,0
469,0.3515625,0.419921875,0.009765625,0.05859375
470,0.400390625,0.400390625,0.0390625,-0.048828125
471,0.341796875,0.3515625,-0.1953125,-0.05859375
472,0.361328125,0.3515625,0.048828125,0
473,0.283203125,0.400390625,-0.0390625,-0.0390625
474,0.380859375,0.25390625,-0.25390625,-0.09765625
475,0.41015625,0.44921875,0.029296875,-0.087890625
476,0.37109375,0.390625,-0.009765625,-0.029296875
477,0.44921875,0.302734375,0.302734375,-0.05859375
478,0.400390625,0.341796875,-0.009765625,-0.09765625
479,0.400390625,0.380859375,0.05859375,-0.01953125
480,0.400390625,0.5078125,0.263671875,-0.048828125
481,0.380859375,0.361328125,-0.029296875,-0.09765625
482,0.60546875,0.37109375,-0.068359375,-0.078125
483,0.400390625,0.556640625,0.263671875,0
484,0.4296875,0.400390625,0.01953125,0.087890625
485,0.556640625,0.419921875,0.0390625,-0.029296875
486,0.4296875,0.517578125,-0.283203125,-0.048828125
487,0.33203125,0.498046875,-0.029296875,0.078125
488,0.29296875,0.390625,-0.029296875,-0.048828125
489,0.400390625,0.537109375,-0.224609375,-0.0390625
490,0.361328125,0.41015625,0.01953125,-0.0390625
491,0.234375,0.419921875,0.068359375,-0.1171875
492,0.419921875,0.595703125,0.146484375,-0.048828125
493,0.400390625,0.419921875,-0.029296875,-0.185546875
494,0.234375,0.361328125,0.01953125,-0.068359375
495,0.390625,0.05859375,0.15625,-0.009765625
496,0.361328125,0.46875,0.05859375,-0.234375
497,0.52734375,0.33203125,0.0390625,-0.048828125
498,0.361328125,0.126953125,0.15625,-0.048828125
499,0.458984375,0.390625,0.078125,0.078125
500,0.517578125,0.419921875,0.029296875,-0.05859375
501,0.390625,0.234375,0,-0.078125
502,0.390625,0.380859375,0.146484375,0
503,0.244140625,0.46875,0.009765625,-0.078125
504,0.380859375,0.5859375,-0.0390625,-0.029296875
505,0.380859375,0.390625,0.146484375,0.01953125
506,0.185546875,0.380859375,0.009765625,-0.068359375
507,0.37109375,0.5859375,0.009765625,-0.068359375
508,0.380859375,0.341796875,0.1171875,-0.185546875
509,0.21484375,0.3125,0.029296875,0.244140625
510,0.3125,0.146484375,0.087890625,-0.048828125
511,0.400390625,0.41015625,-0.166015625,-0.09765625
512,0.4296875,0.33203125,0.048828125,0.25390625
513,0.439453125,0.3515625,0.0390625,-0.009765625
514,0.33203125,0.41015625,-0.13671875,-0.048828125
515,0.498046875,0.400390625,0.078125,0.244140625
516,0.458984375,0.29296875,-0.009765625,-0.01953125
517,0.390625,0.390625,0.107421875,0.009765625
518,0.400390625,0.400390625,0.01953125,-0.13671875
519,0.400390625,0.439453125,-0.0390625,-0.068359375
520,0.380859375,0.4296875,0.146484375,-0.0390625
521,0.41015625,0.37109375,0.009765625,-0.126953125
522,0.341796875,0.37109375,0.01953125,-0.068359375
523,0.41015625,0.44921875,0.0390625,-0.05859375
524,0.361328125,0.361328125,0.009765625,-0.087890625
525,0.41015625,0.439453125,0.009765625,-0.068359375
526,0.380859375,0.390625,-0.048828125,-0.068359375
527,0.361328125,0.390625,0,-0.05859375
528,0.3125,0.4296875,0.0390625,-0.087890625
529,0.400390625,0.44921875,-0.078125,-0.1171875
530,0.33203125,0.361328125,0.029296875,-0.05859375
531,0.302734375,0.380859375,-0.126953125,-0.05859375
532,0.400390625,0.458984375,0.01953125,-0.068359375
533,0.37109375,0.380859375,-0.029296875,0
534,0.224609375,0.41015625,-0.05859375,-0.048828125
535,0.341796875,0.302734375,-0.029296875,-0.068359375
536,0.41015625,0.361328125,0,-0.078125
537,0.498046875,0.3515625,0.0390625,-0.087890625
538,0.41015625,0.234375,0.048828125,-0.048828125
539,0.361328125,0.380859375,0.009765625,-0.1953125
540,0.56640625,0.41015625,0.048828125,-0.01953125
541,0.41015625,0.44921875,0.224609375,-0.107421875
542,0.390625,0.37109375,0.0390625,-0.107421875
543,0.419921875,0.41015625,0.009765625,-0.05859375
544,0.4296875,0.5078125,0.166015625,-0.0390625
545,0.44921875,0.380859375,0.01953125,-0.078125
546,0.341796875,0.400390625,-0.0390625,-0.107421875
547,0.361328125,0.46875,-0.107421875,-0.068359375
548,0.380859375,0.41015625,-0.009765625,0.029296875
549,0.400390625,0.5078125,-0.029296875,-0.078125
550,0.390625,0.341796875,-0.166015625,-0.0390625
551,0.37109375,0.37109375,0.009765625,0.029296875
552,0.3125,0.380859375,0,-0.05859375
553,0.390625,0.341796875,-0.029296875,-0.05859375
554,0.400390625,0.390625,0.048828125,-0.146484375
555,0.341796875,0.380859375,-0.0390625,-0.048828125
556,0.400390625,0.322265625,0.126953125,-0.068359375
557,0.400390625,0.390625,-0.009765625,-0.15625
558,0.546875,0.341796875,0.048828125,-0.05859375
559,0.41015625,0.517578125,0.205078125,0
560,0.37109375,0.390625,0.068359375,-0.126953125
561,0.390625,0.322265625,-0.029296875,0.029296875
562,0.44921875,0.41015625,-0.087890625,-0.068359375
563,0.41015625,0.41015625,0.029296875,-0.087890625
564,0.419921875,0.458984375,0.0390625,-0.283203125
565,0.380859375,0.3515625,-0.126953125,-0.0390625
566,0.361328125,0.380859375,0.01953125,-0.029296875
567,0.25390625,0.4296875,0,-0.283203125
568,0.41015625,0.44921875,-0.13671875,-0.048828125
569,0.419921875,0.4296875,0.048828125,-0.01953125
570,0.29296875,0.44921875,0,-0.224609375
571,0.3515625,0.3515625,0.068359375,-0.05859375
572,0.322265625,0.380859375,-0.1953125,-0.029296875
573,0.5078125,0.419921875,0,0.126953125
574,0.4296875,0.3515625,0.09765625,-0.068359375
575,0.33203125,0.41015625,-0.146484375,-0.029296875
576,0.546875,0.322265625,0.048828125,0.17578125
577,0.390625,0.400390625,-0.009765625,-0.068359375
578,0.390625,0.44921875,-0.146484375,-0.078125
579,0.52734375,0.3515625,-0.0390625,-0.15625
580,0.439453125,0.4296875,-0.068359375,-0.068359375
581,0.41015625,0.380859375,0.166015625,-0.15625
582,0.37109375,0.361328125,-0.0390625,-0.283203125
583,0.37109375,0.3515625,0.05859375,-0.078125
584,0.419921875,0.400390625,0.126953125,-0.0390625
585,0.3125,0.419921875,0,-0.17578125
586,0.380859375,0.41015625,0.01953125,-0.029296875
587,0.400390625,0.3515625,-0.185546875,-0.029296875
588,0.380859375,0.33203125,-0.029296875,0.068359375
589,0.361328125,0.41015625,0.068359375,-0.0390625
590,0.37109375,0.439453125,-0.05859375,-0.029296875
591,0.37109375,0.390625,-0.068359375,0
592,0.390625,0.380859375,0.009765625,-0.068359375
593,0.400390625,0.419921875,-0.1171875,-0.048828125
594,0.37109375,0.41015625,-0.009765625,-0.05859375
595,0.390625,0.3515625,0.009765625,-0.068359375
596,0.37109375,0.380859375,0.1171875,-0.01953125
597,0.390625,0.4296875,-0.087890625,-0.048828125
598,0.634765625,0.322265625,0.048828125,-0.05859375
599,0.419921875,0.44921875,0.185546875,-0.05859375
600,0.439453125,0.380859375,-0.0390625,-0.09765625
601,0.576171875,0.33203125,0.009765625,-0.029296875
602,0.400390625,0.390625,-0.185546875,-0.068359375
603,0.361328125,0.41015625,0.009765625,-0.078125
604,0.68359375,0.41015625,0.01953125,-0.048828125
605,0.380859375,0.56640625,-0.126953125,-0.107421875
606,0.3515625,0.41015625,0.0390625,-0.009765625
607,0.205078125,0.439453125,-0.048828125,-0.1171875
608,0.3515625,0.5078125,-0.126953125,-0.05859375
609,0.37109375,0.3125,0,-0.1171875
610,0.205078125,0.361328125,0.01953125,-0.078125
611,0.380859375,0.537109375,0.0390625,-0.078125
612,0.341796875,0.478515625,0.01953125,-0.13671875
613,0.634765625,0.41015625,0.0390625,-0.048828125
614,0.380859375,0.5078125,0.0390625,-0.087890625
615,0.41015625,0.3515625,-0.009765625,-0.087890625
616,0.5859375,0.380859375,0.029296875,-0.0390625
617,0.400390625,0.439453125,0.068359375,-0.05859375
618,0.41015625,0.380859375,0.05859375,-0.01953125
619,0.732421875,0.380859375,0.048828125,-0.078125
620,0.37109375,0.44921875,-0.029296875,-0.087890625
621,0.41015625,0.37109375,-0.0390625,0
622,0.244140625,0.4296875,-0.01953125,-0.029296875
623,0.37109375,0.4296875,-0.05859375,-0.078125
624,0.341796875,0.361328125,-0.068359375,-0.078125
625,0.205078125,0.380859375,-0.029296875,-0.05859375
626,0.400390625,0.439453125,0,-0.029296875
627,0.341796875,0.41015625,0.068359375,-0.078125
628,0.498046875,0.41015625,-0.009765625,0
629,0.29296875,0.41015625,0.01953125,-0.048828125
630,0.302734375,0.400390625,0.068359375,-0.048828125
631,0.44921875,0.419921875,0.009765625,-0.126953125
632,0.4296875,0.37109375,-0.009765625,-0.048828125
633,0.37109375,0.458984375,0.068359375,-0.078125
634,0.5078125,0.37109375,-0.05859375,0.126953125
635,0.419921875,0.37109375,-0.009765625,-0.029296875
636,0.322265625,0.390625,-0.068359375,-0.009765625
637,0.400390625,0.3515625,-0.009765625,0.13671875
638,0.390625,0.361328125,-0.01953125,-0.029296875
639,0.380859375,0.400390625,-0.126953125,-0.0390625
640,0.390625,0.380859375,-0.048828125,0.166015625
641,0.322265625,0.341796875,0.09765625,-0.107421875
642,0.380859375,0.400390625,0.126953125,-0.078125
643,0.380859375,0.361328125,-0.029296875,-0.205078125
644,0.380859375,0.478515625,-0.009765625,0
645,0.400390625,0.390625,0.09765625,-0.048828125
646,0.439453125,0.4296875,0.01953125,-0.1953125
647,0.41015625,0.46875,-0.068359375,-0.078125
648,0.37109375,0.380859375,0.17578125,-0.048828125
649,0.33203125,0.439453125,0,0.15625
650,0.439453125,0.380859375,-0.068359375,-0.068359375
651,0.41015625,0.390625,-0.068359375,-0.01953125
652,0.361328125,0.400390625,0.009765625,0.166015625
653,0.41015625,0.361328125,-0.01953125,0
654,0.322265625,0.751953125,-0.087890625,-0.087890625
655,0.419921875,0.380859375,0.048828125,0.09765625
656,0.546875,0.400390625,0.009765625,-0.078125
657,0.302734375,0.751953125,0.0390625,-0.068359375
658,0.4296875,0.37109375,0,-0.283203125
659,0.458984375,0.439453125,-0.009765625,-0.0390625
660,0.41015625,0.126953125,0.078125,-0.107421875
661,0.380859375,0.37109375,0.01953125,-0.29296875
662,0.234375,0.341796875,0,-0.078125
663,0.390625,0.2734375,0.09765625,-0.0390625
664,0.390625,0.390625,-0.0390625,0.09765625
665,0.166015625,0.44921875,-0.05859375,-0.15625
666,0.41015625,0.244140625,-0.1171875,-0.048828125
667,0.41015625,0.439453125,0.01953125,0.087890625
668,0.46875,0.4296875,0.01953125,-0.029296875
669,0.380859375,0.458984375,-0.107421875,-0.068359375
670,0.380859375,0.419921875,-0.048828125,0.13671875
671,0.44921875,0.361328125,0.05859375,-0.09765625
672,0.44921875,0.4296875,0.224609375,-0.078125
673,0.41015625,0.400390625,-0.01953125,-0.224609375
674,0.48828125,0.390625,-0.05859375,-0.029296875
675,0.400390625,0.37109375,0.09765625,-0.029296875
676,0.419921875,0.390625,0.029296875,-0.302734375
677,0.46875,0.380859375,-0.01953125,-0.087890625
678,0.361328125,0.3515625,0.17578125,-0.048828125
679,0.4296875,0.361328125,0.0390625,0.068359375
680,0.5078125,0.41015625,-0.0390625,-0.029296875
681,0.37109375,0.2734375,-0.13671875,-0.029296875
682,0.37109375,0.361328125,-0.0390625,0.01953125
683,0.234375,0.41015625,0.0390625,0
684,0.390625,0.46875,-0.146484375,-0.01953125
685,0.41015625,0.439453125,0.029296875,-0.029296875
686,0.205078125,0.400390625,0.087890625,-0.0390625
687,0.390625,0.439453125,0.048828125,-0.068359375
688,0.44921875,0.380859375,0.009765625,-0.087890625
689,0.283203125,0.390625,-0.029296875,-0.01953125
690,0.41015625,0.400390625,0.09765625,-0.05859375
691,0.400390625,0.400390625,0.0390625,-0.09765625
692,0.556640625,0.400390625,0.09765625,0.087890625
693,0.400390625,0.341796875,0.0390625,-0.068359375
694,0.3515625,0.37109375,0.05859375,-0.13671875
695,0.5078125,0.361328125,-0.048828125,0.0390625
696,0.390625,0.361328125,-0.05859375,-0.0390625
697,0.41015625,0.380859375,0.05859375,-0.068359375
698,0.33203125,0.400390625,0.0390625,-0.17578125
699,0.322265625,0.37109375,-0.048828125,-0.048828125
700,0.361328125,0.3515625,0,-0.166015625
701,0.3515625,0.361328125,-0.009765625,-0.17578125
702,0.4296875,0.41015625,0.029296875,-0.029296875
703,0.3515625,0.3125,0.05859375,-0.05859375
704,0.48828125,0.3125,-0.009765625,-0.009765625
705,0.390625,0.390625,0,-0.05859375
706,0.400390625,0.380859375,0,-0.05859375
707,0.341796875,0.400390625,-0.01953125,-0.029296875
708,0.4296875,0.400390625,0.078125,-0.05859375
709,0.46875,0.517578125,0.048828125,-0.009765625
710,0.2734375,0.439453125,0.048828125,-0.048828125
711,0.4296875,0.3515625,0.0390625,-0.0390625
712,0.390625,0.56640625,0.05859375,-0.05859375
713,0.41015625,0.37109375,-0.029296875,-0.009765625
714,0.419921875,0.361328125,0.029296875,-0.05859375
715,0.439453125,0.283203125,0.107421875,-0.087890625
716,0.390625,0.419921875,-0.05859375,-0.048828125
717,0.44921875,0.3515625,0.009765625,-0.078125
718,0.41015625,0.29296875,-0.009765625,-0.01953125
719,0.44921875,0.361328125,-0.05859375,-0.3125
720,0.400390625,0.302734375,0.087890625,-0.05859375
721,0.400390625,0.322265625,0.078125,-0.068359375
722,0.380859375,0.37109375,0,-0.1953125
723,0.1953125,0.400390625,0.009765625,-0.078125
724,0.380859375,0.390625,0.087890625,-0.087890625
725,0.3515625,0.37109375,0,-0.205078125
726,0.341796875,0.400390625,0.01953125,-0.048828125
727,0.37109375,0.3515625,-0.05859375,-0.0390625
728,0.400390625,0.37109375,0.029296875,0.01953125
729,0.2734375,0.390625,-0.0390625,-0.087890625
730,0.37109375,0.546875,-0.01953125,0
731,0.419921875,0.380859375,0.048828125,0.009765625
732,0.52734375,0.390625,0.029296875,-0.13671875
733,0.380859375,0.439453125,-0.0390625,-0.05859375
734,0.361328125,0.37109375,0.01953125,-0.09765625
735,0.5078125,0.400390625,-0.009765625,-0.068359375
736,0.390625,0.419921875,0.078125,-0.048828125
737,0.361328125,0.390625,-0.068359375,-0.1171875
738,0.400390625,0.302734375,0.009765625,-0.05859375
739,0.37109375,0.205078125,0.126953125,-0.126953125
740,0.44921875,0.390625,-0.0390625,-0.166015625
741,0.361328125,0.41015625,0,-0.048828125
742,0.419921875,0.29296875,0,-0.068359375
743,0.390625,0.400390625,-0.048828125,0.05859375
744,0.390625,0.3515625,0.009765625,-0.01953125
745,0.390625,0.537109375,0.05859375,-0.029296875
746,0.41015625,0.400390625,0.1171875,0.0390625
747,0.44921875,0.400390625,-0.029296875,-0.029296875
748,0.400390625,0.556640625,0.01953125,-0.05859375
749,0.380859375,0.380859375,0.13671875,-0.09765625
750,0.390625,0.29296875,-0.01953125,-0.1171875
751,0.3515625,0.56640625,-0.0390625,-0.078125
752,0.390625,0.380859375,-0.146484375,-0.05859375
753,0.439453125,0.361328125,0,-0.068359375
754,0.439453125,0.33203125,0.009765625,0.009765625
755,0.3515625,0.44921875,-0.205078125,-0.078125
756,0.380859375,0.37109375,0,0
757,0.361328125,0.33203125,0,-0.09765625
758,0.41015625,0.41015625,-0.234375,-0.048828125
759,0.380859375,0.400390625,0.029296875,-0.166015625
760,0.3515625,0.4296875,-0.009765625,-0.078125
761,0.419921875,0.390625,0.17578125,0.01953125
762,0.361328125,0.3515625,0.009765625,-0.21484375
763,0.400390625,0.4296875,0.05859375,-0.05859375
764,0.390625,0.341796875,0.1953125,-0.05859375
765,0.4296875,0.341796875,0.009765625,-0.224609375
766,0.361328125,0.41015625,0.0390625,-0.09765625
767,0.380859375,0.37109375,-0.146484375,-0.0390625
768,0.322265625,0.41015625,-0.0390625,0.166015625
769,0.41015625,0.419921875,0.01953125,-0.029296875
770,0.439453125,0.390625,-0.087890625,-0.0390625
771,0.380859375,0.380859375,0,0.107421875
772,0.419921875,0.4296875,-0.05859375,-0.029296875
773,0.400390625,0.390625,-0.068359375,-0.087890625
774,0.283203125,0.400390625,-0.048828125,-0.224609375
775,0.400390625,0.33203125,0.048828125,-0.05859375
776,0.439453125,0.390625,0.029296875,-0.068359375
777,0.41015625,0.361328125,-0.0390625,-0.263671875
778,0.29296875,0.3125,0.048828125,-0.029296875
779,0.37109375,0.4296875,-0.0390625,-0.126953125
780,0.4296875,0.3515625,0,-0.2734375
781,0.29296875,0.380859375,-0.048828125,-0.068359375
782,0.380859375,0.419921875,0.0390625,-0.05859375
783,0.41015625,0.439453125,0.009765625,0.068359375
784,0.29296875,0.439453125,0.048828125,-0.078125
785,0.400390625,0.52734375,0.01953125,-0.087890625
786,0.380859375,0.380859375,0.009765625,0.09765625
787,0.4296875,0.390625,0.05859375,-0.05859375
788,0.4296875,0.615234375,0.029296875,-0.05859375
789,0.556640625,0.380859375,0.0390625,-0.146484375
790,0.322265625,0.390625,0.029296875,-0.078125
791,0.400390625,0.498046875,0.068359375,-0.01953125
792,0.37109375,0.37109375,-0.01953125,-0.205078125
793,0.44921875,0.4296875,0.009765625,-0.078125
794,0.390625,0.17578125,0.0390625,-0.029296875
795,0.41015625,0.3515625,0.0390625,-0.15625
796,0.46875,0.4296875,-0.01953125,-0.048828125
797,0.41015625,0.185546875,-0.0390625,-0.126953125
798,0.46875,0.390625,0.01953125,0.0390625
799,0.390625,0.341796875,-0.048828125,0.09765625
800,0.341796875,0.5078125,-0.09765625,-0.05859375
801,0.390625,0.400390625,0.01953125,-0.009765625
802,0.400390625,0.41015625,-0.029296875,-0.078125
803,0.390625,0.46875,-0.126953125,-0.009765625
804,0.390625,0.37109375,0,0
805,0.380859375,0.400390625,-0.01953125,-0.087890625
806,0.400390625,0.46875,0.078125,-0.029296875
807,0.419921875,0.361328125,0.078125,-0.0390625
808,0.390625,0.4296875,0.048828125,-0.05859375
809,0.361328125,0.322265625,0.078125,-0.048828125
810,0.361328125,0.419921875,0.068359375,-0.09765625
811,0.37109375,0.3515625,0.078125,-0.126953125
812,0.41015625,0.3125,0,-0.05859375
813,0.322265625,0.361328125,0.087890625,-0.048828125
814,0.380859375,0.3515625,-0.048828125,0
815,0.380859375,0.390625,0.009765625,-0.09765625
816,0.380859375,0.380859375,-0.166015625,0
817,0.44921875,0.390625,0,-0.01953125
818,0.498046875,0.361328125,-0.009765625,-0.068359375
819,0.419921875,0.380859375,-0.2734375,-0.048828125
820,0.419921875,0.37109375,0.087890625,-0.009765625
821,0.419921875,0.390625,0.01953125,-0.09765625
822,0.400390625,0.4296875,0.205078125,-0.05859375
823,0.3125,0.390625,0.009765625,-0.146484375
824,0.400390625,0.390625,0.009765625,-0.029296875
825,0.380859375,0.37109375,0.205078125,-0.126953125
826,0.380859375,0.390625,0,-0.17578125
827,0.33203125,0.390625,0.09765625,-0.078125
828,0.380859375,0.400390625,0.17578125,-0.048828125
829,0.302734375,0.390625,0.029296875,0.009765625
830,0.400390625,0.41015625,-0.009765625,0
831,0.458984375,0.400390625,-0.2734375,0
832,0.419921875,0.41015625,-0.068359375,0.048828125
833,0.361328125,0.390625,0.01953125,-0.068359375
834,0.37109375,0.234375,-0.2734375,-0.05859375
835,0.37109375,0.41015625,0.068359375,0.0390625
836,0.400390625,0.419921875,-0.029296875,-0.05859375
837,0.3515625,0.234375,0.146484375,-0.048828125
838,0.380859375,0.361328125,-0.01953125,-0.126953125
839,0.400390625,0.439453125,0.0390625,-0.078125
840,0.419921875,0.56640625,0.244140625,-0.087890625
841,0.41015625,0.390625,0.009765625,-0.126953125
842,0.44921875,0.361328125,0.029296875,-0.01953125
843,0.361328125,0.546875,0.185546875,-0.048828125
844,0.41015625,0.37109375,0.029296875,0.068359375
845,0.52734375,0.41015625,-0.029296875,-0.107421875
846,0.361328125,0.537109375,-0.09765625,-0.09765625
847,0.33203125,0.439453125,0.029296875,0.1171875
848,0.3125,0.400390625,0.01953125,-0.029296875
849,0.3515625,0.400390625,-0.13671875,-0.048828125
850,0.361328125,0.390625,0.01953125,-0.009765625
851,0.3515625,0.37109375,0.068359375,-0.0390625
852,0.380859375,0.37109375,0.126953125,-0.078125
853,0.361328125,0.390625,0.0390625,-0.15625
854,0.33203125,0.390625,0.05859375,-0.029296875
855,0.4296875,0.361328125,0.078125,-0.107421875
856,0.37109375,0.380859375,-0.01953125,-0.224609375
857,0.44921875,0.37109375,0.029296875,-0.107421875
858,0.29296875,0.25390625,0.13671875,-0.01953125
859,0.576171875,0.4296875,0.01953125,0.0390625
860,0.5078125,0.439453125,0.048828125,-0.13671875
861,0.400390625,0.224609375,-0.0390625,-0.0390625
862,0.361328125,0.390625,0.068359375,0.068359375
863,0.361328125,0.478515625,0.01953125,-0.107421875
864,0.400390625,0.556640625,-0.029296875,-0.048828125
865,0.302734375,0.380859375,0.166015625,0.05859375
866,0.283203125,0.41015625,-0.029296875,-0.09765625
867,0.37109375,0.5078125,0.048828125,-0.029296875
868,0.400390625,0.390625,0.15625,-0.146484375
869,0.322265625,0.400390625,0.126953125,0.01953125
870,0.37109375,0.3125,0.107421875,-0.087890625
871,0.380859375,0.33203125,-0.087890625,-0.244140625
872,0.390625,0.400390625,0.009765625,0.087890625
873,0.44921875,0.33203125,0.01953125,-0.068359375
874,0.546875,0.380859375,-0.087890625,0.009765625
875,0.4296875,0.390625,0.068359375,0.15625
876,0.458984375,0.3125,0.009765625,-0.0390625
877,0.37109375,0.3515625,0.1171875,-0.009765625
878,0.380859375,0.41015625,0.01953125,-0.029296875
879,0.361328125,0.380859375,-0.087890625,-0.13671875
880,0.390625,0.361328125,0.087890625,-0.0390625
881,0.341796875,0.3125,0.01953125,-0.126953125
882,0.341796875,0.390625,0.01953125,-0.0390625
883,0.41015625,0.380859375,0.126953125,-0.078125
884,0.400390625,0.439453125,0.068359375,-0.146484375
885,0.419921875,0.3515625,-0.01953125,-0.0390625
886,0.41015625,0.341796875,-0.01953125,-0.05859375
887,0.3515625,0.37109375,0,-0.0390625
888,0.302734375,0.390625,0.029296875,-0.048828125
889,0.41015625,0.380859375,0,0.009765625
890,0.498046875,0.322265625,-0.01953125,-0.087890625
891,0.361328125,0.400390625,-0.009765625,-0.029296875
892,0.419921875,0.33203125,-0.009765625,-0.05859375
893,0.380859375,0.341796875,-0.009765625,-0.009765625
894,0.41015625,0.3515625,-0.009765625,-0.05859375
895,0.41015625,0.322265625,-0.029296875,0.029296875
896,0.390625,0.380859375,0.029296875,-0.029296875
897,0.390625,0.37109375,0.01953125,-0.087890625
898,0.400390625,0.400390625,-0.0390625,-0.068359375
899,0.478515625,0.419921875,0.068359375,-0.078125
900,0.41015625,0.37109375,0.048828125,-0.01953125
901,0.4296875,0.6640625,-0.009765625,-0.009765625
902,0.361328125,0.322265625,-0.009765625,-0.05859375
903,0.380859375,0.37109375,0.009765625,0.01953125
904,0.37109375,0.478515625,0.068359375,-0.0390625
905,0.439453125,0.3515625,0.01953125,-0.078125
906,0.44921875,0.41015625,-0.01953125,-0.068359375
907,0.4296875,0.46875,0.01953125,-0.0390625
908,0.390625,0.3515625,0,-0.0390625
909,0.4296875,0.37109375,0,-0.01953125
910,0.44921875,0.33203125,-0.078125,-0.048828125
911,0.48828125,0.361328125,-0.068359375,-0.087890625
912,0.263671875,0.4296875,-0.01953125,-0.01953125
913,0.41015625,0.3125,0,-0.09765625
914,0.380859375,0.37109375,-0.048828125,-0.09765625
915,0.234375,0.419921875,-0.0390625,-0.087890625
916,0.419921875,0.380859375,-0.009765625,-0.078125
917,0.4296875,0.41015625,0.029296875,-0.068359375
918,0.546875,0.361328125,0.0390625,0.107421875
919,0.498046875,0.390625,0.09765625,-0.048828125
920,0.4296875,0.400390625,-0.009765625,-0.126953125
921,0.498046875,0.380859375,-0.01953125,0.05859375
922,0.400390625,0.361328125,-0.068359375,-0.0390625
923,0.380859375,0.37109375,0.009765625,-0.029296875
924,0.46875,0.380859375,0.0390625,-0.263671875
925,0.439453125,0.400390625,0,-0.05859375
926,0.380859375,0.37109375,0.048828125,0.009765625
927,0.25390625,0.400390625,-0.087890625,-0.2734375
928,0.361328125,0.390625,-0.05859375,-0.126953125
929,0.341796875,0.361328125,0.05859375,-0.078125
930,0.1953125,0.400390625,-0.029296875,-0.263671875
931,0.419921875,0.361328125,0.068359375,-0.078125
932,0.400390625,0.439453125,-0.17578125,-0.09765625
933,0.556640625,0.419921875,-0.0390625,0.185546875
934,0.41015625,0.37109375,0.1171875,-0.05859375
935,0.419921875,0.400390625,-0.13671875,-0.0390625
936,0.52734375,0.380859375,0.01953125,0.1171875
937,0.41015625,0.322265625,-0.029296875,0.009765625
938,0.48828125,0.380859375,-0.1953125,-0.1171875
939,0.46875,0.3515625,0.029296875,-0.224609375
940,0.41015625,0.4296875,-0.009765625,-0.0390625
941,0.44921875,0.400390625,0.126953125,-0.078125
942,0.37109375,0.2734375,-0.0390625,-0.234375
943,0.419921875,0.3515625,-0.048828125,0.01953125
944,0.390625,0.380859375,0.1953125,-0.0390625
945,0.25390625,0.33203125,-0.009765625,-0.1171875
946,0.390625,0.41015625,0,-0.009765625
947,0.390625,0.390625,-0.107421875,-0.009765625
948,0.458984375,0.390625,-0.009765625,0.068359375
949,0.341796875,0.341796875,0,-0.05859375
950,0.400390625,0.322265625,-0.087890625,-0.01953125
951,0.380859375,0.380859375,0.048828125,0.009765625
952,0.41015625,0.419921875,-0.068359375,-0.234375
953,0.439453125,0.2734375,-0.244140625,-0.068359375
954,0.400390625,0.33203125,-0.01953125,-0.107421875
955,0.439453125,0.3515625,0.048828125,-0.048828125
956,0.44921875,0.341796875,0.17578125,-0.0390625
957,0.458984375,0.458984375,0.01953125,-0.087890625
958,0.400390625,0.439453125,0.048828125,-0.068359375
959,0.44921875,0.673828125,0.166015625,-0.048828125
960,0.400390625,0.380859375,0.01953125,-0.048828125
961,0.439453125,0.37109375,-0.029296875,-0.068359375
962,0.41015625,0.517578125,-0.1953125,-0.05859375
963,0.380859375,0.361328125,-0.009765625,-0.048828125
964,0.419921875,0.419921875,0.029296875,0
965,0.361328125,0.46875,-0.15625,-0.068359375
966,0.341796875,0.33203125,0,0.01953125
967,0.3125,0.400390625,-0.029296875,-0.009765625
968,0.400390625,0.4296875,-0.107421875,-0.029296875
969,0.419921875,0.37109375,0,-0.146484375
970,0.2734375,0.3125,0,-0.05859375
971,0.419921875,0.439453125,0.13671875,-0.048828125
972,0.4296875,0.37109375,-0.107421875,-0.146484375
973,0.5078125,0.37109375,0.029296875,-0.048828125
974,0.44921875,0.458984375,0.126953125,-0.029296875
975,0.380859375,0.380859375,0,-0.1953125
976,0.52734375,0.419921875,0.05859375,-0.0390625
977,0.37109375,0.390625,-0.0390625,-0.009765625
978,0.390625,0.3515625,-0.0390625,0.09765625
979,0.46875,0.380859375,0.048828125,-0.0390625
980,0.390625,0.29296875,0.05859375,0.009765625
981,0.4296875,0.361328125,-0.029296875,0
982,0.361328125,0.322265625,-0.048828125,-0.107421875
983,0.41015625,0.37109375,0,-0.048828125
984,0.419921875,0.400390625,-0.01953125,-0.185546875
985,0.3125,0.41015625,0.009765625,-0.068359375
986,0.419921875,0.361328125,0.068359375,-0.048828125
987,0.322265625,0.341796875,0.09765625,-0.13671875
988,0.4296875,0.37109375,0.048828125,-0.048828125
989,0.3515625,0.478515625,0.048828125,-0.05859375
990,0.41015625,0.41015625,0.146484375,-0.107421875
991,0.419921875,0.390625,0.05859375,-0.185546875
992,0.4296875,0.361328125,0.0390625,-0.068359375
993,0.322265625,0.302734375,0.1171875,-0.068359375
994,0.419921875,0.400390625,0.009765625,0.21484375
995,0.37109375,0.283203125,-0.068359375,-0.048828125
996,0.419921875,0.390625,-0.17578125,-0.0390625
997,0.3515625,0.33203125,0.048828125,0.17578125
998,0.37109375,0.244140625,0.0390625,-0.05859375
999,0.361328125,0.37109375,-0.224609375,-0.048828125
1000,0.361328125,0.37109375,0.009765625,0.17578125
1001,0.439453125,0.33203125,-0.009765625,-0.009765625
1002,0.37109375,0.400390625,0.1171875,-0.068359375
1003,0.390625,0.37109375,0.068359375,-0.25390625
1004,0.37109375,0.44921875,0.0390625,-0.0390625
1005,0.419921875,0.4296875,0.13671875,-0.05859375
1006,0.322265625,0.380859375,0.01953125,-0.244140625
1007,0.361328125,0.439453125,0.029296875,-0.048828125
1008,0.3515625,0.322265625,0.15625,-0.029296875
1009,0.458984375,0.361328125,-0.05859375,0.3125
1010,0.341796875,0.37109375,0.009765625,-0.05859375
1011,0.498046875,0.4296875,-0.0390625,0
1012,0.361328125,0.400390625,0.029296875,0.21484375
1013,0.615234375,0.390625,-0.029296875,-0.048828125
1014,0.341796875,0.625,-0.078125,-0.09765625
1015,0.380859375,0.361328125,0.009765625,0.185546875
1016,0.615234375,0.37109375,0.068359375,-0.087890625
1017,0.390625,0.615234375,0.087890625,-0.078125
1018,0.41015625,0.37109375,0.05859375,-0.341796875
1019,0.576171875,0.244140625,0.029296875,0.048828125
1020,0.400390625,0.09765625,0.13671875,0.009765625
1021,0.390625,0.41015625,-0.048828125,-0.1953125
1022,0.224609375,0.3515625,0,-0.01953125
1023,0.419921875,0.13671875,0.107421875,-0.048828125
1024,0.4296875,0.37109375,0.009765625,0.05859375
1025,0.29296875,0.4296875,0,-0.048828125
1026,0.380859375,0.244140625,-0.15625,-0.087890625
1027,0.400390625,0.322265625,-0.029296875,0.1171875
1028,0.390625,0.419921875,0,-0.05859375
1029,0.3515625,0.556640625,-0.087890625,-0.107421875
1030,0.390625,0.390625,0.009765625,0
1031,0.41015625,0.380859375,0.068359375,-0.048828125
1032,0.4296875,0.46875,0.21484375,-0.126953125
1033,0.37109375,0.361328125,0.0390625,-0.17578125
1034,0.44921875,0.380859375,0.048828125,-0.048828125
1035,0.400390625,0.25390625,0.078125,-0.0390625
1036,0.400390625,0.390625,0.048828125,-0.107421875
1037,0.44921875,0.400390625,0.0390625,-0.029296875
1038,0.41015625,0.380859375,0.185546875,-0.048828125
1039,0.46875,0.37109375,-0.01953125,0.0390625
1040,0.46875,0.419921875,-0.009765625,-0.068359375
1041,0.361328125,0.3515625,-0.078125,-0.01953125
1042,0.390625,0.419921875,-0.01953125,-0.01953125
1043,0.263671875,0.3125,0.01953125,-0.087890625
1044,0.33203125,0.380859375,-0.087890625,-0.05859375
1045,0.390625,0.41015625,-0.009765625,-0.01953125
1046,0.361328125,0.380859375,0.029296875,-0.0390625
1047,0.400390625,0.361328125,0.087890625,-0.078125
1048,0.37109375,0.4296875,0.029296875,-0.068359375
1049,0.302734375,0.41015625,0,-0.009765625
1050,0.419921875,0.380859375,0.09765625,-0.087890625
1051,0.37109375,0.400390625,0.009765625,-0.107421875
1052,0.48828125,0.400390625,0.009765625,-0.009765625
1053,0.400390625,0.419921875,0.126953125,-0.0390625
1054,0.3125,0.361328125,0.029296875,-0.078125
1055,0.458984375,0.361328125,0.01953125,-0.048828125
1056,0.4296875,0.341796875,-0.078125,-0.068359375
1057,0.419921875,0.361328125,-0.068359375,-0.048828125
1058,0.33203125,0.380859375,0.029296875,-0.09765625
1059,0.419921875,0.380859375,-0.01953125,-0.01953125
1060,0.41015625,0.419921875,-0.029296875,-0.0390625
1061,0.390625,0.37109375,-0.009765625,-0.15625
1062,0.439453125,0.380859375,0.01953125,-0.048828125
1063,0.419921875,0.41015625,0.078125,-0.05859375
1064,0.400390625,0.283203125,0.029296875,-0.01953125
1065,0.458984375,0.419921875,-0.029296875,-0.068359375
1066,0.41015625,0.37109375,0.029296875,-0.05859375
1067,0.302734375,0.41015625,0.087890625,-0.009765625
1068,0.41015625,0.41015625,0.009765625,-0.048828125
1069,0.390625,0.361328125,0,-0.078125
1070,0.400390625,0.37109375,0.009765625,-0.09765625
1071,0.439453125,0.380859375,0.087890625,-0.05859375
1072,0.41015625,0.361328125,-0.01953125,-0.05859375
1073,0.458984375,0.44921875,0.01953125,-0.029296875
1074,0.390625,0.361328125,0.029296875,-0.048828125
1075,0.41015625,0.390625,-0.05859375,-0.05859375
1076,0.46875,0.390625,-0.009765625,-0.068359375
1077,0.498046875,0.390625,-0.0390625,-0.068359375
1078,0.419921875,0.37109375,-0.009765625,-0.01953125
1079,0.478515625,0.419921875,0.126953125,-0.107421875
1080,0.2734375,0.3515625,-0.009765625,-0.068359375
1081,0.419921875,0.37109375,0,-0.048828125
1082,0.37109375,0.390625,-0.01953125,-0.0390625
1083,0.361328125,0.439453125,0.029296875,-0.048828125
1084,0.400390625,0.087890625,0.009765625,-0.05859375
1085,0.37109375,0.390625,0.029296875,-0.107421875
1086,0.41015625,0.390625,0.01953125,-0.029296875
1087,0.37109375,0.009765625,0.01953125,-0.0390625
1088,0.380859375,0.390625,-0.01953125,-0.107421875
1089,0.41015625,0.41015625,0.05859375,-0.09765625
1090,0.41015625,0.64453125,0.0390625,-0.029296875
1091,0.341796875,0.400390625,0.029296875,-0.09765625
1092,0.41015625,0.41015625,0.087890625,-0.078125
1093,0.400390625,0.48828125,0.0390625,0.009765625
1094,0.3515625,0.400390625,0.009765625,0.0390625
1095,0.33203125,0.361328125,0.01953125,-0.078125
1096,0.390625,0.48828125,-0.087890625,-0.05859375
1097,0.41015625,0.380859375,0.01953125,-0.05859375
1098,0.419921875,0.37109375,-0.009765625,-0.01953125
1099,0.380859375,0.244140625,-0.087890625,-0.029296875
1100,0.4296875,0.3515625,0,-0.009765625
1101,0.37109375,0.3515625,0.048828125,-0.009765625
1102,0.380859375,0.3125,0.029296875,-0.029296875
1103,0.3515625,0.361328125,0,-0.09765625
1104,0.400390625,0.380859375,0,-0.087890625
1105,0.4296875,0.546875,0.0390625,-0.05859375
1106,0.400390625,0.37109375,0.205078125,0.01953125
1107,0.400390625,0.4296875,0.029296875,-0.068359375
1108,0.400390625,0.546875,0.029296875,-0.068359375
1109,0.400390625,0.37109375,0.1953125,-0.048828125
1110,0.419921875,0.361328125,0,-0.068359375
1111,0.419921875,0.5859375,0.01953125,-0.05859375
1112,0.556640625,0.4296875,-0.1953125,-0.087890625
1113,0.4296875,0.4296875,-0.009765625,-0.0390625
1114,0.44921875,0.29296875,0,-0.009765625
1115,0.390625,0.3515625,-0.205078125,-0.087890625
1116,0.37109375,0.37109375,-0.029296875,-0.009765625
1117,0.390625,0.263671875,0.05859375,-0.05859375
1118,0.419921875,0.37109375,-0.126953125,0.05859375
1119,0.4296875,0.380859375,0.126953125,-0.185546875
1120,0.37109375,0.478515625,0,-0.05859375
1121,0.400390625,0.390625,0.185546875,-0.029296875
1122,0.41015625,0.400390625,0.009765625,-0.146484375
1123,0.390625,0.5078125,0.01953125,-0.009765625
1124,0.44921875,0.41015625,0.234375,-0.05859375
1125,0.439453125,0.3125,0.087890625,-0.234375
1126,0.41015625,0.44921875,-0.009765625,-0.0390625
1127,0.37109375,0.380859375,-0.087890625,-0.048828125
1128,0.46875,0.419921875,-0.01953125,0.1171875
1129,0.439453125,0.3515625,0.009765625,-0.05859375
1130,0.400390625,0.380859375,-0.09765625,-0.009765625
1131,0.400390625,0.390625,0.01953125,0.09765625
1132,0.44921875,0.400390625,0.01953125,-0.068359375
1133,0.458984375,0.3125,-0.126953125,-0.13671875
1134,0.41015625,0.380859375,0.029296875,-0.263671875
1135,0.41015625,0.41015625,0,-0.0390625
1136,0.4296875,0.390625,0.048828125,-0.0390625
1137,0.41015625,0.380859375,0.01953125,-0.263671875
1138,0.322265625,0.400390625,0,-0.048828125
1139,0.390625,0.400390625,0.15625,-0.048828125
1140,0.341796875,0.400390625,-0.09765625,-0.234375
1141,0.205078125,0.4296875,-0.13671875,-0.009765625
1142,0.390625,0.5078125,-0.126953125,-0.107421875
1143,0.400390625,0.390625,0.0390625,0.126953125
1144,0.234375,0.283203125,0.0390625,-0.09765625
1145,0.380859375,0.44921875,-0.078125,-0.01953125
1146,0.400390625,0.390625,0.009765625,0.048828125
1147,0.673828125,0.322265625,0.05859375,-0.05859375
1148,0.380859375,0.37109375,-0.087890625,-0.048828125
1149,0.390625,0.3125,-0.029296875,-0.15625
1150,0.52734375,0.44921875,0,-0.01953125
1151,0.439453125,0.41015625,0.166015625,-0.1171875
1152,0.419921875,0.3515625,0.029296875,-0.166015625
1153,0.302734375,0.44921875,0.01953125,-0.05859375
1154,0.390625,0.283203125,0.1171875,-0.068359375
1155,0.390625,0.390625,-0.0390625,-0.146484375
1156,0.33203125,0.341796875,0.01953125,-0.029296875
1157,0.390625,0.41015625,-0.1171875,-0.05859375
1158,0.361328125,0.41015625,0.009765625,0.01953125
1159,0.25390625,0.439453125,-0.05859375,0.166015625
1160,0.46875,0.458984375,0,0.01953125
1161,0.400390625,0.3515625,0.029296875,0.068359375
1162,0.439453125,0.263671875,0.05859375,0.01953125
1163,0.3515625,0.419921875,-0.15625,-0.078125
1164,0.390625,0.400390625,-0.01953125,-0.107421875
1165,0.41015625,0.419921875,0.029296875,0.078125
1166,0.41015625,0.439453125,0.078125,-0.0390625
1167,0.46875,0.361328125,0.126953125,-0.09765625
1168,0.322265625,0.41015625,0.048828125,-0.126953125
1169,0.37109375,0.3515625,0.126953125,-0.048828125
1170,0.4296875,0.390625,0.146484375,-0.107421875
1171,0.361328125,0.390625,-0.0390625,-0.1171875
1172,0.439453125,0.439453125,-0.048828125,-0.048828125
1173,0.439453125,0.380859375,0.146484375,-0.0390625
1174,0.3125,0.380859375,0.009765625,0.078125
1175,0.390625,0.37109375,0.01953125,-0.1171875
1176,0.400390625,0.400390625,-0.15625,0
1177,0.4296875,0.419921875,-0.009765625,0.068359375
1178,0.400390625,0.3125,0,-0.15625
1179,0.380859375,0.4296875,-0.185546875,-0.048828125
1180,0.48828125,0.380859375,0,0.068359375
1181,0.458984375,0.3515625,-0.01953125,-0.166015625
1182,0.44921875,0.37109375,0.25390625,-0.068359375
1183,0.29296875,0.361328125,-0.01953125,-0.166015625
1184,0.390625,0.37109375,0.029296875,-0.029296875
1185,0.400390625,0.419921875,0.205078125,-0.05859375
1186,0.361328125,0.419921875,0.05859375,-0.21484375
1187,0.419921875,0.400390625,-0.01953125,-0.05859375
1188,0.380859375,0.341796875,0.1953125,-0.087890625
1189,0.33203125,0.37109375,-0.009765625,0.01953125
1190,0.3515625,0.33203125,0.029296875,-0.09765625
1191,0.37109375,0.380859375,-0.107421875,-0.01953125
1192,0.37109375,0.41015625,0.009765625,0.0390625
1193,0.44921875,0.41015625,-0.009765625,-0.048828125
1194,0.380859375,0.1953125,-0.068359375,-0.048828125
1195,0.458984375,0.390625,0.01953125,0.05859375
1196,0.517578125,0.41015625,0.087890625,-0.0390625
1197,0.4296875,0.263671875,0.09765625,-0.068359375
1198,0.37109375,0.4296875,-0.048828125,0
1199,0.458984375,0.29296875,0.048828125,-0.13671875
1200,0.380859375,0.5078125,0.13671875,-0.05859375
1201,0.380859375,0.400390625,0.009765625,-0.09765625
1202,0.33203125,0.380859375,0,-0.01953125
1203,0.419921875,0.48828125,0.185546875,-0.048828125
1204,0.37109375,0.400390625,-0.01953125,0
1205,0.400390625,0.41015625,0.01953125,-0.068359375
1206,0.390625,0.4296875,-0.09765625,-0.029296875
1207,0.37109375,0.3515625,-0.0390625,0
1208,0.400390625,0.3515625,0.029296875,-0.068359375
1209,0.41015625,0.21484375,-0.107421875,-0.05859375
1210,0.400390625,0.341796875,0,0.009765625
1211,0.37109375,0.380859375,0.01953125,-0.0390625
1212,0.400390625,0.224609375,0.0390625,-0.0390625
1213,0.322265625,0.400390625,0.01953125,-0.17578125
1214,0.37109375,0.380859375,0.09765625,-0.107421875
1215,0.3515625,0.37109375,0.107421875,-0.068359375
1216,0.361328125,0.341796875,0,-0.17578125
1217,0.4296875,0.48828125,-0.009765625,-0.09765625
1218,0.37109375,0.3515625,0.05859375,-0.05859375
1219,0.478515625,0.380859375,-0.029296875,0.13671875
1220,0.4296875,0.302734375,-0.048828125,-0.048828125
1221,0.41015625,0.390625,-0.029296875,-0.078125
1222,0.380859375,0.37109375,0.048828125,0.048828125
1223,0.37109375,0.37109375,0.009765625,-0.078125
1224,0.380859375,0.48828125,0.01953125,-0.009765625
1225,0.419921875,0.400390625,0.029296875,0.0390625
1226,0.46875,0.341796875,0.0390625,-0.029296875
1227,0.400390625,0.546875,0,-0.078125
1228,0.390625,0.341796875,0.048828125,-0.146484375
1229,0.41015625,0.341796875,0.01953125,-0.009765625
1230,0.390625,0.4296875,0,-0.0390625
1231,0.33203125,0.380859375,-0.09765625,-0.1953125
1232,0.400390625,0.302734375,0.009765625,-0.029296875
1233,0.419921875,0.390625,0.048828125,-0.107421875
1234,0.400390625,0.41015625,-0.185546875,0
1235,0.41015625,0.458984375,0,-0.126953125
1236,0.361328125,0.25390625,-0.029296875,-0.01953125
1237,0.419921875,0.380859375,0.068359375,-0.01953125
1238,0.390625,0.37109375,0.029296875,0
1239,0.390625,0.4296875,0.009765625,-0.146484375
1240,0.41015625,0.41015625,0.05859375,-0.009765625
1241,0.390625,0.361328125,-0.009765625,-0.205078125
1242,0.400390625,0.33203125,-0.009765625,-0.048828125
1243,0.400390625,0.4296875,0.05859375,-0.029296875
1244,0.380859375,0.390625,-0.009765625,-0.15625
1245,0.390625,0.361328125,0.01953125,-0.05859375
1246,0.419921875,0.380859375,0.087890625,-0.05859375
1247,0.380859375,0.37109375,0.029296875,-0.146484375
1248,0.41015625,0.400390625,0.009765625,-0.05859375
1249,0.390625,0.3515625,-0.029296875,-0.068359375
1250,0.478515625,0.380859375,0,-0.09765625
1251,0.419921875,0.400390625,0.068359375,0.009765625
1252,0.400390625,0.37109375,0,-0.126953125
1253,0.390625,0.390625,-0.048828125,-0.078125
1254,0.44921875,0.380859375,-0.029296875,-0.13671875
1255,0.44921875,0.3125,0.01953125,-0.0390625
1256,0.3125,0.37109375,-0.0390625,-0.087890625
1257,0.41015625,0.33203125,0,-0.05859375
1258,0.419921875,0.25390625,0.009765625,-0.01953125
1259,0.37109375,0.4296875,0,-0.01953125
1260,0.390625,0.361328125,-0.0390625,-0.009765625
1261,0.439453125,0.15625,0.01953125,-0.01953125
1262,0.4296875,0.302734375,-0.009765625,0.009765625
1263,0.458984375,0.37109375,0,-0.068359375
1264,0.361328125,0.4296875,0.068359375,-0.048828125
1265,0.419921875,0.37109375,0,0.029296875
1266,0.400390625,0.390625,0.0390625,-0.107421875
1267,0.37109375,0.380859375,0.05859375,-0.01953125
1268,0.46875,0.44921875,-0.048828125,-0.126953125
1269,0.478515625,0.419921875,0.068359375,-0.029296875
1270,0.439453125,0.458984375,0.05859375,-0.09765625
1271,0.439453125,0.390625,-0.078125,-0.029296875
1272,0.166015625,0.44921875,-0.009765625,-0.009765625
1273,0.37109375,0.44921875,0.13671875,-0.1171875
1274,0.400390625,0.361328125,-0.009765625,-0.0390625
1275,0.21484375,0.390625,-0.009765625,-0.048828125
1276,0.419921875,0.48828125,-0.107421875,-0.068359375
1277,0.439453125,0.341796875,-0.009765625,-0.029296875
1278,0.517578125,0.44921875,0,0.126953125
1279,0.41015625,0.361328125,-0.029296875,-0.0390625
1280,0.3515625,0.361328125,0.05859375,0
1281,0.60546875,0.48828125,-0.05859375,0.1171875
1282,0.380859375,0.29296875,0.0390625,-0.048828125
1283,0.41015625,0.439453125,-0.029296875,-0.0390625
1284,0.595703125,0.41015625,0.01953125,-0.21484375
1285,0.41015625,0.458984375,0.0390625,-0.0390625
1286,0.380859375,0.37109375,0,-0.05859375
1287,0.2734375,0.380859375,0,-0.263671875
1288,0.419921875,0.419921875,0.05859375,-0.1171875
1289,0.4296875,0.263671875,0.01953125,-0.048828125
1290,0.224609375,0.390625,0.05859375,-0.302734375
1291,0.390625,0.419921875,-0.029296875,-0.126953125
1292,0.41015625,0.37109375,-0.126953125,0
1293,0.537109375,0.41015625,-0.01953125,0.205078125
1294,0.41015625,0.380859375,0.01953125,-0.05859375
1295,0.458984375,0.380859375,-0.146484375,-0.05859375
1296,0.458984375,0.341796875,0,0.13671875
1297,0.380859375,0.380859375,0,-0.05859375
1298,0.419921875,0.380859375,-0.15625,-0.048828125
1299,0.478515625,0.361328125,0.107421875,-0.205078125
1300,0.46875,0.322265625,-0.068359375,-0.05859375
1301,0.390625,0.400390625,0.1953125,-0.068359375
1302,0.341796875,0.37109375,0.05859375,-0.224609375
1303,0.390625,0.419921875,-0.009765625,-0.107421875
1304,0.400390625,0.390625,0.205078125,-0.087890625
1305,0.33203125,0.400390625,-0.0390625,-0.25390625
1306,0.41015625,0.400390625,0.05859375,-0.0390625
1307,0.400390625,0.33203125,-0.126953125,-0.078125
1308,0.4296875,0.361328125,-0.029296875,0.107421875
1309,0.439453125,0.380859375,0,-0.01953125
1310,0.400390625,0.361328125,-0.15625,-0.0390625
1311,0.439453125,0.380859375,0,0.029296875
1312,0.322265625,0.37109375,0.0390625,-0.1171875
1313,0.37109375,0.2734375,-0.21484375,-0.048828125
1314,0.4296875,0.37109375,0.029296875,-0.01953125
1315,0.41015625,0.37109375,0.048828125,-0.078125
1316,0.44921875,0.224609375,0.1953125,-0.09765625
1317,0.3125,0.4296875,0.01953125,-0.0390625
1318,0.4296875,0.419921875,0,-0.05859375
1319,0.41015625,0.576171875,0.17578125,-0.068359375
1320,0.41015625,0.3515625,0.107421875,0.048828125
1321,0.44921875,0.390625,-0.009765625,-0.048828125
1322,0.37109375,0.625,-0.078125,-0.107421875
1323,0.419921875,0.37109375,-0.029296875,0.1171875
1324,0.44921875,0.361328125,-0.009765625,-0.078125
1325,0.400390625,0.37109375,-0.1171875,-0.048828125
1326,0.419921875,0.44921875,-0.009765625,0.09765625
1327,0.390625,0.400390625,-0.009765625,-0.078125
1328,0.439453125,0.302734375,-0.068359375,-0.048828125
1329,0.439453125,0.439453125,0.029296875,-0.17578125
1330,0.29296875,0.41015625,0.0390625,-0.048828125
1331,0.419921875,0.44921875,0.087890625,-0.068359375
1332,0.400390625,0.4296875,-0.05859375,-0.21484375
1333,0.419921875,0.380859375,0.048828125,-0.048828125
1334,0.400390625,0.380859375,0.1171875,-0.048828125
1335,0.3515625,0.380859375,-0.029296875,-0.15625
1336,0.41015625,0.439453125,0.009765625,-0.05859375
1337,0.400390625,0.478515625,-0.09765625,-0.09765625
1338,0.41015625,0.341796875,-0.0390625,0.107421875
1339,0.419921875,0.380859375,0.009765625,-0.107421875
1340,0.41015625,0.224609375,-0.01953125,-0.048828125
1341,0.41015625,0.390625,-0.1171875,0.1171875
1342,0.439453125,0.37109375,0.048828125,-0.078125
1343,0.419921875,0.302734375,-0.068359375,-0.01953125
1344,0.380859375,0.41015625,-0.146484375,-0.1171875
1345,0.400390625,0.400390625,0,-0.05859375
1346,0.380859375,0.224609375,0.078125,-0.05859375
1347,0.439453125,0.322265625,0.126953125,-0.17578125
1348,0.41015625,0.419921875,0.01953125,-0.283203125
1349,0.322265625,0.56640625,0.029296875,-0.146484375
1350,0.37109375,0.361328125,0.146484375,-0.087890625
1351,0.4296875,0.33203125,0.029296875,-0.029296875
1352,0.400390625,0.46875,-0.01953125,-0.01953125
1353,0.48828125,0.400390625,0.1171875,-0.009765625
1354,0.400390625,0.419921875,0.05859375,0.17578125
1355,0.37109375,0.29296875,0.01953125,-0.107421875
1356,0.439453125,0.400390625,-0.2734375,-0.01953125
1357,0.37109375,0.380859375,0.01953125,0.078125
1358,0.380859375,0.25390625,0.01953125,-0.107421875
1359,0.419921875,0.419921875,-0.166015625,0
1360,0.41015625,0.390625,-0.05859375,0.09765625
1361,0.3515625,0.302734375,0.029296875,-0.048828125
1362,0.380859375,0.380859375,0.078125,-0.1171875
1363,0.400390625,0.3515625,0.009765625,-0.3125
1364,0.361328125,0.41015625,0.048828125,-0.078125
1365,0.390625,0.390625,0.126953125,-0.01953125
1366,0.46875,0.419921875,-0.029296875,-0.33203125
1367,0.33203125,0.4296875,0,-0.048828125
1368,0.41015625,0.400390625,0.107421875,-0.068359375
1369,0.361328125,0.302734375,0.01953125,0.1171875
1370,0.3125,0.361328125,0.029296875,-0.107421875
1371,0.361328125,0.439453125,-0.01953125,-0.05859375
1372,0.341796875,0.4296875,0.009765625,0.146484375
1373,0.52734375,0.361328125,0.087890625,-0.126953125
1374,0.400390625,0.33203125,-0.107421875,-0.078125
1375,0.380859375,0.302734375,0.0390625,-0.01953125
1376,0.41015625,0.41015625,-0.029296875,-0.078125
1377,0.390625,0.341796875,0.0390625,-0.068359375
1378,0.4296875,0.37109375,0.01953125,-0.0390625
1379,0.517578125,0.390625,0.1171875,-0.1171875
1380,0.37109375,0.322265625,0.05859375,-0.05859375
1381,0.439453125,0.4296875,-0.01953125,-0.146484375
1382,0.185546875,0.419921875,0,0
1383,0.41015625,0.3125,0.01953125,0.009765625
1384,0.41015625,0.37109375,-0.01953125,-0.009765625
1385,0.322265625,0.341796875,-0.009765625,-0.05859375
1386,0.419921875,0.126953125,0,-0.0390625
1387,0.380859375,0.48828125,0.0390625,0
1388,0.4296875,0.380859375,0,-0.068359375
1389,0.419921875,0.439453125,0.01953125,-0.087890625
1390,0.400390625,0.400390625,0.029296875,-0.05859375
1391,0.29296875,0.361328125,0.0390625,-0.01953125
1392,0.46875,0.44921875,0.087890625,-0.17578125
1393,0.361328125,0.3515625,0.048828125,-0.107421875
1394,0.41015625,0.380859375,-0.0390625,-0.107421875
1395,0.400390625,0.33203125,0.1171875,-0.01953125
1396,0.380859375,0.361328125,0.009765625,-0.126953125
1397,0.517578125,0.341796875,-0.068359375,-0.068359375
1398,0.439453125,0.341796875,0.1171875,-0.05859375
1399,0.419921875,0.44921875,0.068359375,0.087890625
1400,0.439453125,0.29296875,-0.01953125,-0.0390625
1401,0.41015625,0.3515625,-0.1171875,-0.048828125
1402,0.37109375,0.390625,-0.029296875,-0.029296875
1403,0.2734375,0.361328125,0,-0.25390625
1404,0.419921875,0.361328125,-0.087890625,-0.09765625
1405,0.390625,0.44921875,0.05859375,-0.05859375
1406,0.361328125,0.3515625,0.0390625,-0.107421875
1407,0.41015625,0.3515625,0.09765625,0
1408,0.361328125,0.3515625,0.0390625,-0.078125
1409,0.322265625,0.41015625,0.029296875,0.068359375
1410,0.419921875,0.419921875,0.087890625,-0.068359375
1411,0.4296875,0.400390625,0.05859375,-0.09765625
1412,0.419921875,0.380859375,-0.009765625,0.029296875
1413,0.390625,0.361328125,0.078125,-0.068359375
1414,0.341796875,0.37109375,0.029296875,-0.0390625
1415,0.400390625,0.3515625,-0.029296875,-0.01953125
1416,0.419921875,0.44921875,-0.048828125,-0.05859375
1417,0.41015625,0.341796875,-0.087890625,-0.009765625
1418,0.44921875,0.390625,0.01953125,-0.087890625
1419,0.302734375,0.390625,-0.0390625,0
1420,0.4296875,0.419921875,-0.146484375,-0.05859375
1421,0.4296875,0.37109375,0.107421875,-0.1171875
1422,0.380859375,0.3515625,0.048828125,-0.029296875
1423,0.419921875,0.37109375,-0.068359375,-0.146484375
1424,0.37109375,0.3515625,0.01953125,-0.05859375
1425,0.380859375,0.439453125,-0.009765625,-0.05859375
1426,0.380859375,0.400390625,0.126953125,0
1427,0.41015625,0.380859375,0.009765625,-0.009765625
1428,0.390625,0.380859375,0.029296875,-0.01953125
1429,0.4296875,0.390625,0.009765625,-0.078125
1430,0.380859375,0.380859375,-0.05859375,-0.1171875
1431,0.400390625,0.390625,0.029296875,-0.0390625
1432,0.37109375,0.380859375,-0.05859375,-0.048828125
1433,0.3125,0.4296875,-0.009765625,-0.029296875
1434,0.361328125,0.390625,0.009765625,-0.0390625
1435,0.4296875,0.46875,0.087890625,-0.0390625
1436,0.400390625,0.390625,0.009765625,-0.029296875
1437,0.263671875,0.41015625,0,-0.087890625
1438,0.37109375,0.458984375,-0.087890625,-0.048828125
1439,0.380859375,0.341796875,0.01953125,-0.087890625
1440,0.185546875,0.361328125,0.01953125,-0.0390625
1441,0.419921875,0.48828125,-0.068359375,-0.048828125
1442,0.41015625,0.37109375,0.009765625,-0.107421875
1443,0.625,0.390625,-0.01953125,-0.029296875
1444,0.419921875,0,-0.13671875,-0.068359375
1445,0.41015625,0.37109375,-0.0390625,-0.05859375
1446,0.517578125,0.37109375,0.029296875,-0.0390625
1447,0.4296875,-0.0390625,0.09765625,-0.05859375
1448,0.380859375,0.361328125,0,-0.126953125
1449,0.64453125,0.361328125,-0.009765625,-0.126953125
1450,0.380859375,0.60546875,0.068359375,-0.05859375
1451,0.439453125,0.419921875,0.029296875,-0.17578125
1452,0.29296875,0.400390625,0.048828125,-0.078125
1453,0.41015625,0.76171875,0.107421875,-0.009765625
1454,0.37109375,0.341796875,0.009765625,0.029296875
1455,0.224609375,0.41015625,0.009765625,-0.068359375
1456,0.439453125,0.732421875,-0.01953125,-0.05859375
1457,0.4296875,0.400390625,0.009765625,0.009765625
1458,0.41015625,0.380859375,0.048828125,0.0390625
1459,0.3125,0.146484375,-0.05859375,-0.0390625
1460,0.419921875,0.3515625,0.107421875,0.0390625
1461,0.48828125,0.4296875,0.009765625,-0.048828125
1462,0.390625,0.25390625,0.009765625,-0.05859375
1463,0.37109375,0.361328125,0.009765625,-0.107421875
1464,0.48828125,0.400390625,0.009765625,-0.107421875
1465,0.419921875,0.537109375,0.029296875,-0.05859375
1466,0.390625,0.400390625,0.166015625,-0.126953125
1467,0.322265625,0.419921875,0.009765625,-0.048828125
1468,0.400390625,0.576171875,0.068359375,-0.05859375
1469,0.380859375,0.37109375,0.146484375,-0.087890625
1470,0.3125,0.37109375,-0.01953125,-0.05859375
1471,0.341796875,0.52734375,0.05859375,-0.048828125
1472,0.41015625,0.400390625,-0.166015625,-0.068359375
1473,0.439453125,0.400390625,0.01953125,-0.09765625
1474,0.361328125,0.263671875,0.009765625,-0.009765625
1475,0.439453125,0.400390625,-0.146484375,-0.068359375
1476,0.4296875,0.361328125,0.009765625,-0.0390625
1477,0.439453125,0.390625,0.009765625,-0.048828125
1478,0.37109375,0.33203125,-0.205078125,-0.0390625
1479,0.517578125,0.380859375,0.048828125,-0.166015625
1480,0.3125,0.419921875,-0.009765625,-0.029296875
1481,0.380859375,0.400390625,0.185546875,-0.05859375
1482,0.41015625,0.390625,0,-0.17578125
1483,0.2734375,0.44921875,-0.009765625,-0.0390625
1484,0.41015625,0.380859375,0.17578125,0.01953125
1485,0.41015625,0.322265625,-0.048828125,-0.126953125
1486,0.361328125,0.419921875,0.009765625,-0.087890625
1487,0.390625,0.37109375,-0.009765625,-0.029296875
1488,0.37109375,0.37109375,0,0.0390625
1489,0.341796875,0.3515625,0.0390625,-0.09765625
1490,0.46875,0.41015625,0.009765625,0
1491,0.44921875,0.37109375,0,0.0390625
1492,0.52734375,0.41015625,0.05859375,-0.068359375
1493,0.390625,0.361328125,-0.0390625,-0.087890625
1494,0.41015625,0.361328125,0.009765625,-0.146484375
1495,0.615234375,0.400390625,0.048828125,-0.009765625
1496,0.400390625,0.400390625,0.15625,-0.087890625
1497,0.390625,0.3515625,0.078125,-0.1171875
1498,0.185546875,0.439453125,0,-0.029296875
1499,0.4296875,0.361328125,0.166015625,-0.087890625
1500,0.41015625,0.400390625,-0.009765625,-0.21484375
1501,0.1953125,0.400390625,0.009765625,-0.05859375
1502,0.400390625,0.3125,-0.126953125,-0.087890625
1503,0.44921875,0.37109375,0.009765625,0.048828125
1504,0.234375,0.41015625,0.01953125,-0.05859375
1505,0.419921875,0.078125,-0.205078125,0.009765625
1506,0.458984375,0.46875,-0.01953125,0.078125
1507,0.68359375,0.33203125,0.05859375,-0.078125
1508,0.380859375,0.322265625,-0.244140625,-0.1171875
1509,0.498046875,0.361328125,0,-0.1953125
1510,0.78125,0.4296875,0.0390625,-0.05859375
1511,0.41015625,0.17578125,0.185546875,-0.087890625
1512,0.341796875,0.361328125,0.087890625,-0.087890625
1513,0.13671875,0.41015625,0.048828125,-0.029296875
1514,0.44921875,0.4296875,0.1953125,-0.107421875
1515,0.361328125,0.3515625,0,-0.107421875
1516,0.283203125,0.4296875,-0.05859375,-0.05859375
1517,0.458984375,0.498046875,-0.15625,-0.0390625
1518,0.419921875,0.380859375,0,0.009765625
1519,0.1953125,0.341796875,-0.0390625,0.09765625
1520,0.400390625,0.322265625,-0.17578125,-0.078125
1521,0.41015625,0.361328125,0,0.0390625
1522,0.517578125,0.4296875,0,0.048828125
1523,0.390625,0.33203125,-0.1171875,-0.078125
1524,0.439453125,0.380859375,0.01953125,-0.126953125
1525,0.498046875,0.41015625,0,-0.01953125
1526,0.400390625,0.361328125,0.09765625,-0.029296875
1527,0.41015625,0.400390625,0.029296875,-0.126953125
1528,0.2734375,0.37109375,0.01953125,-0.224609375
1529,0.390625,0.458984375,0.146484375,-0.068359375
1530,0.41015625,0.361328125,0.078125,-0.107421875
1531,0.25390625,0.44921875,-0.009765625,-0.244140625
1532,0.361328125,0.41015625,0.01953125,-0.048828125
1533,0.458984375,0.380859375,0.048828125,-0.048828125
1534,0.29296875,0.400390625,-0.048828125,0.0390625
1535,0.37109375,0.390625,-0.068359375,-0.078125
1536,0.400390625,0.380859375,-0.09765625,-0.0390625
1537,0.46875,0.400390625,0.09765625,-0.048828125
1538,0.361328125,0.37109375,0.05859375,-0.01953125
1539,0.400390625,0.390625,-0.126953125,-0.01953125
1540,0.400390625,0.44921875,-0.029296875,0.029296875
1541,0.33203125,0.302734375,0.048828125,-0.107421875
1542,0.380859375,0.400390625,0.15625,0.01953125
1543,0.322265625,0.3515625,0.078125,-0.185546875
1544,0.46875,0.400390625,0.01953125,-0.029296875
1545,0.380859375,0.439453125,0.244140625,-0.068359375
1546,0.33203125,0.37109375,0.029296875,-0.1953125
1547,0.458984375,0.390625,0.0390625,-0.0390625
1548,0.380859375,0.400390625,0.17578125,-0.05859375
1549,0.283203125,0.400390625,0.009765625,0.01953125
1550,0.400390625,0.4296875,-0.0390625,0
1551,0.44921875,0.478515625,-0.166015625,-0.09765625
1552,0.419921875,0.419921875,0,0.01953125
1553,0.52734375,0.380859375,0.05859375,-0.05859375
1554,0.390625,0.37109375,-0.13671875,-0.048828125
1555,0.419921875,0.322265625,0.01953125,-0.029296875
1556,0.439453125,0.44921875,0.01953125,-0.078125
1557,0.390625,0.322265625,0.15625,-0.009765625
1558,0.439453125,0.361328125,0,-0.0390625
1559,0.478515625,0.283203125,-0.01953125,-0.087890625
1560,0.439453125,0.439453125,0.01953125,-0.087890625
1561,0.3515625,0.390625,-0.0390625,-0.146484375
1562,0.380859375,0.361328125,-0.029296875,-0.068359375
1563,0.400390625,0.458984375,0.05859375,-0.078125
1564,0.419921875,0.380859375,0.01953125,-0.05859375
1565,0.419921875,0.361328125,0,-0.068359375
1566,0.380859375,0.48828125,0.087890625,-0.09765625
1567,0.380859375,0.4296875,0.009765625,-0.01953125
1568,0.29296875,0.3515625,0,-0.068359375
1569,0.41015625,0.146484375,0.048828125,-0.09765625
1570,0.3515625,0.37109375,-0.048828125,-0.0390625
1571,0.283203125,0.390625,0.0390625,-0.078125
1572,0.41015625,0.17578125,0.01953125,-0.068359375
1573,0.44921875,0.400390625,0.0390625,-0.068359375
1574,0.263671875,0.4296875,0.146484375,-0.13671875
1575,0.390625,0.380859375,-0.0390625,-0.087890625
1576,0.44921875,0.41015625,-0.029296875,-0.078125
1577,0.380859375,0.390625,0,-0.029296875
1578,0.419921875,0.380859375,-0.078125,0.01953125
1579,0.380859375,0.380859375,0.029296875,0.087890625
1580,0.4296875,0.41015625,-0.01953125,-0.01953125
1581,0.390625,0.341796875,-0.029296875,-0.01953125
1582,0.44921875,0.380859375,0.029296875,-0.0390625
1583,0.400390625,0.380859375,-0.01953125,-0.048828125
1584,0.3515625,0.498046875,0.009765625,-0.068359375
1585,0.419921875,0.390625,0,0.01953125
1586,0.41015625,0.380859375,0.029296875,-0.048828125
1587,0.41015625,0.498046875,0.009765625,-0.068359375
1588,0.3515625,0.400390625,0,-0.166015625
1589,0.390625,0.400390625,0.01953125,-0.263671875
1590,0.37109375,0.302734375,0.0390625,-0.0390625
1591,0.380859375,0.4296875,-0.146484375,-0.126953125
1592,0.400390625,0.4296875,-0.01953125,-0.2734375
1593,0.439453125,0.3515625,0.0390625,-0.078125
1594,0.33203125,0.380859375,-0.048828125,-0.01953125
1595,0.361328125,0.400390625,0.009765625,-0.244140625
1596,0.400390625,0.361328125,0.087890625,-0.0390625
1597,0.419921875,0.302734375,0.029296875,-0.01953125
1598,0.439453125,0.458984375,0.029296875,0.107421875
1599,0.37109375,0.380859375,0.0390625,-0.01953125
1600,0.458984375,0.458984375,0,0.029296875
1601,0.400390625,0.37109375,-0.01953125,-0.078125
1602,0.400390625,0.361328125,0.01953125,-0.048828125
1603,0.46875,0.380859375,0,-0.078125
1604,0.380859375,0.458984375,-0.01953125,-0.1171875
1605,0.400390625,0.390625,-0.029296875,-0.068359375
1606,0.41015625,0.361328125,0.0390625,-0.078125
1607,0.439453125,0.400390625,0.009765625,-0.17578125
1608,0.478515625,0.390625,-0.048828125,-0.068359375
1609,0.37109375,0.380859375,0.05859375,-0.068359375
1610,0.419921875,0.390625,0.048828125,-0.1171875
1611,0.33203125,0.37109375,-0.05859375,-0.068359375
1612,0.419921875,0.44921875,-0.048828125,-0.068359375
1613,0.361328125,0.380859375,0.009765625,-0.048828125
1614,0.439453125,0.41015625,0.05859375,-0.0390625
1615,0.29296875,0.498046875,-0.0390625,-0.05859375
1616,0.361328125,0.400390625,0.05859375,-0.126953125
1617,0.29296875,0.361328125,-0.009765625,-0.05859375
1618,0.390625,0.41015625,-0.029296875,-0.048828125
1619,0.4296875,0.4296875,0.05859375,0.048828125
1620,0.25390625,0.3515625,0.009765625,0.048828125
1621,0.419921875,0.322265625,0.09765625,-0.078125
1622,0.419921875,0.380859375,-0.01953125,0.048828125
1623,0.517578125,0.439453125,-0.0390625,-0.078125
1624,0.3515625,0.283203125,-0.009765625,-0.048828125
1625,0.41015625,0.41015625,0.009765625,0
1626,0.546875,0.380859375,0.048828125,-0.068359375
1627,0.361328125,0.2734375,0.146484375,-0.048828125
1628,0.439453125,0.380859375,0.01953125,-0.107421875
1629,0.478515625,0.380859375,0.05859375,0.009765625
1630,0.41015625,0.5859375,0.087890625,-0.009765625
1631,0.3125,0.37109375,-0.01953125,-0.166015625
1632,0.15625,0.41015625,0.01953125,-0.0390625
1633,0.46875,0.56640625,0.107421875,-0.078125
1634,0.341796875,0.400390625,0.009765625,0.078125
1635,0.29296875,0.380859375,-0.01953125,-0.05859375
1636,0.361328125,0.48828125,-0.09765625,-0.0390625
1637,0.419921875,0.41015625,0.029296875,0.068359375
1638,0.478515625,0.390625,0.087890625,-0.078125
1639,0.322265625,0.2734375,-0.126953125,-0.009765625
1640,0.37109375,0.41015625,0.029296875,0.05859375
1641,0.556640625,0.390625,0.048828125,0.009765625
1642,0.41015625,0.185546875,0.068359375,-0.01953125
1643,0.400390625,0.41015625,0.068359375,-0.048828125
1644,0.625,0.390625,-0.009765625,-0.078125
1645,0.439453125,0.46875,0.087890625,-0.087890625
1646,0.41015625,0.361328125,0.078125,-0.09765625
1647,0.234375,0.380859375,0.048828125,-0.107421875
1648,0.44921875,0.44921875,0.13671875,-0.0390625
1649,0.419921875,0.439453125,0.009765625,-0.13671875
1650,0.166015625,0.458984375,-0.05859375,-0.126953125
1651,0.380859375,0.400390625,0.029296875,-0.087890625
1652,0.419921875,0.33203125,-0.009765625,-0.029296875
1653,0.52734375,0.44921875,0.01953125,0.13671875
1654,0.41015625,0.361328125,-0.01953125,-0.009765625
1655,0.41015625,0.341796875,-0.087890625,-0.05859375
1656,0.46875,0.37109375,0.078125,0.1171875
1657,0.390625,0.439453125,-0.01953125,-0.048828125
1658,0.390625,0.41015625,-0.15625,-0.224609375
1659,0.46875,0.37109375,0,-0.1953125
1660,0.33203125,0.361328125,-0.087890625,-0.05859375
1661,0.4296875,0.419921875,0.17578125,-0.0390625
1662,0.33203125,0.419921875,0,-0.205078125
1663,0.390625,0.3515625,-0.048828125,-0.05859375
1664,0.361328125,0.52734375,0.146484375,-0.087890625
1665,0.37109375,0.341796875,0.029296875,-0.224609375
1666,0.322265625,0.41015625,0.0390625,-0.048828125
1667,0.458984375,0.41015625,-0.05859375,-0.029296875
1668,0.37109375,0.341796875,0.01953125,0.009765625
1669,0.37109375,0.361328125,0.01953125,-0.048828125
1670,0.37109375,0.205078125,-0.068359375,-0.0390625
1671,0.439453125,0.390625,-0.009765625,-0.029296875
1672,0.361328125,0.390625,0.0390625,-0.05859375
1673,0.37109375,0.224609375,0.009765625,-0.09765625
1674,0.419921875,0.419921875,-0.009765625,-0.126953125
1675,0.458984375,0.41015625,0.01953125,-0.029296875
1676,0.3515625,0.234375,0.01953125,-0.068359375
1677,0.37109375,0.302734375,-0.107421875,-0.166015625
1678,0.537109375,0.439453125,0.087890625,-0.048828125
1679,0.322265625,0.537109375,0.126953125,0.0390625
1680,0.380859375,0.3515625,-0.009765625,-0.09765625
1681,0.29296875,0.380859375,0.029296875,0.009765625
1682,0.41015625,0.5078125,-0.01953125,0
1683,0.46875,0.419921875,-0.009765625,0.048828125
1684,0.263671875,0.37109375,-0.01953125,-0.05859375
1685,0.400390625,0.400390625,-0.029296875,-0.0390625
1686,0.37109375,0.3125,0,0.05859375
1687,0.46875,0.322265625,0.0390625,-0.068359375
1688,0.400390625,0.234375,-0.048828125,-0.068359375
1689,0.37109375,0.419921875,0.009765625,-0.21484375
1690,0.439453125,0.390625,0.009765625,-0.05859375
1691,0.37109375,0.29296875,0.126953125,-0.05859375
1692,0.390625,0.419921875,-0.0390625,-0.244140625
1693,0.33203125,0.41015625,0.048828125,-0.126953125
1694,0.46875,0.48828125,0.107421875,-0.048828125
1695,0.380859375,0.37109375,-0.01953125,-0.263671875
1696,0.205078125,0.37109375,-0.01953125,-0.087890625
1697,0.390625,0.52734375,-0.0390625,-0.05859375
1698,0.400390625,0.390625,-0.029296875,0.009765625
1699,0.33203125,0.390625,0.01953125,-0.009765625
1700,0.380859375,0.1953125,-0.078125,-0.01953125
1701,0.37109375,0.390625,-0.126953125,0.1171875
1702,0.517578125,0.3515625,-0.009765625,-0.126953125
1703,0.390625,0.244140625,-0.087890625,-0.068359375
1704,0.390625,0.419921875,-0.087890625,-0.13671875
1705,0.537109375,0.37109375,-0.029296875,-0.068359375
1706,0.458984375,0.107421875,0.1171875,-0.01953125
1707,0.3515625,0.3515625,0.126953125,-0.185546875
1708,0.341796875,0.37109375,0.048828125,-0.263671875
1709,0.37109375,0.576171875,0.029296875,-0.048828125
1710,0.41015625,0.361328125,0.107421875,-0.15625
1711,0.3515625,0.3515625,0.0390625,-0.25390625
1712,0.4296875,0.517578125,0,-0.068359375
1713,0.390625,0.361328125,0.146484375,0.0390625
1714,0.341796875,0.41015625,0.029296875,0.068359375
1715,0.41015625,0.37109375,0.029296875,-0.078125
1716,0.390625,0.380859375,-0.13671875,0.05859375
1717,0.46875,0.380859375,0,0.107421875
1718,0.380859375,0.341796875,-0.029296875,-0.087890625
1719,0.458984375,0.41015625,-0.13671875,-0.01953125
1720,0.4296875,0.380859375,-0.029296875,0.107421875
1721,0.302734375,0.341796875,-0.01953125,-0.068359375
1722,0.341796875,0.33203125,0.17578125,-0.0390625
1723,0.390625,0.4296875,0.009765625,-0.3125
1724,0.4296875,0.4296875,-0.01953125,-0.0390625
1725,0.419921875,0.41015625,0.17578125,-0.068359375
1726,0.41015625,0.361328125,0,-0.263671875
1727,0.439453125,0.46875,0,-0.087890625
1728,0.419921875,0.3515625,0.185546875,-0.078125
1729,0.439453125,0.390625,-0.009765625,0.029296875
1730,0.537109375,0.322265625,0.078125,-0.0390625
1731,0.37109375,0.3515625,-0.01953125,-0.078125
1732,0.4296875,0.41015625,0.0390625,0.107421875
1733,0.361328125,0.380859375,-0.01953125,-0.01953125
1734,0.380859375,0.2734375,-0.1171875,-0.029296875
1735,0.390625,0.390625,-0.087890625,0.029296875
1736,0.400390625,0.361328125,0.01953125,-0.05859375
1737,0.400390625,0.33203125,-0.09765625,-0.068359375
1738,0.390625,0.390625,-0.01953125,-0.0390625
1739,0.390625,0.419921875,-0.01953125,0
1740,0.458984375,0.3515625,-0.205078125,-0.068359375
1741,0.419921875,0.390625,0.068359375,0
1742,0.341796875,0.390625,-0.009765625,-0.048828125
1743,0.390625,0.283203125,0.029296875,-0.048828125
1744,0.400390625,0.380859375,-0.009765625,-0.15625
1745,0.361328125,0.400390625,-0.009765625,-0.0390625
1746,0.380859375,0.166015625,0.01953125,-0.05859375
1747,0.48828125,0.41015625,-0.0390625,-0.17578125
1748,0.439453125,0.390625,0.01953125,-0.029296875
1749,0.380859375,0.56640625,0.078125,-0.146484375
1750,0.3515625,0.390625,-0.029296875,-0.087890625
1751,0.380859375,0.41015625,0.048828125,-0.068359375
1752,0.41015625,0.498046875,0,-0.078125
1753,0.380859375,0.37109375,-0.048828125,0.0390625
1754,0.3125,0.37109375,0.01953125,-0.078125
1755,0.478515625,0.3125,0.029296875,-0.048828125
1756,0.361328125,0.3515625,-0.029296875,-0.009765625
1757,0.56640625,0.400390625,-0.01953125,-0.09765625
1758,0.458984375,0.3125,0.029296875,-0.01953125
1759,0.439453125,0.380859375,0.029296875,-0.01953125
1760,0.380859375,0.29296875,-0.09765625,-0.078125
1761,0.41015625,0.33203125,-0.048828125,-0.146484375
1762,0.439453125,0.41015625,-0.029296875,-0.078125
1763,0.322265625,0.390625,-0.029296875,-0.166015625
1764,0.390625,0.3515625,0,-0.068359375
1765,0.400390625,0.361328125,-0.009765625,-0.0390625
1766,0.2734375,0.390625,0.009765625,-0.25390625
1767,0.390625,0.361328125,0.09765625,-0.078125
1768,0.390625,0.41015625,0.029296875,-0.087890625
1769,0.380859375,0.380859375,0.0390625,-0.01953125
1770,0.4296875,0.400390625,0.107421875,-0.01953125
1771,0.419921875,0.44921875,0.1171875,-0.09765625
1772,0.361328125,0.3515625,0.01953125,-0.0390625
1773,0.361328125,0.41015625,0.09765625,-0.068359375
1774,0.302734375,0.361328125,0.087890625,-0.048828125
1775,0.390625,0.400390625,-0.009765625,-0.029296875
1776,0.400390625,0.439453125,0.01953125,-0.048828125
1777,0.556640625,0.2734375,-0.1171875,-0.0390625
1778,0.478515625,0.390625,0.048828125,0.009765625
1779,0.341796875,0.41015625,-0.087890625,0
1780,0.361328125,0.37109375,-0.1171875,0
1781,0.37109375,0.390625,0.01953125,-0.029296875
1782,0.44921875,0.390625,0.05859375,-0.01953125
1783,0.4296875,0.390625,-0.068359375,-0.0390625
1784,0.37109375,0.390625,-0.009765625,-0.1171875
1785,0.46875,0.3515625,0.078125,-0.048828125
1786,0.400390625,0.390625,0,-0.05859375
1787,0.439453125,0.322265625,0.029296875,-0.1171875
1788,0.41015625,0.439453125,0.048828125,-0.09765625
1789,0.3125,0.341796875,0.078125,-0.05859375
1790,0.41015625,0.37109375,0.009765625,-0.05859375
1791,0.380859375,0.390625,0,-0.01953125
1792,0.400390625,0.322265625,0.0390625,-0.068359375
1793,0.33203125,0.341796875,-0.048828125,0.048828125
1794,0.400390625,0.498046875,0.09765625,-0.068359375
1795,0.3125,0.5078125,0.048828125,-0.05859375
1796,0.390625,0.390625,0.009765625,-0.029296875
1797,0.1953125,0.400390625,-0.01953125,-0.078125
1798,0.41015625,0.5078125,0.01953125,-0.1171875
1799,0.341796875,0.400390625,0.09765625,0.078125
1800,0.244140625,0.390625,0.0390625,-0.087890625
1801,0.400390625,0.576171875,-0.009765625,-0.029296875
1802,0.400390625,0.41015625,0.01953125,0.029296875
1803,0.556640625,0.3515625,0.009765625,-0.0390625
1804,0.390625,0.185546875,-0.01953125,-0.09765625
1805,0.458984375,0.3515625,-0.009765625,0.01953125
1806,0.615234375,0.380859375,0,-0.0390625
1807,0.41015625,0.1953125,0.078125,-0.05859375
1808,0.439453125,0.390625,0.029296875,-0.224609375
1809,0.60546875,0.380859375,0.13671875,-0.0390625
1810,0.439453125,0.60546875,0.13671875,-0.087890625
1811,0.44921875,0.380859375,-0.029296875,-0.17578125
1812,0.078125,0.3515625,0.048828125,-0.05859375
1813,0.41015625,0.830078125,0.09765625,-0.05859375
1814,0.390625,0.400390625,-0.029296875,0.13671875
1815,0.068359375,0.37109375,-0.029296875,-0.09765625
1816,0.44921875,0.859375,-0.05859375,-0.068359375
1817,0.439453125,0.4296875,-0.068359375,0.087890625
1818,0.60546875,0.41015625,0.01953125,-0.146484375
1819,0.4296875,0.146484375,-0.107421875,0
1820,0.41015625,0.419921875,0.01953125,0.087890625
1821,0.5859375,0.380859375,0.0390625,-0.01953125
1822,0.3515625,0.13671875,0.068359375,-0.048828125
1823,0.419921875,0.380859375,0,-0.15625
1824,0.5859375,0.33203125,-0.029296875,-0.05859375
1825,0.400390625,0.517578125,0.126953125,-0.107421875
1826,0.4296875,0.390625,0.13671875,-0.1171875
1827,0.2734375,0.390625,0.029296875,-0.087890625
1828,0.46875,0.546875,0.0390625,-0.048828125
1829,0.341796875,0.33203125,0.13671875,-0.078125
1830,0.283203125,0.37109375,0.0390625,0.009765625
1831,0.419921875,0.537109375,0.05859375,-0.048828125
1832,0.37109375,0.341796875,-0.107421875,-0.05859375
1833,0.5078125,0.341796875,0.029296875,0.048828125
1834,0.419921875,0.3515625,0.048828125,-0.05859375
1835,0.380859375,0.380859375,-0.15625,-0.1171875
1836,0.41015625,0.380859375,0.009765625,0.1171875
1837,0.341796875,0.3125,0,-0.087890625
1838,0.41015625,0.400390625,-0.126953125,0.029296875
1839,0.390625,0.380859375,0.078125,-0.146484375
1840,0.3125,0.419921875,0.05859375,-0.05859375
1841,0.41015625,0.439453125,0.15625,-0.029296875
1842,0.380859375,0.419921875,-0.029296875,-0.029296875
1843,0.341796875,0.478515625,-0.009765625,-0.05859375
1844,0.361328125,0.341796875,0.166015625,-0.029296875
1845,0.390625,0.380859375,0.0390625,-0.0390625
1846,0.3125,0.478515625,0.13671875,-0.0390625
1847,0.400390625,0.322265625,-0.1171875,-0.068359375
1848,0.4296875,0.458984375,0.0390625,-0.01953125
1849,0.322265625,0.361328125,0.078125,-0.05859375
1850,0.478515625,0.3515625,-0.087890625,-0.05859375
1851,0.380859375,0.400390625,0.068359375,-0.068359375
1852,0.595703125,0.380859375,0.009765625,-0.09765625
1853,0.29296875,0.33203125,-0.048828125,-0.146484375
1854,0.380859375,0.380859375,0.0390625,-0.078125
1855,0.478515625,0.380859375,0,-0.01953125
1856,0.322265625,0.3125,0.13671875,0
1857,0.341796875,0.4296875,0.029296875,-0.068359375
1858,0.205078125,0.478515625,-0.01953125,-0.087890625
1859,0.37109375,0.37109375,0.17578125,-0.078125
1860,0.400390625,0.3515625,0.0390625,-0.048828125
1861,0.322265625,0.41015625,-0.009765625,-0.0390625
1862,0.400390625,0.4296875,-0.0390625,-0.01953125
1863,0.419921875,0.419921875,0.05859375,0.009765625
1864,0.322265625,0.380859375,-0.009765625,-0.0390625
1865,0.4296875,0.17578125,-0.01953125,-0.029296875
1866,0.478515625,0.400390625,0,-0.078125
1867,0.625,0.3515625,0.09765625,-0.0390625
1868,0.41015625,0.283203125,-0.126953125,-0.068359375
1869,0.37109375,0.3515625,0.05859375,-0.13671875
1870,0.712890625,0.41015625,0.048828125,-0.078125
1871,0.361328125,0.068359375,0.17578125,-0.087890625
1872,0.419921875,0.3125,0.009765625,-0.048828125
1873,0.146484375,0.419921875,0.048828125,-0.078125
1874,0.400390625,0.52734375,0.1953125,-0.05859375
1875,0.33203125,0.341796875,-0.009765625,-0.078125
1876,0.21484375,0.419921875,0.009765625,-0.068359375
1877,0.419921875,0.546875,-0.1953125,-0.068359375
1878,0.41015625,0.390625,0.048828125,0.068359375
1879,0,0.41015625,0,-0.009765625
1880,0.390625,0.33203125,-0.166015625,-0.068359375
1881,0.458984375,0.380859375,0.05859375,0.009765625
1882,0.703125,0.41015625,0.009765625,-0.01953125
1883,0.37109375,0.3515625,-0.1171875,-0.087890625
1884,0.41015625,0.361328125,-0.01953125,-0.09765625
1885,0.5859375,0.37109375,0.029296875,0.009765625
1886,0.4296875,0.33203125,0.09765625,-0.078125
1887,0.41015625,0.361328125,0.01953125,-0.1171875
1888,0.234375,0.390625,-0.009765625,-0.263671875
1889,0.390625,0.44921875,0.029296875,-0.05859375
1890,0.41015625,0.400390625,-0.029296875,-0.09765625
1891,0.25390625,0.419921875,0,-0.322265625
1892,0.400390625,0.46875,-0.087890625,-0.048828125
1893,0.380859375,0.4296875,0.0390625,-0.1171875
1894,0.224609375,0.361328125,0,0.146484375
1895,0.400390625,0.390625,-0.05859375,-0.078125
1896,0.4296875,0.4296875,-0.185546875,-0.048828125
1897,0.546875,0.390625,-0.009765625,0.107421875
1898,0.478515625,0.341796875,-0.0390625,-0.0390625
1899,0.458984375,0.41015625,-0.087890625,-0.048828125
1900,0.419921875,0.37109375,0.05859375,0.09765625
1901,0.41015625,0.380859375,0.009765625,-0.05859375
1902,0.419921875,0.400390625,0.17578125,-0.0390625
1903,0.341796875,0.37109375,0.009765625,-0.224609375
1904,0.380859375,0.37109375,-0.087890625,-0.0390625
1905,0.390625,0.41015625,0.166015625,0.01953125
1906,0.390625,0.390625,-0.05859375,-0.1953125
1907,0.419921875,0.380859375,0.009765625,-0.0390625
1908,0.37109375,0.322265625,0.224609375,-0.078125
1909,0.3125,0.419921875,0.009765625,0.078125
1910,0.41015625,0.439453125,0.09765625,0.009765625
1911,0.458984375,0.4296875,-0.087890625,-0.048828125
1912,0.400390625,0.390625,0.05859375,0.009765625
1913,0.478515625,0.41015625,0.029296875,-0.068359375
1914,0.380859375,0.4296875,-0.1171875,0.01953125
1915,0.390625,0.3515625,0.029296875,0.0390625
1916,0.380859375,0.458984375,0.029296875,-0.009765625
1917,0.439453125,0.419921875,0,-0.078125
1918,0.41015625,0.41015625,0.078125,-0.048828125
1919,0.439453125,0.37109375,0.01953125,-0.009765625
1920,0.380859375,0.390625,-0.068359375,-0.048828125
1921,0.41015625,0.419921875,-0.01953125,-0.05859375
1922,0.556640625,0.33203125,-0.009765625,-0.0390625
1923,0.41015625,0.3515625,-0.068359375,-0.029296875
1924,0.419921875,0.400390625,0.0390625,-0.107421875
1925,0.517578125,0.390625,0.029296875,-0.0390625
1926,0.361328125,0.361328125,0.126953125,-0.068359375
1927,0.361328125,0.37109375,-0.0390625,-0.05859375
1928,0.33203125,0.400390625,0.01953125,-0.05859375
1929,0.390625,0.37109375,0.087890625,-0.068359375
1930,0.419921875,0.390625,0.029296875,-0.185546875
1931,0.3125,0.390625,0.048828125,-0.0390625
1932,0.37109375,0.390625,-0.09765625,-0.078125
1933,0.37109375,0.44921875,-0.009765625,0.009765625
1934,0.25390625,0.439453125,-0.009765625,-0.029296875
1935,0.478515625,0.37109375,-0.078125,-0.09765625
1936,0.361328125,0.380859375,0.029296875,0.009765625
1937,0.419921875,0.458984375,0.009765625,-0.048828125
1938,0.4296875,0.419921875,-0.068359375,-0.01953125
1939,0.37109375,0.3515625,0.029296875,-0.05859375
1940,0.478515625,0.419921875,-0.029296875,-0.068359375
1941,0.37109375,0.390625,0.029296875,-0.0390625
1942,0.419921875,0.3515625,-0.1171875,-0.048828125
1943,0.400390625,0.33203125,-0.009765625,-0.048828125
1944,0.400390625,0.41015625,0,-0.1171875
1945,0.41015625,0.41015625,-0.029296875,-0.09765625
1946,0.3515625,0.3515625,0.01953125,-0.068359375
1947,0.400390625,0.5078125,0.05859375,-0.01953125
1948,0.380859375,0.33203125,-0.05859375,-0.087890625
1949,0.3515625,0.390625,-0.05859375,-0.09765625
1950,0.3515625,0.4296875,0.029296875,-0.029296875
1951,0.4296875,0.380859375,0.048828125,-0.1171875
1952,0.361328125,0.341796875,0.05859375,-0.05859375
1953,0.41015625,0.37109375,0.0390625,-0.09765625
1954,0.3125,0.341796875,-0.048828125,0.009765625
1955,0.41015625,0.400390625,0.01953125,-0.09765625
1956,0.400390625,0.4296875,0,-0.0390625
1957,0.390625,0.37109375,-0.01953125,0.068359375
1958,0.419921875,0.390625,0.087890625,0.146484375
1959,0.458984375,0.341796875,-0.048828125,-0.09765625
1960,0.4296875,0.3515625,-0.009765625,-0.068359375
1961,0.419921875,0.41015625,0.01953125,0.0390625
1962,0.37109375,0.419921875,-0.009765625,-0.0390625
1963,0.380859375,0.400390625,-0.048828125,-0.068359375
1964,0.41015625,0.390625,-0.009765625,-0.185546875
1965,0.33203125,0.41015625,0.009765625,-0.068359375
1966,0.41015625,0.390625,0.0390625,-0.107421875
1967,0.44921875,0.380859375,0.029296875,-0.068359375
1968,0.458984375,0.341796875,0.029296875,-0.029296875
1969,0.4296875,0.400390625,0.15625,-0.01953125
1970,0.4296875,0.33203125,0,-0.15625
1971,0.52734375,0.380859375,0,-0.01953125
1972,0.390625,0.46875,-0.01953125,-0.068359375
1973,0.3515625,0.37109375,-0.009765625,-0.01953125
1974,0.634765625,0.380859375,0.029296875,-0.0390625
1975,0.37109375,0.673828125,-0.05859375,-0.126953125
1976,0.3515625,0.380859375,-0.01953125,-0.048828125
1977,0.25390625,0.4296875,-0.029296875,-0.05859375
1978,0.400390625,0.52734375,0.068359375,-0.029296875
1979,0.302734375,0.361328125,0,0.068359375
1980,0.15625,0.322265625,-0.15625,0
1981,0.44921875,0.703125,-0.126953125,-0.01953125
1982,0.44921875,0.400390625,-0.029296875,-0.068359375
1983,0.556640625,0.361328125,0,-0.068359375
1984,0.44921875,0.205078125,-0.0390625,-0.01953125
1985,0.37109375,0.44921875,0,-0.068359375
1986,0.5859375,0.361328125,0.1171875,-0.048828125
1987,0.380859375,0.17578125,0.21484375,-0.068359375
1988,0.400390625,0.37109375,0.01953125,-0.21484375
1989,0.56640625,0.44921875,0.009765625,-0.078125
1990,0.390625,0.673828125,0.15625,-0.029296875
1991,0.498046875,0.419921875,0,-0.15625
1992,0.205078125,0.390625,0,-0.107421875
1993,0.400390625,0.634765625,0.21484375,-0.048828125
1994,0.361328125,0.390625,-0.01953125,0.029296875
1995,0.4296875,0.33203125,0.029296875,-0.078125
1996,0.400390625,0.60546875,-0.15625,-0.0390625
1997,0.41015625,0.244140625,-0.009765625,0.05859375
1998,0.537109375,0.419921875,-0.009765625,-0.09765625
1999,0.3125,0.1953125,-0.205078125,0
2000,0.380859375,0.419921875,0.01953125,0.0390625
2001,0.68359375,0.4296875,-0.05859375,-0.068359375
2002,0.400390625,0.146484375,0.05859375,-0.009765625
2003,0.419921875,0.400390625,-0.009765625,-0.15625
2004,0.625,0.400390625,-0.029296875,-0.087890625
2005,0.439453125,0.41015625,0.05859375,-0.068359375
2006,0.41015625,0.400390625,0,-0.078125
2007,0.234375,0.380859375,-0.009765625,-0.01953125
2008,0.419921875,0.478515625,0.068359375,-0.068359375
2009,0.400390625,0.3515625,-0.009765625,-0.09765625
2010,0.25390625,0.400390625,0.029296875,-0.1171875
2011,0.400390625,0.478515625,0.107421875,-0.087890625
2012,0.419921875,0.341796875,0.126953125,-0.048828125
2013,0.48828125,0.390625,0.029296875,0.1171875
2014,0.419921875,0.41015625,0.048828125,-0.05859375
2015,0.41015625,0.400390625,0,-0.107421875
2016,0.458984375,0.302734375,0,0.1171875
2017,0.341796875,0.361328125,-0.01953125,-0.01953125
2018,0.33203125,0.44921875,0.029296875,-0.09765625
2019,0.517578125,0.322265625,-0.029296875,-0.068359375
2020,0.322265625,0.361328125,-0.0390625,-0.05859375
2021,0.390625,0.37109375,0.087890625,-0.0390625
2022,0.341796875,0.322265625,-0.0390625,-0.283203125
2023,0.390625,0.3125,0.0390625,0
2024,0.419921875,0.52734375,0.0390625,-0.126953125
2025,0.37109375,0.390625,0.01953125,-0.29296875
2026,0.419921875,0.4296875,0.01953125,-0.05859375
2027,0.390625,0.478515625,0.068359375,-0.09765625
2028,0.380859375,0.41015625,-0.009765625,0.029296875
2029,0.4296875,0.390625,0.068359375,-0.09765625
2030,0.419921875,0.29296875,0.078125,-0.09765625
2031,0.419921875,0.400390625,0.01953125,-0.009765625
2032,0.390625,0.322265625,0.029296875,-0.029296875
2033,0.400390625,0.322265625,-0.05859375,-0.029296875
2034,0.419921875,0.419921875,0.048828125,-0.13671875
2035,0.458984375,0.390625,0.0390625,-0.0390625
2036,0.361328125,0.3515625,-0.048828125,-0.029296875
2037,0.361328125,0.4296875,0.048828125,-0.21484375
2038,0.234375,0.44921875,-0.009765625,-0.0390625
2039,0.400390625,0.5078125,-0.068359375,-0.029296875
2040,0.390625,0.361328125,0.0390625,-0.205078125
2041,0.21484375,0.3515625,-0.01953125,-0.068359375
2042,0.419921875,0.52734375,0.0390625,-0.048828125
2043,0.419921875,0.341796875,0.01953125,0
2044,0.224609375,0.400390625,-0.087890625,-0.068359375
2045,0.44921875,0.48828125,0,0
2046,0.44921875,0.3125,0.0390625,0.048828125
2047,0.5078125,0.390625,0.029296875,-0.0390625
2048,0.419921875,0.302734375,0.029296875,-0.05859375
2049,0.439453125,0.37109375,0.01953125,-0.17578125
2050,0.46875,0.419921875,0.078125,-0.05859375
2051,0.44921875,0.17578125,0.009765625,-0.107421875
2052,0.37109375,0.400390625,0.05859375,-0.185546875
2053,0.283203125,0.400390625,0.0390625,-0.068359375
2054,0.41015625,0.60546875,0.0390625,-0.107421875
2055,0.3125,0.46875,0.009765625,-0.09765625
2056,0.244140625,0.390625,0.01953125,-0.107421875
2057,0.37109375,0.556640625,0,-0.107421875
2058,0.41015625,0.29296875,0.009765625,0.048828125
2059,0.234375,0.400390625,0,-0.068359375
2060,0.37109375,0.244140625,-0.09765625,-0.048828125
2061,0.41015625,0.4296875,-0.1171875,0.068359375
2062,0.546875,0.37109375,-0.009765625,-0.09765625
2063,0.400390625,0.21484375,-0.009765625,-0.029296875
2064,0.400390625,0.400390625,-0.068359375,-0.166015625
2065,0.56640625,0.400390625,0.048828125,-0.0390625
2066,0.419921875,0.205078125,0.05859375,-0.1171875
2067,0.3515625,0.390625,0.17578125,-0.146484375
2068,0.2734375,0.4296875,-0.009765625,-0.1171875
2069,0.419921875,0.595703125,0.078125,-0.078125
2070,0.439453125,0.3125,0.166015625,-0.17578125
2071,0.283203125,0.41015625,-0.029296875,-0.078125
2072,0.380859375,0.52734375,-0.009765625,0
2073,0.37109375,0.380859375,0.21484375,-0.0390625
2074,0.302734375,0.33203125,0,-0.05859375
2075,0.4296875,0.263671875,-0.029296875,-0.01953125
2076,0.419921875,0.3125,-0.1953125,-0.009765625
2077,0.419921875,0.41015625,-0.087890625,0.087890625
2078,0.390625,0.33203125,0.068359375,0
2079,0.37109375,0.341796875,-0.146484375,-0.1171875
2080,0.41015625,0.341796875,0,0.029296875
2081,0.37109375,0.3515625,0.05859375,-0.0390625
2082,0.419921875,0.361328125,0.205078125,-0.029296875
2083,0.400390625,0.390625,0.068359375,-0.21484375
2084,0.380859375,0.419921875,-0.029296875,-0.0390625
2085,0.341796875,0.390625,0.17578125,-0.029296875
2086,0.458984375,0.41015625,0,-0.3515625
2087,0.478515625,0.3515625,0.05859375,-0.0390625
2088,0.419921875,0.400390625,0.185546875,-0.048828125
2089,0.41015625,0.361328125,0.029296875,0.01953125
2090,0.37109375,0.33203125,0.068359375,-0.048828125
2091,0.400390625,0.37109375,-0.09765625,-0.166015625
2092,0.390625,0.419921875,-0.029296875,-0.068359375
2093,0.33203125,0.400390625,0.05859375,0.009765625
2094,0.380859375,0.390625,-0.048828125,-0.087890625
2095,0.380859375,0.439453125,0.029296875,0
2096,0.302734375,0.419921875,-0.05859375,-0.09765625
2097,0.380859375,0.322265625,-0.009765625,-0.05859375
2098,0.41015625,0.419921875,0.13671875,0.009765625
2099,0.283203125,0.400390625,0.05859375,-0.05859375
2100,0.390625,0.380859375,-0.029296875,-0.078125
2101,0.37109375,0.37109375,0.009765625,0.048828125
2102,0.4296875,0.37109375,0.048828125,-0.01953125
2103,0.390625,0.322265625,0.09765625,-0.029296875
2104,0.41015625,0.400390625,0,-0.21484375
2105,0.5078125,0.37109375,0.01953125,-0.068359375
2106,0.41015625,0.3515625,0.087890625,-0.078125
2107,0.390625,0.390625,0.078125,-0.126953125
2108,0.33203125,0.33203125,0,-0.01953125
2109,0.439453125,0.478515625,0.15625,-0.048828125
2110,0.380859375,0.4296875,-0.09765625,-0.1171875
2111,0.302734375,0.41015625,-0.078125,-0.048828125
2112,0.419921875,0.5859375,-0.0390625,-0.05859375
2113,0.33203125,0.4296875,0.048828125,-0.009765625
2114,0.322265625,0.380859375,0.01953125,-0.0390625
2115,0.458984375,0.2734375,-0.0390625,-0.1171875
2116,0.37109375,0.37109375,0.01953125,0.05859375
2117,0.5078125,0.400390625,0,-0.1171875
2118,0.322265625,0.322265625,-0.185546875,-0.048828125
2119,0.390625,0.380859375,0.029296875,-0.068359375
2120,0.498046875,0.37109375,0.01953125,-0.068359375
2121,0.44921875,0.205078125,0.05859375,-0.01953125
2122,0.44921875,0.400390625,0,-0.087890625
2123,0.46875,0.361328125,0.009765625,-0.029296875
2124,0.390625,0.44921875,0.029296875,-0.078125
2125,0.4296875,0.33203125,-0.009765625,-0.078125
2126,0.2734375,0.3515625,-0.068359375,0.009765625
2127,0.390625,0.439453125,0.09765625,-0.068359375
2128,0.44921875,0.41015625,0.01953125,-0.05859375
2129,0.361328125,0.419921875,0.01953125,-0.0390625
2130,0.400390625,0.390625,0.029296875,-0.009765625
2131,0.390625,0.380859375,0.078125,-0.048828125
2132,0.390625,0.283203125,0.029296875,-0.05859375
2133,0.41015625,0.44921875,0.05859375,-0.078125
2134,0.380859375,0.390625,0.126953125,-0.01953125
2135,0.37109375,0.390625,0.01953125,-0.0390625
2136,0.390625,0.341796875,-0.029296875,-0.087890625
2137,0.3125,0.478515625,-0.13671875,-0.048828125
2138,0.41015625,0.37109375,-0.009765625,-0.029296875
2139,0.390625,0.3515625,0.0390625,-0.009765625
2140,0.400390625,0.44921875,-0.048828125,0.009765625
2141,0.419921875,0.390625,-0.009765625,0.078125
2142,0.361328125,0.341796875,0.0390625,-0.0390625
2143,0.458984375,0.458984375,-0.1171875,-0.068359375
2144,0.4296875,0.3515625,0.01953125,-0.13671875
2145,0.390625,0.361328125,0.0390625,0.01953125
2146,0.4296875,0.46875,0.01953125,-0.087890625
2147,0.400390625,0.41015625,-0.029296875,-0.126953125
2148,0.390625,0.322265625,0.009765625,-0.048828125
2149,0.44921875,0.224609375,0.09765625,0.009765625
2150,0.44921875,0.3515625,0.009765625,-0.185546875
2151,0.44921875,0.419921875,0.0390625,-0.048828125
2152,0.41015625,0.21484375,-0.087890625,-0.068359375
2153,0.390625,0.37109375,-0.029296875,0
2154,0.4296875,0.478515625,0.0390625,-0.068359375
2155,0.400390625,0.60546875,-0.029296875,-0.05859375
2156,0.37109375,0.41015625,0,-0.01953125
2157,0.341796875,0.400390625,0,-0.107421875
2158,0.361328125,0.498046875,0.009765625,-0.009765625
2159,0.400390625,0.3125,0.009765625,0.009765625
2160,0.302734375,0.33203125,-0.01953125,-0.05859375
2161,0.400390625,0.517578125,-0.009765625,0
2162,0.44921875,0.4296875,-0.009765625,0
2163,0.7421875,0.263671875,-0.01953125,-0.068359375
2164,0.380859375,0.244140625,0.009765625,-0.01953125
2165,0.390625,0.439453125,0,0.09765625
2166,0.8203125,0.341796875,-0.009765625,-0.087890625
2167,0.41015625,0.234375,0.107421875,-0.126953125
2168,0.458984375,0.37109375,-0.107421875,-0.1953125
2169,0.72265625,0.380859375,0,-0.078125
2170,0.41015625,0.5859375,0.107421875,-0.0390625
2171,0.361328125,0.400390625,-0.0390625,-0.224609375
2172,0.048828125,0.37109375,0.05859375,-0.009765625
2173,0.41015625,0.634765625,0.107421875,-0.048828125
2174,0.37109375,0.390625,0.029296875,0.078125
2175,0.1171875,0.390625,-0.029296875,-0.048828125
2176,0.322265625,0.751953125,-0.1171875,-0.009765625
2177,0.341796875,0.400390625,0,0.09765625
2178,0.595703125,0.400390625,0.166015625,0.1171875
2179,0.400390625,0.078125,-0.1171875,-0.126953125
2180,0.4296875,0.3515625,0.05859375,0.126953125
2181,0.6640625,0.3515625,-0.048828125,-0.068359375
2182,0.439453125,0.146484375,0.09765625,0.009765625
2183,0.419921875,0.37109375,-0.0390625,-0.21484375
2184,0.6640625,0.390625,-0.01953125,-0.01953125
2185,0.390625,0.44921875,0.09765625,-0.0390625
2186,0.419921875,0.3515625,0.166015625,-0.13671875
2187,0.25390625,0.322265625,0.029296875,-0.01953125
2188,0.419921875,0.52734375,0.078125,-0.087890625
2189,0.3515625,0.361328125,0.15625,-0.048828125
2190,0.361328125,0.33203125,-0.009765625,-0.0390625
2191,0.33203125,0.517578125,0.05859375,-0.048828125
2192,0.4296875,0.341796875,-0.1171875,-0.05859375
2193,0.458984375,0.37109375,-0.01953125,0.17578125
2194,0.400390625,0.3125,0.009765625,-0.029296875
2195,0.3515625,0.41015625,-0.1171875,0
2196,0.439453125,0.3515625,0.009765625,0.1953125
2197,0.419921875,0.3515625,-0.05859375,-0.068359375
2198,0.3515625,0.41015625,-0.15625,-0.01953125
2199,0.37109375,0.37109375,0,-0.15625
2200,0.341796875,0.400390625,-0.0390625,-0.0390625
2201,0.44921875,0.419921875,0.1171875,-0.01953125
2202,0.400390625,0.439453125,0.009765625,-0.048828125
2203,0.44921875,0.380859375,-0.01953125,-0.01953125
2204,0.341796875,0.400390625,0.1171875,-0.09765625
2205,0.419921875,0.400390625,0.078125,0
2206,0.56640625,0.341796875,0.068359375,-0.01953125
2207,0.439453125,0.390625,-0.029296875,-0.087890625
2208,0.419921875,0.322265625,0.0390625,-0.087890625
2209,0.41015625,0.33203125,0.126953125,-0.078125
2210,0.4296875,0.37109375,-0.048828125,-0.048828125
2211,0.3515625,0.341796875,0.0390625,-0.09765625
2212,0.419921875,0.361328125,-0.01953125,-0.0390625
2213,0.37109375,0.37109375,-0.029296875,-0.078125
2214,0.3515625,0.390625,-0.009765625,0.09765625
2215,0.400390625,0.439453125,-0.009765625,-0.1171875
2216,0.341796875,0.322265625,0.01953125,-0.029296875
2217,0.302734375,0.41015625,0,0.087890625
2218,0.244140625,0.37109375,-0.0390625,-0.087890625
2219,0.2734375,0.37109375,0.048828125,-0.029296875
2220,0.361328125,0.29296875,-0.048828125,0.068359375
2221,0.3515625,0.419921875,0,-0.107421875
2222,0.46875,0.498046875,0.01953125,-0.078125
2223,0.439453125,0.400390625,0.029296875,-0.1953125
2224,0.33203125,0.322265625,0.01953125,-0.068359375
2225,0.341796875,0.29296875,0.0390625,-0.078125
2226,0.478515625,0.380859375,-0.01953125,-0.166015625
2227,0.634765625,0.322265625,0.048828125,-0.05859375
2228,0.390625,0.283203125,0.05859375,-0.087890625
2229,0.439453125,0.380859375,0.05859375,-0.068359375
2230,0.595703125,0.3125,0,-0.029296875
2231,0.400390625,0.29296875,0.126953125,-0.029296875
2232,0.37109375,0.3515625,0.01953125,-0.087890625
2233,0.15625,0.46875,0.029296875,-0.13671875
2234,0.341796875,0.556640625,0.009765625,-0.029296875
2235,0.41015625,0.380859375,0.029296875,-0.029296875
2236,0.205078125,0.400390625,0.0390625,-0.078125
2237,0.4296875,0.537109375,-0.1171875,-0.029296875
2238,0.400390625,0.361328125,0,0.0390625
2239,0.21484375,0.41015625,-0.009765625,0.048828125
2240,0.41015625,0.25390625,-0.126953125,-0.029296875
2241,0.390625,0.419921875,0.01953125,0.009765625
2242,0.6640625,0.361328125,0.029296875,0.17578125
2243,0.4296875,0.244140625,-0.068359375,-0.068359375
2244,0.4296875,0.380859375,0,-0.107421875
2245,0.60546875,0.341796875,0.01953125,0.17578125
2246,0.37109375,0.25390625,0.068359375,-0.078125
2247,0.4296875,0.380859375,0.01953125,-0.17578125
2248,0.21484375,0.4296875,0.0390625,-0.244140625
2249,0.380859375,0.5078125,0.107421875,-0.087890625
2250,0.46875,0.37109375,0.009765625,-0.1171875
2251,0.21484375,0.380859375,-0.048828125,-0.29296875
2252,0.380859375,0.46875,-0.01953125,-0.087890625
2253,0.390625,0.458984375,0.009765625,-0.029296875
2254,0.25390625,0.44921875,0.029296875,0.1953125
2255,0.419921875,0.361328125,-0.029296875,-0.029296875
2256,0.380859375,0.400390625,-0.15625,-0.087890625
2257,0.419921875,0.400390625,-0.009765625,0.205078125
2258,0.46875,0.302734375,-0.05859375,0.01953125
2259,0.3515625,0.37109375,-0.13671875,-0.029296875
2260,0.5859375,0.419921875,0.068359375,0.048828125
2261,0.322265625,0.41015625,0.0390625,-0.01953125
2262,0.390625,0.37109375,0.107421875,-0.01953125
2263,0.37109375,0.4296875,0.009765625,-0.2734375
2264,0.400390625,0.37109375,0.048828125,-0.0390625
2265,0.390625,0.33203125,0.107421875,-0.078125
2266,0.390625,0.400390625,-0.029296875,-0.185546875
2267,0.380859375,0.37109375,0.01953125,-0.029296875
2268,0.380859375,0.3125,0.078125,-0.09765625
2269,0.341796875,0.37109375,-0.01953125,0.01953125
2270,0.390625,0.4296875,0.0390625,0.01953125
2271,0.4296875,0.25390625,0.09765625,-0.1171875
2272,0.33203125,0.37109375,-0.009765625,0.029296875
2273,0.380859375,0.419921875,0.107421875,-0.009765625
2274,0.4296875,0.56640625,0.048828125,-0.01953125
2275,0.380859375,0.380859375,0.029296875,0.0390625
2276,0.361328125,0.458984375,-0.068359375,0.009765625
2277,0.419921875,0.556640625,-0.09765625,-0.029296875
2278,0.390625,0.439453125,-0.01953125,-0.029296875
2279,0.41015625,0.41015625,-0.087890625,-0.048828125
2280,0.4296875,0.25390625,-0.029296875,-0.01953125
2281,0.3515625,0.37109375,0.009765625,0.107421875
2282,0.439453125,0.3515625,-0.01953125,-0.05859375
2283,0.439453125,0.29296875,-0.13671875,-0.087890625
2284,0.46875,0.37109375,-0.009765625,-0.166015625
2285,0.537109375,0.341796875,0.01953125,-0.029296875
2286,0.41015625,0.224609375,0.146484375,-0.068359375
2287,0.390625,0.419921875,0.029296875,-0.21484375
2288,0.263671875,0.37109375,-0.009765625,-0.087890625
2289,0.41015625,0.537109375,0.068359375,-0.078125
2290,0.3515625,0.37109375,0.0390625,-0.17578125
2291,0.234375,0.361328125,0.029296875,-0.0390625
2292,0.390625,0.56640625,0.0390625,-0.068359375
2293,0.361328125,0.37109375,0.048828125,0.05859375
2294,0.224609375,0.419921875,0.009765625,0
2295,0.322265625,0.41015625,-0.048828125,-0.048828125
2296,0.3515625,0.400390625,0,0.09765625
2297,0.517578125,0.4296875,0,-0.05859375
2298,0.33203125,0.341796875,-0.09765625,0
2299,0.390625,0.361328125,-0.009765625,-0.068359375
2300,0.56640625,0.3515625,-0.0390625,-0.068359375
2301,0.41015625,0.517578125,0.029296875,-0.009765625
2302,0.390625,0.37109375,-0.087890625,-0.087890625
2303,0.322265625,0.439453125,-0.009765625,-0.009765625
2304,0.41015625,0.390625,-0.009765625,-0.1171875
2305,0.4296875,0.37109375,-0.087890625,-0.05859375
2306,0.3515625,0.3515625,-0.048828125,-0.029296875
2307,0.41015625,0.390625,0.029296875,-0.068359375
2308,0.419921875,0.400390625,0.029296875,-0.0390625
2309,0.390625,0.41015625,0.068359375,0
2310,0.361328125,0.380859375,0.107421875,-0.029296875
2311,0.400390625,0.390625,0.224609375,-0.05859375
2312,0.419921875,0.37109375,0.029296875,-0.087890625
2313,0.41015625,0.4296875,0.048828125,-0.01953125
2314,0.44921875,0.3515625,0.1171875,-0.009765625
2315,0.380859375,0.400390625,0.0390625,-0.087890625
2316,0.380859375,0.380859375,-0.078125,-0.048828125
2317,0.458984375,0.41015625,-0.05859375,-0.009765625
2318,0.4296875,0.419921875,0.0390625,0.166015625
2319,0.390625,0.322265625,-0.01953125,-0.029296875
2320,0.4296875,0.3515625,-0.1171875,-0.01953125
2321,0.439453125,0.380859375,0.05859375,0.087890625
2322,0.283203125,0.302734375,0.009765625,-0.087890625
2323,0.380859375,0.41015625,-0.05859375,-0.087890625
2324,0.419921875,0.390625,-0.029296875,-0.087890625
2325,0.3125,0.390625,0.0390625,-0.0390625
2326,0.390625,0.390625,0.17578125,-0.029296875
2327,0.322265625,0.41015625,0,-0.15625
2328,0.52734375,0.341796875,-0.009765625,-0.05859375
2329,0.33203125,0.3515625,0.0390625,-0.107421875
2330,0.44921875,0.41015625,0,-0.166015625
2331,0.595703125,0.400390625,0.087890625,-0.068359375
2332,0.400390625,0.361328125,-0.009765625,-0.068359375
2333,0.390625,0.458984375,-0.009765625,0.0390625
2334,0.517578125,0.380859375,0.048828125,-0.068359375
2335,0.439453125,0.869140625,0,-0.048828125
2336,0.3515625,0.400390625,0.01953125,0.048828125
2337,0.283203125,0.419921875,0.029296875,-0.09765625
2338,0.3515625,0.849609375,-0.009765625,0.01953125
2339,0.3515625,0.37109375,0.029296875,-0.078125
2340,0.33203125,0.33203125,0,-0.05859375
2341,0.41015625,0.849609375,-0.146484375,0
2342,0.390625,0.341796875,-0.029296875,-0.05859375
2343,0.517578125,0.283203125,-0.01953125,-0.0390625
2344,0.400390625,-0.048828125,-0.068359375,-0.068359375
2345,0.458984375,0.322265625,-0.068359375,-0.1171875
2346,0.48828125,0.29296875,0.029296875,-0.029296875
2347,0.419921875,0,0.126953125,-0.1171875
2348,0.3515625,0.400390625,-0.05859375,-0.068359375
2349,0.498046875,0.4296875,0.0390625,-0.068359375
2350,0.3515625,0.732421875,0.107421875,-0.068359375
2351,0.44921875,0.37109375,0.009765625,-0.107421875
2352,0.234375,0.390625,0,-0.0390625
2353,0.390625,0.625,0.244140625,-0.029296875
2354,0.380859375,0.41015625,0.048828125,0.01953125
2355,0.13671875,0.37109375,0.009765625,-0.1171875
2356,0.37109375,0.72265625,-0.13671875,-0.029296875
2357,0.390625,0.400390625,0.01953125,0.01953125
2358,0.625,0.4296875,-0.029296875,-0.09765625
2359,0.400390625,0.15625,-0.185546875,0
2360,0.41015625,0.37109375,-0.01953125,0.078125
2361,0.56640625,0.3515625,0,-0.01953125
2362,0.33203125,0.15625,0.078125,-0.05859375
2363,0.380859375,0.37109375,0.01953125,-0.107421875
2364,0.595703125,0.380859375,-0.05859375,-0.087890625
2365,0.390625,0.537109375,0.13671875,-0.0390625
2366,0.400390625,0.390625,0.048828125,-0.107421875
2367,0.380859375,0.37109375,0.009765625,-0.009765625
2368,0.41015625,0.46875,0.078125,-0.05859375
2369,0.419921875,0.341796875,0.048828125,-0.048828125
2370,0.3125,0.37109375,0,-0.078125
2371,0.390625,0.498046875,0.0390625,-0.068359375
2372,0.361328125,0.361328125,0.05859375,-0.078125
2373,0.44921875,0.41015625,-0.029296875,0.05859375
2374,0.41015625,0.3515625,-0.009765625,-0.0390625
2375,0.41015625,0.41015625,0.01953125,-0.107421875
2376,0.5078125,0.33203125,-0.048828125,-0.048828125
2377,0.390625,0.33203125,-0.029296875,-0.087890625
2378,0.3515625,0.302734375,-0.01953125,0.009765625
2379,0.48828125,0.37109375,-0.009765625,-0.17578125
2380,0.5078125,0.419921875,-0.01953125,-0.048828125
2381,0.400390625,0.4296875,0.029296875,-0.01953125
2382,0.458984375,0.390625,0.05859375,-0.1953125
2383,0.41015625,0.390625,-0.068359375,-0.029296875
2384,0.3515625,0.3515625,0.107421875,-0.05859375
2385,0.390625,0.361328125,0,-0.166015625
2386,0.419921875,0.322265625,0.01953125,-0.0390625
2387,0.419921875,0.29296875,0.087890625,-0.1171875
2388,0.390625,0.380859375,-0.0390625,-0.01953125
2389,0.37109375,0.37109375,-0.029296875,-0.078125
2390,0.4296875,0.400390625,0.09765625,-0.087890625
2391,0.400390625,0.361328125,-0.01953125,0.009765625
2392,0.458984375,0.41015625,-0.009765625,-0.0390625
2393,0.390625,0.419921875,0.1171875,-0.185546875
2394,0.380859375,0.361328125,0,0.068359375
2395,0.380859375,0.439453125,-0.0390625,-0.15625
2396,0.37109375,0.400390625,-0.1953125,-0.0390625
2397,0.29296875,0.41015625,-0.048828125,-0.166015625
2398,0.01953125,0.380859375,-0.01953125,-0.107421875
2399,0.41015625,0.4296875,-0.15625,-0.029296875
2400,0.322265625,0.380859375,0.009765625,-0.087890625
2401,0.2734375,0.439453125,0.01953125,-0.01953125
2402,0.439453125,0.400390625,0.15625,-0.01953125
2403,0.41015625,0.37109375,0.029296875,-0.078125
2404,0.3515625,0.341796875,0,-0.048828125
2405,0.390625,0.17578125,0.17578125,-0.048828125
2406,0.41015625,0.322265625,0.009765625,-0.107421875
2407,0.498046875,0.361328125,0.05859375,-0.048828125
2408,0.4296875,0.283203125,0.17578125,-0.068359375
2409,0.3515625,0.341796875,-0.009765625,-0.048828125
2410,0.634765625,0.400390625,0.01953125,-0.0390625
2411,0.439453125,0.33203125,-0.107421875,-0.068359375
2412,0.390625,0.400390625,0.01953125,-0.09765625
2413,0.21484375,0.419921875,0.01953125,-0.1171875
2414,0.390625,0.625,-0.05859375,-0.05859375
2415,0.341796875,0.3515625,0.029296875,-0.05859375
2416,0.224609375,0.380859375,0.05859375,-0.0390625
2417,0.380859375,0.68359375,-0.078125,0.029296875
2418,0.419921875,0.37109375,-0.01953125,0
2419,0.263671875,0.29296875,0,-0.029296875
2420,0.37109375,0.224609375,0.009765625,-0.048828125
2421,0.4296875,0.341796875,0.01953125,0.01953125
2422,0.537109375,0.341796875,0.009765625,-0.13671875
2423,0.37109375,0.21484375,0,-0.068359375
2424,0.4296875,0.380859375,-0.01953125,-0.13671875
2425,0.615234375,0.37109375,-0.009765625,-0.05859375
2426,0.41015625,0.205078125,0.01953125,-0.05859375
2427,0.390625,0.390625,0.244140625,-0.126953125
2428,0.302734375,0.322265625,-0.01953125,-0.048828125
2429,0.419921875,0.46875,0.078125,-0.107421875
2430,0.33203125,0.44921875,0.146484375,-0.078125
2431,0.29296875,0.41015625,0.029296875,-0.0390625
2432,0.390625,0.537109375,0.107421875,-0.068359375
2433,0.380859375,0.361328125,0.078125,0
2434,0.263671875,0.439453125,0.068359375,-0.068359375
2435,0.419921875,0.33203125,0.009765625,-0.078125
2436,0.37109375,0.4296875,-0.205078125,-0.009765625
2437,0.46875,0.37109375,-0.05859375,-0.009765625
2438,0.361328125,0.322265625,-0.029296875,0.01953125
2439,0.3515625,0.380859375,-0.17578125,-0.087890625
2440,0.37109375,0.390625,-0.0390625,-0.1171875
2441,0.37109375,0.3125,-0.01953125,-0.029296875
2442,0.390625,0.400390625,0.1953125,-0.029296875
2443,0.478515625,0.361328125,0.01953125,-0.029296875
2444,0.41015625,0.361328125,0.009765625,-0.068359375
2445,0.380859375,0.439453125,0.166015625,-0.009765625
2446,0.44921875,0.361328125,0.009765625,-0.126953125
2447,0.48828125,0.380859375,0.0390625,-0.107421875
2448,0.41015625,0.380859375,0.1953125,-0.087890625
2449,0.4296875,0.390625,0.068359375,-0.078125
2450,0.41015625,0.37109375,0.068359375,0.05859375
2451,0.419921875,0.361328125,-0.1171875,-0.13671875
2452,0.322265625,0.37109375,-0.009765625,-0.029296875
2453,0.25390625,0.400390625,-0.009765625,-0.009765625
2454,0.478515625,0.3515625,-0.09765625,0.0390625
2455,0.400390625,0.400390625,0.0390625,-0.078125
2456,0.1953125,0.380859375,0.009765625,-0.068359375
2457,0.439453125,0.46875,-0.107421875,0.05859375
2458,0.41015625,0.3515625,0.009765625,0.05859375
2459,0.263671875,0.390625,-0.01953125,-0.048828125
2460,0.41015625,0.498046875,-0.048828125,-0.0390625
2461,0.419921875,0.41015625,-0.029296875,0.068359375
2462,0.52734375,0.361328125,0.01953125,-0.078125
2463,0.380859375,0.244140625,-0.09765625,-0.048828125
2464,0.390625,0.3515625,-0.029296875,-0.17578125
2465,0.546875,0.390625,-0.009765625,-0.029296875
2466,0.419921875,0.37109375,0.25390625,-0.048828125
2467,0.458984375,0.361328125,0.029296875,-0.17578125
2468,0.25390625,0.419921875,0.029296875,-0.0390625
2469,0.380859375,0.556640625,0.107421875,-0.078125
2470,0.400390625,0.361328125,0.078125,-0.234375
2471,0.25390625,0.380859375,0.048828125,0
2472,0.400390625,0.537109375,-0.078125,-0.068359375
2473,0.400390625,0.439453125,-0.009765625,0.029296875
2474,0.283203125,0.37109375,0.048828125,-0.0390625
2475,0.390625,0.205078125,-0.107421875,-0.05859375
2476,0.37109375,0.458984375,0.029296875,0
2477,0.517578125,0.4296875,-0.048828125,-0.05859375
2478,0.29296875,0.21484375,-0.146484375,-0.068359375
2479,0.341796875,0.380859375,0.087890625,-0.068359375
2480,0.498046875,0.4296875,0,-0.05859375
2481,0.41015625,0.224609375,0.0390625,-0.029296875
2482,0.41015625,0.400390625,-0.01953125,-0.087890625
2483,0.458984375,0.37109375,-0.009765625,0.05859375
2484,0.33203125,0.400390625,0.078125,-0.048828125
2485,0.478515625,0.37109375,0,-0.107421875
2486,0.46875,0.361328125,0,-0.09765625
2487,0.41015625,0.37109375,0.01953125,-0.09765625
2488,0.478515625,0.419921875,0,-0.087890625
2489,0.3515625,0.341796875,-0.0390625,-0.146484375
2490,0.44921875,0.46875,0.087890625,-0.087890625
2491,0.390625,0.390625,0.068359375,-0.087890625
2492,0.3515625,0.37109375,0.0390625,-0.13671875
2493,0.361328125,0.458984375,0.048828125,-0.068359375
2494,0.390625,0.390625,0.13671875,-0.01953125
2495,0.361328125,0.380859375,-0.029296875,-0.126953125
2496,0.322265625,0.400390625,0,-0.05859375
2497,0.37109375,0.380859375,-0.126953125,0.029296875
2498,0.44921875,0.37109375,0.029296875,0.048828125
2499,0.4296875,0.341796875,-0.087890625,-0.234375
2500,0.380859375,0.4296875,-0.107421875,0.029296875
2501,0.498046875,0.302734375,-0.078125,0.048828125
2502,0.44921875,0.458984375,0.029296875,-0.05859375
2503,0.419921875,0.46875,-0.146484375,-0.0390625
2504,0.458984375,0.390625,0.05859375,-0.224609375
2505,0.400390625,0.37109375,0.09765625,-0.05859375
2506,0.419921875,0.498046875,0.283203125,-0.01953125
2507,0.380859375,0.37109375,0.01953125,-0.234375
2508,0.37109375,0.3515625,0.029296875,-0.078125
2509,0.458984375,0.283203125,0.263671875,-0.068359375
2510,0.361328125,0.380859375,-0.0390625,-0.146484375
2511,0.458984375,0.37109375,0.009765625,-0.068359375
2512,0.41015625,0.29296875,-0.13671875,-0.087890625
2513,0.37109375,0.400390625,0.087890625,0.009765625
2514,0.41015625,0.44921875,-0.009765625,-0.068359375
2515,0.37109375,0.46875,-0.17578125,-0.09765625
2516,0.283203125,0.33203125,0.01953125,-0.01953125
2517,0.322265625,0.37109375,-0.048828125,-0.05859375
2518,0.458984375,0.576171875,-0.09765625,0.078125
2519,0.3125,0.41015625,0.078125,0.107421875
2520,0.21484375,0.3125,-0.009765625,-0.01953125
2521,0.361328125,0.556640625,0.0390625,-0.0390625
2522,0.4296875,0.380859375,0.0390625,-0.0390625
2523,0.810546875,0.3515625,-0.01953125,-0.01953125
2524,0.4296875,0.263671875,0.01953125,-0.107421875
2525,0.419921875,0.458984375,-0.009765625,0.029296875
2526,0.80078125,0.322265625,0.009765625,-0.05859375
2527,0.400390625,0.33203125,0.029296875,-0.087890625
2528,0.390625,0.380859375,0.048828125,-0.205078125
2529,0.76171875,0.390625,-0.0390625,-0.078125
2530,0.458984375,0.48828125,0.029296875,-0.048828125
2531,0.3515625,0.29296875,0.009765625,-0.17578125
2532,0.068359375,0.341796875,0.009765625,-0.078125
2533,0.4296875,0.615234375,0.078125,-0.078125
2534,0.390625,0.3515625,0.048828125,0.1171875
2535,0.078125,0.390625,-0.0390625,-0.05859375
2536,0.322265625,0.439453125,-0.01953125,-0.068359375
2537,0.390625,0.361328125,0.009765625,0.087890625
2538,0.654296875,0.361328125,0.107421875,-0.01953125
2539,0.4296875,0.09765625,-0.126953125,0.048828125
2540,0.400390625,0.4296875,0.078125,0.048828125
2541,0.712890625,0.33203125,-0.009765625,-0.048828125
2542,0.390625,0.17578125,0.05859375,-0.0390625
2543,0.41015625,0.37109375,0.0390625,-0.146484375
2544,0.654296875,0.390625,0.05859375,-0.107421875
2545,0.41015625,0.546875,0.078125,-0.107421875
2546,0.390625,0.361328125,0.048828125,-0.166015625
2547,0.29296875,0.390625,0.048828125,-0.05859375
2548,0.37109375,0.576171875,0.0390625,-0.029296875
2549,0.390625,0.380859375,0.078125,-0.078125
2550,0.29296875,0.4296875,-0.068359375,-0.078125
2551,0.44921875,0.5859375,0.068359375,-0.05859375
2552,0.478515625,0.3515625,-0.1171875,-0.048828125
2553,0.48828125,0.380859375,-0.009765625,-0.13671875
2554,0.419921875,0.33203125,-0.01953125,-0.0390625
2555,0.37109375,0.41015625,0.09765625,-0.126953125
2556,0.390625,0.380859375,-0.01953125,0.029296875
2557,0.4296875,0.205078125,-0.087890625,-0.0390625
2558,0.419921875,0.41015625,-0.01953125,-0.09765625
2559,0.400390625,0.400390625,0.029296875,0.01953125
2560,0.439453125,0.361328125,0.087890625,-0.0390625
2561,0.41015625,0.41015625,0.048828125,0.1171875
2562,0.439453125,0.41015625,0.087890625,-0.087890625
2563,0.37109375,0.380859375,-0.048828125,-0.05859375
2564,0.37109375,0.380859375,0.01953125,-0.05859375
2565,0.400390625,0.390625,0.029296875,-0.048828125
2566,0.390625,0.390625,0.048828125,-0.048828125
2567,0.380859375,0.400390625,-1.083984375,-0.087890625
2568,0.498046875,0.322265625,-1.181640625,-0.068359375
2569,0.478515625,0.341796875,-1.142578125,-0.087890625
2570,0.380859375,0.361328125,-1.19140625,-0.009765625
2571,0.380859375,0.341796875,-1.279296875,0.126953125
2572,0.341796875,0.37109375,-1.083984375,0.048828125
2573,0.4296875,0.400390625,-1.2109375,-0.048828125
2574,0.419921875,0.4296875,-1.181640625,-0.146484375
2575,0.341796875,0.390625,-1.23046875,-1.396484375
2576,0.37109375,0.400390625,-1.142578125,-1.337890625
2577,0.41015625,0.380859375,-1.19140625,-1.376953125
2578,0.4296875,0.33203125,-1.171875,-1.3671875
2579,0.37109375,0.1953125,-1.19140625,-1.38671875
2580,0.361328125,0.380859375,-1.171875,-1.416015625
2581,0.419921875,0.41015625,-1.201171875,-1.279296875
2582,0.400390625,0.419921875,0.0390625,-1.328125
2583,0.41015625,0.400390625,-0.078125,-1.318359375
2584,0.478515625,0.302734375,-0.01953125,-1.38671875
2585,0.361328125,0.322265625,-0.21484375,-1.3671875
2586,0.48828125,0.322265625,-0.146484375,-1.318359375
2587,0.48828125,0.400390625,-0.048828125,-1.46484375
2588,0.46875,0.3125,-0.078125,-1.34765625
2589,0.48828125,0.419921875,-0.1171875,-0.078125
2590,0.52734375,0.498046875,-0.078125,0
2591,0.41015625,0.3515625,-0.205078125,0.048828125
2592,0.302734375,0.361328125,-0.087890625,0.107421875
2593,0.1953125,0.4296875,-0.01953125,0.087890625
2594,0.361328125,0.517578125,-0.05859375,0.048828125
2595,0.33203125,0.419921875,-0.087890625,0.01953125
2596,0.205078125,0.439453125,-0.087890625,0.029296875
2597,0.3515625,0.556640625,-0.087890625,0.048828125
2598,0.390625,0.390625,-0.17578125,-0.068359375
2599,0.17578125,0.361328125,-0.0390625,0.009765625
2600,0.361328125,0.234375,-0.0390625,0.029296875
2601,0.400390625,0.37109375,-0.048828125,-0.302734375
2602,0.60546875,0.3515625,-0.078125,-0.390625
2603,0.4296875,0.205078125,0.009765625,-0.41015625
2604,0.390625,0.419921875,-0.068359375,-0.44921875
2605,0.625,0.390625,-0.048828125,-0.37109375
2606,0.361328125,0.21484375,-0.146484375,-0.419921875
2607,0.419921875,0.390625,-0.146484375,-0.361328125
2608,0.205078125,0.341796875,-0.322265625,-0.361328125
2609,0.439453125,0.5078125,-0.400390625,-0.3515625
2610,0.439453125,0.41015625,-0.283203125,-0.302734375
2611,0.205078125,0.3515625,-0.341796875,-0.224609375
2612,0.46875,0.48828125,-0.3125,-0.380859375
2613,0.400390625,0.37109375,-0.2734375,-0.400390625
2614,0.166015625,0.400390625,-0.3515625,-0.52734375
2615,0.37109375,0.419921875,-0.41015625,-0.37109375
2616,0.390625,0.37109375,-0.322265625,-0.3515625
2617,0.546875,0.390625,-0.3125,-0.2734375
2618,0.400390625,0.390625,-0.33203125,-0.341796875
2619,0.41015625,0.458984375,-0.29296875,-0.37109375
2620,0.498046875,0.37109375,-0.3515625,-0.625
2621,0.33203125,0.341796875,-0.41015625,-0.322265625
2622,0.419921875,0.380859375,-0.33203125,-0.380859375
2623,0.419921875,0.341796875,-0.224609375,-0.29296875
2624,0.4296875,0.341796875,-0.263671875,-0.380859375
2625,0.380859375,0.185546875,-0.224609375,-0.380859375
2626,0.439453125,0.361328125,-0.244140625,-0.556640625
2627,0.302734375,0.37109375,-0.224609375,-0.46875
2628,0.400390625,0.263671875,-0.185546875,-0.361328125
2629,0.3515625,0.37109375,-0.1953125,-0.341796875
2630,0.41015625,0.400390625,-0.25390625,-0.322265625
2631,0.41015625,0.283203125,-0.09765625,-0.3515625
2632,0.37109375,0.33203125,-0.29296875,-0.41015625
2633,0.439453125,0.458984375,-0.185546875,-0.322265625
2634,0.41015625,0.517578125,-0.21484375,-0.380859375
2635,0.380859375,0.390625,-0.2734375,-0.341796875
2636,0.341796875,0.44921875,-0.263671875,-0.419921875
2637,0.4296875,0.458984375,-0.21484375,-0.390625
2638,0.46875,0.361328125,-0.234375,-0.380859375
2639,0.361328125,0.3125,-0.21484375,-0.2734375
2640,0.380859375,0.25390625,-0.244140625,-0.419921875
2641,0.41015625,0.419921875,-0.244140625,-0.3515625
2642,0.693359375,0.29296875,-0.244140625,-0.361328125
2643,0.3515625,0.283203125,-0.126953125,-0.44921875
2644,0.41015625,0.380859375,-0.234375,-0.283203125
2645,0.64453125,0.361328125,-0.263671875,-0.361328125
2646,0.400390625,0.234375,-0.33203125,-0.361328125
2647,0.400390625,0.439453125,-0.380859375,-0.380859375
2648,0.078125,0.400390625,-0.13671875,-0.302734375
2649,0.390625,0.576171875,-0.146484375,-0.4296875
2650,0.380859375,0.390625,-0.205078125,-0.439453125
2651,0.166015625,0.33203125,-0.2734375,-0.48828125
2652,0.400390625,0.595703125,-0.3515625,-0.41015625
2653,0.361328125,0.361328125,-0.166015625,-0.41015625
2654,0.1171875,0.41015625,-0.2734375,-0.361328125
2655,0.361328125,0.380859375,-0.341796875,-0.390625
2656,0.37109375,0.390625,-0.322265625,-0.341796875
2657,0.5859375,0.29296875,-0.302734375,-0.478515625
2658,0.41015625,0.341796875,-0.283203125,-0.33203125
2659,0.400390625,0.380859375,-0.322265625,-0.44921875
2660,0.556640625,0.37109375,-0.322265625,-0.48828125
2661,0.41015625,0.419921875,-0.3515625,-0.439453125
2662,0.419921875,0.2734375,-0.25390625,-0.419921875
2663,0.400390625,0.380859375,-0.25390625,-0.48828125
2664,0.37109375,0.322265625,-0.166015625,-0.44921875
2665,0.458984375,0.3515625,-0.25390625,-0.439453125
2666,0.302734375,0.3515625,-0.244140625,-0.2734375
2667,0.400390625,0.3125,-0.263671875,-0.5078125
2668,0.44921875,0.48828125,-0.380859375,-0.390625
2669,0.37109375,0.400390625,-0.2734375,-0.44921875
2670,0.390625,0.46875,-0.166015625,-0.380859375
2671,0.37109375,0.361328125,-0.185546875,-0.283203125
2672,0.48828125,0.41015625,-0.234375,-0.29296875
2673,0.380859375,0.439453125,-0.263671875,-0.4296875
2674,0.322265625,0.400390625,-0.25390625,-0.439453125
2675,0.3515625,0.37109375,-0.283203125,-0.419921875
2676,0.400390625,0.498046875,-0.234375,-0.439453125
2677,0.322265625,0.390625,-0.107421875,-0.380859375
2678,0.439453125,0.419921875,-0.322265625,-0.419921875
2679,0.400390625,0.302734375,-0.341796875,-0.390625
2680,0.37109375,0.390625,-0.234375,-0.4296875
2681,0.37109375,0.390625,-0.322265625,-0.60546875
2682,0.41015625,0.390625,-0.283203125,-0.41015625
2683,0.419921875,0.37109375,-0.234375,-0.419921875
2684,0.44921875,0.37109375,-0.3125,-0.517578125
2685,0.380859375,0.419921875,-0.302734375,-0.419921875
2686,0.390625,0.341796875,-0.361328125,-0.390625
2687,0.458984375,0.380859375,-0.322265625,-0.380859375
2688,0.48828125,0.37109375,-0.390625,-0.458984375
2689,0.390625,0.380859375,-0.25390625,-0.44921875
2690,0.46875,0.419921875,-0.29296875,-0.4296875
2691,0.46875,0.322265625,-0.4296875,-0.400390625
2692,0.44921875,0.419921875,-0.302734375,-0.380859375
2693,0.37109375,0.37109375,-0.263671875,-0.244140625
2694,0.4296875,0.478515625,-0.15625,-0.52734375
2695,0.33203125,0.64453125,-0.263671875,-0.4296875
2696,0.400390625,0.419921875,-0.244140625,-0.29296875
2697,0.322265625,0.390625,-0.283203125,-0.41015625
2698,0.390625,0.625,-0.361328125,-0.3515625
2699,0.3515625,0.390625,-0.185546875,-0.400390625
2700,0.3125,0.33203125,-0.2734375,-0.3515625
2701,0.400390625,0.7421875,-0.15625,-0.390625
2702,0.419921875,0.380859375,-0.1953125,-0.3515625
2703,0.498046875,0.380859375,-0.283203125,-0.46875
2704,0.390625,0.107421875,-0.13671875,-0.400390625
2705,0.498046875,0.3515625,-0.234375,-0.390625
2706,0.498046875,0.322265625,-0.302734375,-0.361328125
2707,0.3515625,-0.048828125,-0.234375,-0.37109375
2708,0.33203125,0.439453125,-0.1953125,-0.439453125
2709,0.46875,0.400390625,-0.224609375,-0.361328125
2710,0.380859375,0.8203125,-0.2734375,-0.4296875
2711,0.400390625,0.400390625,-0.341796875,-0.341796875
2712,0.13671875,0.4296875,-0.29296875,-0.37109375
2713,0.41015625,0.712890625,-0.33203125,-0.380859375
2714,0.341796875,0.380859375,-0.29296875,-0.3515625
2715,0.1953125,0.400390625,-0.29296875,-0.126953125
2716,0.361328125,0.791015625,-0.380859375,-0.37109375
2717,0.41015625,0.390625,-0.361328125,-0.263671875
2718,0.5859375,0.322265625,-0.2734375,-0.25390625
2719,0.322265625,0.166015625,-0.400390625,-0.390625
2720,0.341796875,0.41015625,-0.283203125,-0.341796875
2721,0.556640625,0.439453125,-0.25390625,-0.3515625
2722,0.4296875,0.15625,-0.224609375,-0.41015625
2723,0.44921875,0.37109375,-0.05859375,-0.41015625
2724,0.615234375,0.37109375,-0.263671875,-0.37109375
2725,0.41015625,0.517578125,-0.37109375,-0.3515625
2726,0.400390625,0.41015625,-0.078125,-0.33203125
2727,0.2734375,0.361328125,-0.17578125,-0.2734375
2728,0.380859375,0.52734375,-0.13671875,-0.3515625
2729,0.390625,0.322265625,-0.25390625,-0.380859375
2730,0.3125,0.390625,-0.15625,-0.390625
2731,0.400390625,0.537109375,-0.1171875,-0.33203125
2732,0.44921875,0.419921875,-0.146484375,-0.3515625
2733,0.3515625,0.400390625,-0.322265625,-0.37109375
2734,0.41015625,0.390625,-0.185546875,-0.33203125
2735,0.37109375,0.400390625,-0.361328125,-0.419921875
2736,0.419921875,0.361328125,-0.234375,-0.361328125
2737,0.3515625,0.458984375,-0.322265625,-0.3125
2738,0.400390625,0.44921875,-0.302734375,-0.33203125
2739,0.46875,0.380859375,-0.2734375,-0.322265625
2740,0.361328125,0.3515625,-0.166015625,-0.3515625
2741,0.361328125,0.380859375,-0.263671875,-0.2734375
2742,0.439453125,0.37109375,-0.234375,-0.341796875
2743,0.322265625,0.322265625,-0.25390625,-0.3515625
2744,0.33203125,0.302734375,-0.185546875,-0.341796875
2745,0.4296875,0.361328125,-0.166015625,-0.4296875
2746,0.3515625,0.341796875,-0.2734375,-0.21484375
2747,0.41015625,0.33203125,-0.41015625,-0.302734375
2748,0.390625,0.400390625,-0.166015625,-0.29296875
2749,0.33203125,0.380859375,-0.234375,-0.361328125
2750,0.400390625,0.48828125,-0.33203125,-0.2734375
2751,0.3515625,0.390625,-0.25390625,-0.3125
2752,0.322265625,0.41015625,-0.244140625,-0.322265625
2753,0.41015625,0.517578125,-0.3125,-0.322265625
2754,0.44921875,0.419921875,-0.17578125,-0.2734375
2755,0.341796875,0.400390625,-0.21484375,-0.322265625
2756,0.3515625,0.615234375,-0.15625,-0.322265625
2757,0.361328125,0.4296875,-0.3515625,-0.224609375
2758,0.224609375,0.400390625,-0.263671875,-0.234375
2759,0.3515625,0.263671875,-0.146484375,-0.322265625
2760,0.400390625,0.400390625,-0.21484375,-0.341796875
2761,0.283203125,0.419921875,-0.25390625,-0.380859375
2762,0.439453125,0.25390625,-0.13671875,-0.263671875
2763,0.44921875,0.37109375,-0.17578125,-0.3125
2764,0.17578125,0.341796875,-0.25390625,-0.341796875
2765,0.458984375,0.01953125,-0.37109375,-0.21484375
2766,0.4296875,0.419921875,-0.234375,-0.25390625
2767,0.498046875,0.33203125,-0.224609375,-0.37109375
2768,0.458984375,0.126953125,-0.146484375,-0.380859375
2769,0.37109375,0.3515625,-0.2734375,-0.263671875
2770,0.498046875,0.439453125,-0.244140625,-0.322265625
2771,0.419921875,0.21484375,-0.263671875,-0.2734375
2772,0.3515625,0.37109375,-0.244140625,-0.341796875
2773,0.1953125,0.41015625,-0.25390625,-0.322265625
2774,0.46875,0.6640625,-0.224609375,-0.263671875
2775,0.33203125,0.380859375,-0.244140625,-0.3125
2776,0.283203125,0.44921875,-0.244140625,-0.302734375
2777,0.41015625,0.78125,-0.224609375,-0.2734375
2778,0.41015625,0.390625,-0.09765625,-0.25390625
2779,0.283203125,0.33203125,-0.185546875,-0.244140625
2780,0.341796875,0.166015625,-0.087890625,-0.3515625
2781,0.419921875,0.400390625,-0.1171875,-0.263671875
2782,0.546875,0.37109375,-0.283203125,-0.302734375
2783,0.37109375,0.1953125,-0.322265625,-0.283203125
2784,0.380859375,0.3515625,-0.302734375,-0.400390625
2785,0.52734375,0.4296875,-0.244140625,-0.126953125
2786,0.380859375,0.17578125,-0.205078125,-0.302734375
2787,0.3515625,0.361328125,-0.13671875,-0.341796875
2788,0.263671875,0.400390625,-0.234375,-0.46875
2789,0.322265625,0.576171875,-0.3125,-0.400390625
2790,0.3515625,0.400390625,-0.205078125,-0.283203125
2791,0.263671875,0.361328125,-0.21484375,-0.439453125
2792,0.37109375,0.517578125,-0.361328125,-0.29296875
2793,0.44921875,0.390625,-0.244140625,-0.234375
2794,0.283203125,0.3515625,-0.2734375,-0.33203125
2795,0.419921875,0.244140625,-0.29296875,-0.283203125
2796,0.37109375,0.390625,-0.322265625,-0.2734375
2797,0.380859375,0.400390625,-0.283203125,-0.283203125
2798,0.33203125,0.2734375,-0.25390625,-0.263671875
2799,0.37109375,0.41015625,-0.263671875,-0.1953125
2800,0.439453125,0.341796875,-0.263671875,-0.29296875
2801,0.400390625,0.263671875,-0.263671875,-0.263671875
2802,0.419921875,0.41015625,-0.205078125,-0.2734375
2803,0.478515625,0.419921875,-0.1953125,-0.283203125
2804,0.380859375,0.3515625,-0.17578125,-0.2734375
2805,0.41015625,0.380859375,-0.205078125,-0.234375
2806,0.41015625,0.390625,-0.1953125,-0.341796875
2807,0.64453125,0.380859375,-0.21484375,-0.244140625
2808,0.41015625,0.390625,-0.13671875,-0.283203125
2809,0.37109375,0.361328125,-0.1953125,-0.439453125
2810,0.5859375,0.400390625,-0.2734375,-0.21484375
2811,0.4296875,0.380859375,-0.224609375,-0.25390625
2812,0.439453125,0.29296875,-0.21484375,-0.09765625
2813,0.2734375,0.400390625,-0.224609375,-0.224609375
2814,0.390625,0.48828125,-0.224609375,-0.25390625
2815,0.3515625,0.400390625,-0.224609375,-0.205078125
2816,0.21484375,0.361328125,-0.205078125,-0.3125
2817,0.400390625,0.5078125,-0.13671875,-0.29296875
2818,0.3515625,0.419921875,-0.263671875,-0.205078125
2819,0.244140625,0.3125,-0.146484375,-0.244140625
2820,0.400390625,0.33203125,-0.2734375,-0.341796875
2821,0.4296875,0.380859375,-0.185546875,-0.33203125
2822,0.576171875,0.322265625,-0.126953125,-0.1953125
2823,0.37109375,0.302734375,-0.17578125,-0.341796875
2824,0.37109375,0.380859375,-0.09765625,-0.361328125
2825,0.52734375,0.390625,-0.185546875,-0.234375
2826,0.439453125,0.361328125,-0.09765625,-0.17578125
2827,0.44921875,0.4296875,-0.15625,-0.029296875
2828,0.5078125,0.37109375,-0.166015625,-0.1953125
2829,0.380859375,0.556640625,-0.126953125,-0.185546875
2830,0.361328125,0.419921875,-0.234375,-0.341796875
2831,0.400390625,0.3515625,-0.25390625,-0.234375
2832,0.419921875,0.576171875,-0.205078125,-0.15625
2833,0.41015625,0.37109375,-0.244140625,-0.263671875
2834,0.419921875,0.4296875,-0.21484375,-0.17578125
2835,0.390625,0.146484375,-0.302734375,-0.25390625
2836,0.302734375,0.380859375,-0.205078125,-0.37109375
2837,0.234375,0.439453125,-0.263671875,-0.205078125
2838,0.4296875,0.2734375,-0.234375,-0.146484375
2839,0.361328125,0.380859375,-0.361328125,-0.15625
2840,0.478515625,0.37109375,-0.2734375,-0.2734375
2841,0.4296875,0.234375,-0.29296875,-0.126953125
2842,0.478515625,0.380859375,-0.263671875,-0.1171875
2843,0.537109375,0.37109375,-0.244140625,-0.205078125
2844,0.41015625,0.439453125,-0.3125,-0.126953125
2845,0.390625,0.380859375,-0.361328125,-0.205078125
2846,0.48828125,0.380859375,-0.1953125,-0.283203125
2847,0.390625,0.498046875,-0.15625,-0.224609375
2848,0.341796875,0.390625,-0.244140625,-0.078125
2849,0.4296875,0.2734375,-0.15625,-0.263671875
2850,0.322265625,0.439453125,-0.25390625,-0.09765625
2851,0.537109375,0.3515625,-0.17578125,-0.13671875
2852,0.439453125,0.419921875,-0.185546875,-0.21484375
2853,0.37109375,0.380859375,-0.087890625,-0.234375
2854,0.29296875,0.41015625,-0.263671875,-0.185546875
2855,0.283203125,0.390625,-0.185546875,-0.1953125
2856,0.21484375,1.11328125,-0.205078125,-0.15625
2857,0.37109375,1.2109375,-0.05859375,-0.166015625
2858,0.244140625,1.2109375,-0.2734375,-0.21484375
2859,0.361328125,1.162109375,-0.166015625,-0.234375
2860,0.400390625,1.26953125,-0.1953125,-0.1953125
2861,0.439453125,1.23046875,-0.234375,-0.25390625
2862,0.29296875,1.240234375,-0.224609375,-0.146484375
2863,0.390625,1.201171875,-0.341796875,-0.205078125
2864,0.380859375,1.181640625,-0.244140625,-0.29296875
2865,0.3515625,1.07421875,-0.33203125,-0.234375
2866,0.41015625,1.171875,-0.234375,-0.1953125
2867,0.361328125,1.201171875,-0.2734375,-0.048828125
2868,0.3125,1.23046875,-0.205078125,-0.185546875
2869,0.498046875,1.337890625,-0.21484375,-0.166015625
2870,0.390625,1.23046875,-0.322265625,-0.2734375
2871,0.380859375,1.123046875,-0.283203125,-0.1953125
2872,0.419921875,1.044921875,-0.15625,-0.17578125
2873,0.400390625,1.142578125,-0.263671875,0
2874,0.46875,1.15234375,-0.263671875,-0.17578125
2875,0.33203125,1.064453125,-0.224609375,-0.146484375
2876,0.5859375,1.11328125,-0.205078125,-0.13671875
2877,0.361328125,1.19140625,-0.1171875,-0.205078125
2878,0.380859375,1.09375,-0.107421875,-0.25390625
2879,0.439453125,1.142578125,-0.400390625,-0.15625
2880,0.4296875,1.083984375,-0.25390625,-0.302734375
2881,0.380859375,1.005859375,-0.21484375,-0.107421875
2882,0.439453125,1.162109375,-0.185546875,-0.146484375
2883,0.458984375,1.1328125,-0.205078125,0.009765625
2884,0.4296875,1.142578125,-0.263671875,-0.21484375
2885,0.390625,1.181640625,-0.322265625,-0.166015625
2886,0.380859375,1.220703125,-0.205078125,-0.15625
2887,0.361328125,1.19140625,-0.146484375,-0.15625
2888,0.400390625,1.19140625,-0.17578125,-0.244140625
2889,0.458984375,1.19140625,-0.1953125,-0.29296875
2890,0.419921875,1.40625,-0.1953125,-0.17578125
2891,0.361328125,1.162109375,-0.01953125,-0.126953125
2892,0.400390625,1.171875,-0.078125,-0.05859375
2893,0.439453125,1.259765625,-0.283203125,-0.13671875
2894,0.400390625,1.083984375,-0.166015625,-0.25390625
2895,0.380859375,1.162109375,-0.146484375,-0.234375
2896,0.390625,1.181640625,-0.263671875,-0.25390625
2897,0.400390625,1.220703125,-0.13671875,-0.302734375
2898,0.3125,1.171875,-0.283203125,-0.234375
2899,0.48828125,1.2109375,-0.205078125,-0.205078125
2900,0.44921875,1.2890625,-0.224609375,-0.234375
2901,0.458984375,1.2890625,-0.15625,-0.21484375
2902,0.361328125,1.30859375,-0.205078125,-0.21484375
2903,0.400390625,1.494140625,-0.05859375,-0.185546875
2904,0.361328125,1.23046875,-0.17578125,-0.25390625
2905,0.3515625,1.298828125,-0.185546875,-0.166015625
2906,0.390625,1.318359375,-0.1171875,-0.107421875
2907,0.419921875,1.2890625,-0.234375,-0.146484375
2908,0.341796875,1.669921875,-0.21484375,-0.13671875
2909,0.4296875,1.42578125,-0.390625,-0.146484375
2910,0.60546875,1.298828125,-0.09765625,-0.009765625
2911,0.44921875,1.064453125,-0.244140625,-0.166015625
2912,0.37109375,1.1328125,-0.107421875,-0.21484375
2913,0.3515625,1.142578125,-0.166015625,-0.234375
2914,0.302734375,1.07421875,-0.15625,-0.15625
2915,0.439453125,1.201171875,-0.29296875,-0.283203125
2916,0.33203125,1.064453125,-0.21484375,-0.09765625
2917,0.390625,1.1328125,-0.1953125,-0.17578125
2918,0.400390625,1.11328125,-0.146484375,-0.234375
2919,0.341796875,1.083984375,-0.21484375,-0.126953125
2920,0.3125,1.2890625,-0.126953125,-0.1953125
2921,0.400390625,1.416015625,-0.29296875,-0.1953125
2922,0.361328125,1.15234375,-0.107421875,-0.068359375
2923,0.3125,1.083984375,-0.126953125,-0.21484375
2924,0.390625,1.279296875,-0.146484375,-0.224609375
2925,0.458984375,1.1328125,-0.205078125,-0.205078125
2926,0.361328125,1.1328125,-0.146484375,-0.25390625
2927,0.41015625,1.083984375,-0.263671875,-0.1953125
2928,0.48828125,1.103515625,-0.1953125,-0.107421875
2929,0.439453125,1.07421875,-0.15625,-0.205078125
2930,0.37109375,1.123046875,-0.078125,-0.224609375
2931,0.400390625,1.064453125,-0.17578125,-0.087890625
2932,0.537109375,1.11328125,-0.15625,-0.15625
2933,0.4296875,1.328125,-0.17578125,-0.205078125
2934,0.390625,1.11328125,-0.107421875,-0.15625
2935,0.458984375,1.201171875,-0.205078125,-0.166015625
2936,0.439453125,1.083984375,-0.166015625,-0.17578125
2937,0.322265625,1.044921875,-0.25390625,-0.37109375
2938,0.41015625,1.0546875,-0.146484375,-0.25390625
2939,0.390625,1.15234375,-0.283203125,-0.15625
2940,0.41015625,1.23046875,-0.21484375,-0.234375
2941,0.419921875,1.2109375,-0.166015625,-0.01953125
2942,0.4296875,1.240234375,-0.05859375,-0.166015625
2943,0.29296875,1.201171875,-0.17578125,-0.01953125
2944,0.33203125,1.25,-0.244140625,-0.224609375
2945,0.439453125,1.0546875,-0.205078125,-0.234375
2946,0.419921875,1.19140625,-0.244140625,-0.3515625
2947,0.419921875,1.328125,-0.166015625,-0.166015625
2948,0.400390625,1.337890625,-0.263671875,-0.1171875
2949,0.439453125,1.279296875,-0.146484375,-0.234375
2950,0.546875,1.23046875,-0.224609375,-0.17578125
2951,0.419921875,1.19140625,-0.3125,-0.185546875
2952,0.400390625,1.201171875,-0.146484375,-0.146484375
2953,0.390625,1.2109375,-0.15625,-0.17578125
2954,0.361328125,1.220703125,-0.166015625,-0.234375
2955,0.361328125,1.328125,-0.263671875,-0.29296875
2956,0.478515625,1.30859375,-0.17578125,-0.234375
2957,0.341796875,1.30859375,-0.1171875,-0.224609375
2958,0.41015625,1.2890625,-0.25390625,-0.126953125
2959,0.341796875,1.2890625,-0.15625,-0.263671875
2960,0.33203125,1.34765625,-0.21484375,-0.25390625
2961,0.380859375,1.30859375,-0.17578125,-0.2734375
2962,0.478515625,1.34765625,-0.205078125,-0.1171875
2963,0.41015625,1.09375,-0.2734375,-0.1953125
2964,0.4296875,1.513671875,-0.205078125,-0.2734375
2965,0.537109375,1.30859375,-0.1953125,-0.29296875
2966,0.390625,1.2890625,-0.1953125,-0.1953125
2967,0.37109375,1.357421875,-0.283203125,-0.2734375
2968,0.390625,1.328125,-0.185546875,-0.13671875
2969,0.361328125,1.484375,-0.263671875,-0.263671875
2970,0.390625,1.337890625,-0.15625,-0.087890625
2971,0.46875,1.455078125,-0.185546875,-0.15625
2972,0.419921875,1.396484375,-0.09765625,-0.263671875
2973,0.4296875,1.279296875,-0.25390625,-0.1953125
2974,0.361328125,1.42578125,-0.1953125,-0.205078125
2975,0.380859375,1.376953125,-0.146484375,-0.224609375
2976,0.458984375,1.40625,-0.068359375,-0.1953125
2977,0.302734375,1.376953125,-0.205078125,-0.322265625
2978,0.2734375,1.30859375,-0.234375,-0.1953125
2979,0.478515625,1.396484375,-0.166015625,-0.185546875
2980,0.41015625,1.3671875,-0.166015625,-0.244140625
2981,0.3515625,1.259765625,-0.126953125,-0.263671875
2982,0.439453125,1.34765625,-0.029296875,-0.1953125
2983,0.380859375,1.30859375,-0.224609375,-0.263671875
2984,0.37109375,1.23046875,-0.244140625,-0.2734375
2985,0.37109375,1.259765625,-0.107421875,-0.21484375
2986,0.33203125,1.3671875,-0.1953125,-0.224609375
2987,0.46875,1.298828125,-0.17578125,-0.205078125
2988,0.390625,1.2890625,-0.166015625,-0.21484375
2989,0.400390625,1.337890625,-0.17578125,-0.166015625
2990,0.419921875,1.40625,-0.244140625,-0.185546875
2991,0.439453125,1.357421875,-0.2734375,-0.25390625
2992,0.33203125,1.318359375,-0.25390625,-0.0390625
2993,0.419921875,1.34765625,-0.087890625,-0.44921875
2994,0.44921875,1.337890625,-0.13671875,-0.205078125
2995,0.4296875,1.19140625,-0.283203125,-0.15625
2996,0.33203125,1.15234375,-0.21484375,-0.3515625
2997,0.546875,1.240234375,-0.3125,-0.21484375
2998,0.380859375,1.19140625,-0.37109375,-0.185546875
2999,0.4296875,1.2109375,-0.17578125,-0.2734375
3000,0.390625,1.201171875,-0.166015625,-0.244140625
3001,0.3125,1.15234375,-0.09765625,-0.244140625
3002,0.400390625,1.142578125,-0.185546875,-0.244140625
3003,0.4296875,1.064453125,-0.185546875,-0.25390625
3004,0.41015625,1.11328125,-0.17578125,-0.224609375
3005,0.654296875,1.171875,-0.185546875,-0.302734375
3006,0.546875,1.181640625,-0.068359375,-0.322265625
3007,0.41015625,1.23046875,-0.244140625,-0.537109375
3008,0.33203125,1.15234375,-0.15625,-0.361328125
3009,0.400390625,1.19140625,-0.13671875,-0.302734375
3010,0.390625,1.259765625,-0.25390625,-0.41015625
3011,0.380859375,1.220703125,-0.1953125,-0.37109375
3012,0.400390625,1.181640625,-0.2734375,-0.37109375
3013,0.361328125,1.220703125,-0.2734375,-0.283203125
3014,0.361328125,1.240234375,-0.224609375,-0.224609375
3015,0.37109375,1.220703125,-0.146484375,-0.302734375
3016,0.517578125,1.23046875,-0.185546875,-0.283203125
3017,0.517578125,1.240234375,-0.205078125,-0.390625
3018,0.576171875,1.259765625,-0.3125,-0.3125
3019,0.41015625,1.181640625,-0.25390625,-0.2734375
3020,0.458984375,1.171875,-0.205078125,-0.46875
3021,0.361328125,1.11328125,-0.1953125,-0.283203125
3022,0.380859375,1.259765625,-0.244140625,-0.234375
3023,0.439453125,1.201171875,-0.224609375,-0.087890625
3024,0.3515625,1.50390625,-0.166015625,-0.3125
3025,0.419921875,1.23046875,-0.185546875,-0.244140625
3026,0.390625,1.38671875,-0.15625,-0.2734375
3027,0.419921875,1.376953125,-0.21484375,-0.322265625
3028,0.341796875,1.279296875,-0.263671875,-0.322265625
3029,0.341796875,1.337890625,-0.166015625,-0.185546875
3030,0.361328125,1.318359375,-0.185546875,-0.234375
3031,0.380859375,1.259765625,-0.166015625,-0.390625
3032,0.576171875,1.357421875,-0.185546875,-0.17578125
3033,0.380859375,1.376953125,-0.05859375,-0.361328125
3034,0.48828125,1.328125,-0.1953125,-0.234375
3035,0.41015625,1.337890625,-0.126953125,-0.224609375
3036,0.33203125,1.34765625,-0.1953125,-0.302734375
3037,0.46875,1.38671875,-0.283203125,-0.390625
3038,0.2734375,1.38671875,-0.21484375,-0.322265625
3039,0.390625,1.4453125,-0.205078125,-0.361328125
3040,0.3515625,1.533203125,-0.17578125,-0.322265625
3041,0.380859375,1.40625,-0.205078125,-0.13671875
3042,0.439453125,1.396484375,-0.205078125,-0.263671875
3043,0.400390625,1.357421875,-0.15625,-0.33203125
3044,0.341796875,1.416015625,-0.21484375,-0.263671875
3045,0.390625,1.38671875,-0.185546875,-0.361328125
3046,0.390625,1.42578125,-0.01953125,-0.380859375
3047,0.380859375,1.396484375,-0.13671875,-0.458984375
3048,0.3125,1.376953125,-0.205078125,-0.3515625
3049,0.322265625,1.42578125,-0.234375,-0.322265625
3050,0.41015625,1.396484375,-0.205078125,-0.29296875
3051,0.3515625,1.484375,-0.126953125,-0.361328125
3052,0.33203125,1.2890625,-0.21484375,-0.390625
3053,0.4296875,1.40625,-0.1953125,-0.13671875
3054,0.517578125,1.416015625,-0.25390625,-0.361328125
3055,0.390625,1.40625,-0.17578125,-0.302734375
3056,0.44921875,1.4453125,-0.048828125,-0.263671875
3057,0.478515625,1.4453125,-0.302734375,-0.322265625
3058,0.400390625,1.484375,-0.283203125,-0.33203125
3059,0.380859375,1.38671875,-0.1953125,-0.283203125
3060,0.400390625,1.34765625,-0.17578125,-0.400390625
3061,0.458984375,1.30859375,-0.302734375,-0.341796875
3062,0.458984375,1.435546875,-0.3125,-0.341796875
3063,0.37109375,1.279296875,-0.1953125,-0.33203125
3064,0.41015625,1.328125,-0.107421875,-0.390625
3065,0.380859375,1.34765625,-0.13671875,-0.517578125
3066,0.44921875,1.298828125,-0.17578125,-0.37109375
3067,0.3515625,1.30859375,-0.244140625,-0.361328125
3068,0.380859375,1.337890625,-0.322265625,-0.37109375
3069,0.33203125,1.396484375,-0.2734375,-0.244140625
3070,0.37109375,1.34765625,-0.1171875,-0.41015625
3071,0.44921875,1.3671875,-0.17578125,-0.419921875
3072,0.537109375,1.2890625,-0.15625,-0.44921875
3073,0.400390625,1.328125,-0.1953125,-0.3515625
3074,0.380859375,1.328125,-0.13671875,-0.4296875
3075,0.37109375,1.337890625,-0.17578125,-0.33203125
3076,0.3125,1.46484375,-0.234375,-0.302734375
3077,0.458984375,1.357421875,0.01953125,-0.29296875
3078,0.3515625,1.318359375,-0.21484375,-0.33203125
3079,0.37109375,1.328125,-0.185546875,-0.3515625
3080,0.41015625,1.162109375,-0.0390625,-0.3515625
3081,0.419921875,1.220703125,-0.166015625,-0.361328125
3082,0.4296875,1.064453125,-0.244140625,-0.341796875
3083,0.361328125,1.171875,-0.09765625,-0.37109375
3084,0.44921875,1.25,-0.185546875,-0.283203125
3085,0.3515625,1.0546875,-0.13671875,-0.37109375
3086,0.380859375,1.240234375,-0.126953125,-0.224609375
3087,0.380859375,1.25,-0.17578125,-0.419921875
3088,0.439453125,1.2890625,-0.33203125,-0.341796875
3089,0.419921875,1.240234375,-0.087890625,-0.3125
3090,0.390625,1.15234375,-0.21484375,-0.595703125
3091,0.478515625,1.181640625,-0.107421875,-0.419921875
3092,0.390625,1.25,-0.166015625,-0.3125
3093,0.41015625,1.201171875,-0.205078125,-0.37109375
3094,0.4296875,1.064453125,-0.224609375,-0.44921875
3095,0.458984375,1.328125,-0.1953125,-0.4296875
3096,0.361328125,1.259765625,-0.205078125,-0.537109375
3097,0.4296875,1.279296875,-0.1171875,-0.41015625
3098,0.439453125,1.279296875,-0.25390625,-0.44921875
3099,0.44921875,1.201171875,-0.166015625,-0.2734375
3100,0.41015625,1.1328125,-0.244140625,-0.3515625
3101,0.390625,1.240234375,-0.126953125,-0.3515625
3102,0.390625,1.259765625,-0.1953125,-0.390625
3103,0.419921875,1.357421875,-0.13671875,-0.400390625
3104,0.390625,1.19140625,-0.234375,-0.4296875
3105,0.439453125,1.298828125,-0.15625,-0.3125
3106,0.48828125,1.171875,-0.185546875,-0.390625
3107,0.400390625,1.357421875,-0.13671875,-0.380859375
3108,0.380859375,1.26953125,-0.205078125,-0.46875
3109,0.5078125,1.40625,-0.15625,-0.390625
3110,0.3515625,1.474609375,-0.205078125,-0.419921875
3111,0.5078125,1.357421875,-0.09765625,-0.390625
3112,0.361328125,1.474609375,-0.205078125,-0.48828125
3113,0.419921875,1.15234375,-0.126953125,-0.380859375
3114,0.44921875,1.337890625,-0.21484375,-0.458984375
3115,0.380859375,1.357421875,-0.29296875,-0.52734375
3116,0.41015625,1.337890625,-0.21484375,-0.41015625
3117,0.44921875,1.3671875,-0.283203125,-0.478515625
3118,0.4296875,1.376953125,-0.146484375,-0.390625
3119,0.46875,1.298828125,-0.146484375,-0.37109375
3120,0.439453125,1.3671875,-0.224609375,-0.46875
3121,0.4296875,1.259765625,-0.166015625,-0.390625
3122,0.37109375,1.2109375,-0.263671875,-0.439453125
3123,0.400390625,1.328125,-0.17578125,-0.33203125
3124,0.419921875,1.318359375,-0.185546875,-0.419921875
3125,0.341796875,1.54296875,-0.1171875,-0.390625
3126,0.380859375,1.298828125,-0.185546875,-0.25390625
3127,0.4296875,1.2109375,-0.17578125,-0.5078125
3128,0.390625,1.2109375,-0.09765625,-0.341796875
3129,0.44921875,1.25,-0.263671875,-0.361328125
3130,0.322265625,1.328125,-0.21484375,-0.380859375
3131,0.361328125,1.23046875,-0.21484375,-0.46875
3132,0.3515625,1.30859375,-0.13671875,-0.5078125
3133,0.361328125,1.2890625,-0.25390625,-0.52734375
3134,0.37109375,1.30859375,-0.166015625,-0.380859375
3135,0.4296875,1.171875,-0.1953125,-0.4296875
3136,0.3125,1.19140625,-0.205078125,-0.48828125
3137,0.380859375,1.279296875,-0.224609375,-0.361328125
3138,0.390625,1.181640625,-0.25390625,-0.380859375
3139,0.498046875,1.142578125,-0.17578125,-0.4296875
3140,0.361328125,1.171875,-0.126953125,-0.400390625
3141,0.4296875,1.181640625,-0.234375,-0.400390625
3142,0.52734375,1.162109375,-0.1953125,-0.3125
3143,0.25390625,1.09375,-0.244140625,-0.33203125
3144,0.4296875,1.142578125,-0.3515625,-0.390625
3145,0.33203125,1.103515625,-0.185546875,-0.517578125
3146,0.458984375,1.2890625,-0.234375,-0.400390625
3147,0.322265625,1.19140625,-0.205078125,-0.2734375
3148,0.380859375,1.162109375,-0.205078125,-0.3125
3149,0.3515625,1.201171875,-0.146484375,-0.361328125
3150,0.361328125,1.025390625,-0.361328125,-0.283203125
3151,0.458984375,0.986328125,-0.15625,-0.234375
3152,0.361328125,1.0546875,-0.126953125,-0.5078125
3153,0.380859375,1.064453125,-0.1171875,-0.33203125
3154,0.439453125,0.986328125,-0.166015625,-0.41015625
3155,0.283203125,0.95703125,0,-0.380859375
3156,0.3515625,1.005859375,-0.244140625,-0.390625
3157,0.419921875,0.99609375,-0.21484375,-0.25390625
3158,0.3515625,1.11328125,-0.263671875,-0.3515625
3159,0.41015625,0.95703125,-0.009765625,-0.302734375
3160,0.400390625,0.9765625,-0.17578125,-0.44921875
3161,0.37109375,0.810546875,-0.15625,-0.380859375
3162,0.341796875,0.986328125,-0.17578125,-0.361328125
3163,0.48828125,0.99609375,-0.1953125,-0.380859375
3164,0.283203125,1.005859375,-0.1953125,-0.2734375
3165,0.390625,1.083984375,-0.09765625,-0.2734375
3166,0.478515625,1.005859375,-0.166015625,-0.458984375
3167,0.322265625,1.015625,-0.244140625,-0.537109375
3168,0.419921875,0.91796875,-0.224609375,-0.3515625
3169,0.5078125,1.025390625,-0.146484375,-0.283203125
3170,0.48828125,1.064453125,-0.244140625,-0.2734375
3171,0.419921875,1.064453125,-0.263671875,-0.439453125
3172,0.3515625,1.03515625,-0.185546875,-0.361328125
3173,0.3125,1.03515625,-0.146484375,-0.517578125
3174,0.400390625,1.064453125,-0.25390625,-0.2734375
3175,0.478515625,1.005859375,-0.1953125,-0.302734375
3176,0.37109375,1.09375,-0.185546875,-0.205078125
3177,0.439453125,1.123046875,-0.087890625,-0.283203125
3178,0.361328125,1.0546875,-0.263671875,-0.1953125
3179,0.322265625,1.279296875,-0.13671875,-0.2734375
3180,0.44921875,1.03515625,-0.185546875,-0.341796875
3181,0.3515625,1.083984375,-0.234375,-0.234375
3182,0.478515625,1.2109375,-0.17578125,-0.3515625
3183,0.361328125,1.15234375,-0.185546875,-0.33203125
3184,0.4296875,1.123046875,-0.1171875,-0.234375
3185,0.400390625,1.103515625,-0.185546875,-0.283203125
3186,0.380859375,1.044921875,-0.302734375,-0.25390625
3187,0.439453125,1.1328125,-0.2734375,-0.244140625
3188,0.2734375,1.083984375,-0.166015625,-0.283203125
3189,0.5078125,1.0546875,-0.17578125,-0.283203125
3190,0.380859375,1.07421875,-0.126953125,-0.21484375
3191,0.537109375,1.123046875,-0.185546875,-0.37109375
3192,0.380859375,1.07421875,-0.107421875,-0.3125
3193,0.41015625,1.11328125,-0.126953125,-0.37109375
3194,0.48828125,1.09375,-0.1171875,-0.341796875
3195,0.361328125,1.09375,-0.126953125,-0.341796875
3196,0.37109375,1.0546875,-0.2734375,-0.15625
3197,0.46875,1.1328125,-0.068359375,-0.302734375
3198,0.478515625,1.142578125,-0.283203125,-0.4296875
3199,0.390625,1.1328125,-0.1171875,-0.3125
3200,0.419921875,1.11328125,-0.205078125,-0.263671875
3201,0.458984375,1.064453125,-0.1171875,-0.224609375
3202,0.361328125,1.103515625,-0.166015625,-0.283203125
3203,0.37109375,1.03515625,-0.185546875,-0.302734375
3204,0.33203125,1.044921875,-0.21484375,-0.234375
3205,0.44921875,0.986328125,-0.078125,-0.361328125
3206,0.48828125,1.025390625,-0.1953125,-0.3125
3207,0.37109375,1.0546875,-0.224609375,-0.322265625
3208,0.380859375,1.103515625,-0.15625,-0.322265625
3209,0.322265625,1.03515625,-0.1953125,-0.244140625
3210,0.322265625,1.015625,-0.224609375,-0.3125
3211,0.41015625,1.09375,-0.21484375,-0.2734375
3212,0.439453125,1.09375,-0.263671875,-0.15625
3213,0.322265625,1.2109375,-0.2734375,-0.2734375
3214,0.44921875,1.103515625,-0.15625,-0.341796875
3215,0.33203125,1.103515625,-0.185546875,-0.341796875
3216,0.48828125,1.103515625,-0.146484375,-0.29296875
3217,0.419921875,0.869140625,-0.17578125,-0.341796875
3218,0.44921875,1.07421875,-0.17578125,-0.419921875
3219,0.400390625,1.201171875,-0.1171875,-0.29296875
3220,0.419921875,1.103515625,-0.185546875,-0.3515625
3221,0.439453125,1.0546875,-0.25390625,-0.283203125
3222,0.341796875,1.044921875,-0.13671875,-0.3125
3223,0.390625,0.927734375,-0.13671875,-0.341796875
3224,0.283203125,0.99609375,-0.205078125,-0.322265625
3225,0.4296875,1.142578125,-0.1171875,-0.322265625
3226,0.3515625,1.1328125,-0.146484375,-0.3125
3227,0.41015625,1.03515625,-0.244140625,-0.341796875
3228,0.263671875,1.064453125,-0.224609375,-0.380859375
3229,0.380859375,1.064453125,-0.25390625,-0.25390625
3230,0.3515625,1.1328125,-0.322265625,-0.205078125
3231,0.44921875,1.0546875,-0.1171875,-0.205078125
3232,0.419921875,1.142578125,-0.341796875,-0.244140625
3233,0.46875,1.044921875,-0.21484375,-0.126953125
3234,0.341796875,1.0546875,-0.1953125,-0.25390625
3235,0.390625,0.986328125,-0.1171875,-0.263671875
3236,0.46875,0.99609375,-0.224609375,-0.244140625
3237,0.3125,1.03515625,-0.17578125,-0.263671875
3238,0.361328125,1.064453125,-0.126953125,-0.302734375
3239,0.458984375,0.99609375,-0.224609375,-0.107421875
3240,0.4296875,0.99609375,-0.21484375,-0.2734375
3241,0.361328125,1.03515625,-0.302734375,-0.25390625
3242,0.478515625,0.99609375,-0.1953125,-0.322265625
3243,0.5078125,1.07421875,-0.205078125,-0.2734375
3244,0.41015625,0.966796875,-0.078125,-0.21484375
3245,0.478515625,1.03515625,-0.17578125,-0.400390625
3246,0.322265625,0.91796875,-0.205078125,-0.2734375
3247,0.341796875,1.064453125,-0.107421875,-0.25390625
3248,0.419921875,1.015625,-0.185546875,-0.283203125
3249,0.498046875,1.015625,-0.166015625,-0.224609375
3250,0.361328125,0.9765625,-0.166015625,-0.1953125
3251,0.33203125,1.0546875,-0.224609375,-0.234375
3252,0.498046875,1.03515625,-0.15625,-0.33203125
3253,0.48828125,1.0546875,-0.166015625,-0.166015625
3254,0.400390625,1.07421875,-0.17578125,-0.107421875
3255,0.33203125,1.0546875,-0.205078125,-0.078125
3256,0.439453125,1.0546875,-0.17578125,-0.234375
3257,0.380859375,1.03515625,-0.263671875,-0.185546875
3258,0.33203125,1.07421875,-0.263671875,-0.25390625
3259,0.37109375,0.9765625,-0.2734375,-0.244140625
3260,1.240234375,1.0546875,-0.25390625,-0.25390625
3261,1.23046875,1.025390625,-0.205078125,-0.21484375
3262,1.171875,1.064453125,-0.205078125,-0.283203125
3263,1.19140625,1.2109375,-0.37109375,-0.322265625
3264,1.19140625,1.083984375,-0.146484375,-0.146484375
3265,1.2109375,1.044921875,-0.205078125,-0.3125
3266,1.142578125,1.09375,-0.009765625,-0.29296875
3267,1.09375,1.07421875,-0.17578125,-0.234375
3268,1.123046875,1.103515625,-0.185546875,-0.29296875
3269,1.19140625,1.044921875,-0.13671875,-0.25390625
3270,1.240234375,1.015625,-0.263671875,-0.107421875
3271,1.2109375,1.103515625,-0.185546875,-0.205078125
3272,1.103515625,1.03515625,-0.185546875,-0.068359375
3273,1.23046875,1.103515625,-0.185546875,-0.126953125
3274,1.0546875,1.103515625,-0.29296875,-0.1953125
3275,1.220703125,1.30859375,-0.126953125,-0.13671875
3276,1.103515625,1.1328125,-0.224609375,-0.126953125
3277,1.1328125,1.123046875,-0.224609375,-0.234375
3278,1.15234375,1.142578125,-0.13671875,-0.205078125
3279,1.23046875,1.162109375,-0.17578125,-0.234375
3280,1.19140625,1.044921875,-0.1953125,-0.244140625
3281,1.259765625,1.181640625,-0.244140625,-0.29296875
3282,1.201171875,1.201171875,-0.185546875,-0.107421875
3283,1.181640625,1.083984375,-0.224609375,-0.146484375
3284,1.181640625,1.083984375,-0.205078125,-0.234375
3285,1.240234375,1.2109375,-0.21484375,-0.1953125
3286,1.279296875,0.99609375,-0.166015625,-0.166015625
3287,1.19140625,1.103515625,-0.224609375,-0.17578125
3288,1.26953125,1.11328125,-0.185546875,-0.146484375
3289,1.259765625,1.142578125,-0.15625,-0.380859375
3290,1.201171875,1.162109375,-0.205078125,-0.17578125
3291,1.09375,1.09375,-0.15625,-0.224609375
3292,1.328125,1.15234375,-0.15625,-0.205078125
3293,1.2109375,1.181640625,-0.146484375,-0.2734375
3294,1.220703125,1.083984375,-0.263671875,-0.21484375
3295,1.1328125,1.123046875,-0.146484375,-0.283203125
3296,1.171875,1.142578125,-0.126953125,-0.205078125
3297,1.064453125,1.07421875,-0.166015625,-0.224609375
3298,1.201171875,1.07421875,-0.126953125,-0.166015625
3299,1.19140625,1.171875,-0.029296875,-0.21484375
3300,1.19140625,1.123046875,-0.146484375,-0.302734375
3301,1.11328125,0.986328125,-0.1953125,-0.068359375
3302,1.201171875,1.07421875,-0.205078125,-0.25390625
3303,1.25,1.083984375,-0.185546875,-0.146484375
3304,1.09375,1.044921875,-0.234375,-0.1953125
3305,1.171875,1.11328125,-0.302734375,-0.15625
3306,1.19140625,1.07421875,-0.263671875,-0.234375
3307,1.23046875,1.1328125,-0.15625,-0.2734375
3308,1.220703125,1.142578125,-0.126953125,-0.15625
3309,1.240234375,1.07421875,-0.224609375,-0.263671875
3310,1.318359375,1.11328125,-0.185546875,-0.33203125
3311,1.142578125,1.23046875,-0.146484375,-0.224609375
3312,1.201171875,1.15234375,-0.15625,-0.244140625
3313,1.259765625,1.025390625,-0.166015625,-0.146484375
3314,1.11328125,1.083984375,-0.15625,-0.224609375
3315,1.162109375,1.09375,-0.380859375,-0.078125
3316,1.044921875,1.083984375,-0.185546875,-0.126953125
3317,1.23046875,1.03515625,-0.087890625,-0.13671875
3318,1.2109375,1.064453125,-0.1171875,-0.078125
3319,1.19140625,1.083984375,-0.1171875,-0.234375
3320,1.240234375,1.171875,-0.05859375,-0.2734375
3321,1.181640625,1.11328125,-0.185546875,-0.1953125
3322,1.162109375,1.083984375,-0.185546875,-0.224609375
3323,1.220703125,1.328125,-0.205078125,-0.25390625
3324,1.181640625,1.11328125,-0.234375,-0.15625
3325,1.181640625,1.064453125,-0.13671875,-0.244140625
3326,1.15234375,1.26953125,-0.166015625,-0.244140625
3327,1.19140625,1.103515625,-0.234375,-0.087890625
3328,1.0546875,1.025390625,-0.21484375,-0.078125
3329,1.201171875,1.064453125,-0.126953125,-0.21484375
3330,1.259765625,1.25,-0.29296875,-0.13671875
3331,1.279296875,1.1328125,-0.166015625,-0.244140625
3332,1.19140625,0.908203125,-0.166015625,-0.205078125
3333,1.26953125,1.142578125,-0.185546875,-0.1953125
3334,1.15234375,1.240234375,-0.234375,-0.087890625
3335,1.357421875,1.2890625,-0.17578125,-0.21484375
3336,1.15234375,1.181640625,-0.078125,-0.21484375
3337,1.279296875,1.19140625,-0.302734375,-0.33203125
3338,1.435546875,1.171875,-0.224609375,-0.2734375
3339,1.240234375,1.11328125,-0.185546875,-0.234375
3340,1.25,1.15234375,-0.146484375,-0.21484375
3341,1.279296875,1.142578125,-0.185546875,-0.234375
3342,1.19140625,1.19140625,-0.1171875,-0.2734375
3343,1.181640625,1.15234375,-0.25390625,-0.322265625
3344,1.30859375,1.044921875,-0.224609375,-0.1953125
3345,1.220703125,1.162109375,-0.283203125,-0.185546875
3346,1.2890625,1.2109375,-0.17578125,-0.302734375
3347,1.259765625,1.298828125,-0.17578125,-0.205078125
3348,1.19140625,1.279296875,-0.263671875,-0.234375
3349,1.26953125,1.25,-0.205078125,-0.01953125
3350,1.318359375,1.142578125,-0.21484375,-0.185546875
3351,1.23046875,1.259765625,-0.205078125,-0.17578125
3352,1.328125,1.23046875,-0.205078125,-0.185546875
3353,1.279296875,1.26953125,-0.1171875,-0.205078125
3354,1.25,1.181640625,-0.126953125,-0.234375
3355,1.162109375,1.2109375,-0.048828125,-0.25390625
3356,1.34765625,1.240234375,-0.2734375,-0.17578125
3357,1.416015625,1.220703125,-0.107421875,-0.087890625
3358,1.201171875,1.25,-0.126953125,-0.13671875
3359,1.26953125,1.220703125,-0.078125,-0.224609375
3360,1.318359375,1.298828125,-0.29296875,-0.146484375
3361,1.455078125,1.2109375,-0.322265625,-0.078125
3362,1.328125,1.201171875,-0.13671875,-0.146484375
3363,1.3671875,1.123046875,-0.224609375,-0.146484375
3364,1.25,1.23046875,-0.224609375,-0.17578125
3365,1.23046875,1.26953125,-0.17578125,-0.1953125
3366,1.318359375,1.220703125,-0.3125,-0.17578125
3367,1.318359375,1.25,-0.244140625,-0.15625
3368,1.298828125,1.2890625,-0.1953125,-0.224609375
3369,1.328125,1.240234375,-0.244140625,-0.234375
3370,1.318359375,1.26953125,-0.1171875,-0.17578125
3371,1.2890625,1.279296875,-0.166015625,-0.263671875
3372,1.26953125,1.220703125,-0.244140625,-0.185546875
3373,1.240234375,1.26953125,-0.09765625,-0.21484375
3374,1.279296875,1.23046875,-0.15625,-0.2734375
3375,1.259765625,1.396484375,-0.05859375,-0.25390625
3376,1.328125,1.171875,-0.283203125,-0.244140625
3377,1.318359375,1.2109375,-0.234375,-0.146484375
3378,1.259765625,1.181640625,-0.322265625,-0.25390625
3379,1.23046875,1.171875,-0.2734375,-0.3125
3380,1.279296875,1.162109375,-0.185546875,-0.224609375
3381,1.220703125,1.103515625,-0.21484375,-0.25390625
3382,1.298828125,1.220703125,-0.234375,-0.244140625
3383,1.30859375,1.2109375,-0.185546875,-0.17578125
3384,1.26953125,1.23046875,-0.048828125,-0.2734375
3385,1.25,1.19140625,-0.1171875,-0.361328125
3386,1.123046875,1.2109375,-0.09765625,-0.44921875
3387,1.25,1.201171875,-0.05859375,-0.244140625
3388,1.240234375,1.19140625,-0.0390625,-0.29296875
3389,1.23046875,1.259765625,-0.146484375,-0.361328125
3390,1.220703125,1.259765625,-0.21484375,-0.2734375
3391,1.201171875,1.2109375,-0.146484375,-0.15625
3392,1.279296875,1.298828125,-0.17578125,-0.185546875
3393,1.23046875,1.201171875,-0.166015625,-0.244140625
3394,1.181640625,0.986328125,-0.205078125,-0.1953125
3395,1.2109375,1.240234375,-0.263671875,0.029296875
3396,1.201171875,1.162109375,-0.341796875,-0.1953125
3397,1.220703125,1.083984375,-0.322265625,-0.302734375
3398,1.181640625,1.15234375,-0.263671875,-0.29296875
3399,1.240234375,1.201171875,-0.21484375,-0.224609375
3400,1.240234375,1.34765625,-0.234375,-0.185546875
3401,1.259765625,1.240234375,-0.3125,-0.1953125
3402,1.201171875,1.044921875,-0.1953125,-0.146484375
3403,1.2890625,1.25,-0.185546875,-0.1953125
3404,1.357421875,1.171875,-0.244140625,-0.1171875
3405,1.123046875,1.181640625,-0.15625,-0.205078125
3406,1.23046875,1.15234375,-0.302734375,-0.244140625
3407,1.181640625,1.171875,-0.185546875,0
3408,1.23046875,1.044921875,-0.341796875,-0.17578125
3409,1.23046875,1.19140625,-0.2734375,-0.244140625
3410,1.123046875,1.23046875,-0.2734375,-0.205078125
3411,1.25,1.083984375,-0.21484375,-0.37109375
3412,1.240234375,1.103515625,-0.25390625,-0.283203125
3413,1.26953125,1.171875,-0.263671875,-0.458984375
3414,1.318359375,1.23046875,-0.302734375,-0.25390625
3415,1.25,1.318359375,-0.283203125,-0.29296875
3416,1.259765625,1.2109375,-0.146484375,-0.302734375
3417,1.23046875,1.240234375,-0.234375,-0.2734375
3418,1.279296875,1.298828125,-0.3515625,-0.263671875
3419,1.279296875,1.181640625,-0.37109375,-0.17578125
3420,1.240234375,1.376953125,-0.263671875,-0.283203125
3421,1.298828125,1.2109375,-0.15625,-0.263671875
3422,1.2109375,1.279296875,-0.17578125,-0.3125
3423,1.318359375,1.25,-0.3515625,-0.21484375
3424,1.259765625,1.2109375,-0.21484375,-0.234375
3425,1.220703125,1.2109375,-0.146484375,-0.283203125
3426,1.23046875,1.201171875,-0.224609375,-0.234375
3427,1.201171875,1.240234375,-0.1953125,-0.244140625
3428,1.26953125,1.34765625,-0.146484375,-0.2734375
3429,1.23046875,1.259765625,-0.29296875,-0.322265625
3430,1.25,1.2890625,-0.263671875,-0.25390625
3431,1.26953125,1.26953125,-0.166015625,-0.17578125
3432,1.240234375,1.279296875,-0.1953125,-0.361328125
3433,1.25,1.26953125,-0.244140625,-0.29296875
3434,1.259765625,1.2109375,-0.21484375,-0.283203125
3435,1.337890625,1.298828125,-0.2734375,-0.341796875
3436,1.23046875,1.240234375,-0.224609375,-0.224609375
3437,1.318359375,1.201171875,-0.3515625,-0.126953125
3438,1.064453125,1.279296875,-0.224609375,-0.205078125
3439,1.2109375,1.376953125,-0.087890625,-0.234375
3440,1.357421875,1.19140625,-0.21484375,-0.224609375
3441,1.34765625,1.240234375,-0.205078125,-0.244140625
3442,1.3671875,1.357421875,-0.244140625,-0.2734375
3443,1.30859375,1.26953125,-0.283203125,-0.234375
3444,1.279296875,1.25,-0.224609375,-0.205078125
3445,1.30859375,1.25,-0.234375,-0.2734375
3446,1.25,1.298828125,-0.302734375,-0.1953125
3447,1.2890625,1.240234375,-0.263671875,-0.1953125
3448,1.357421875,1.240234375,-0.234375,-0.283203125
3449,1.23046875,1.2890625,-0.1953125,-0.2734375
3450,1.23046875,1.2890625,-0.21484375,-0.224609375
3451,1.201171875,1.318359375,-0.244140625,-0.2734375
3452,1.318359375,1.07421875,-0.107421875,-0.380859375
3453,1.2890625,1.26953125,-0.13671875,-0.341796875
3454,1.337890625,1.142578125,-0.302734375,-0.283203125
3455,1.328125,1.2109375,-0.341796875,-0.322265625
3456,1.376953125,1.2890625,-0.29296875,-0.1953125
3457,1.279296875,1.42578125,-0.25390625,-0.3125
3458,1.279296875,1.25,-0.185546875,-0.283203125
3459,1.23046875,1.34765625,-0.302734375,-0.3125
3460,1.220703125,1.5625,-0.234375,-0.29296875
3461,1.2890625,1.376953125,-0.263671875,-0.283203125
3462,1.201171875,1.298828125,-0.126953125,-0.283203125
3463,1.298828125,1.30859375,-0.21484375,-0.33203125
3464,1.259765625,1.318359375,-0.224609375,-0.33203125
3465,1.220703125,1.337890625,-0.283203125,-0.146484375
3466,1.4453125,1.337890625,-0.361328125,-0.302734375
3467,1.40625,1.19140625,-0.2734375,-0.390625
3468,1.328125,1.318359375,-0.341796875,-0.244140625
3469,1.4453125,1.34765625,-0.2734375,-0.390625
3470,1.357421875,1.455078125,-0.25390625,-0.3125
3471,1.337890625,1.416015625,-0.224609375,-0.400390625
3472,1.34765625,1.4453125,-0.244140625,-0.341796875
3473,1.396484375,1.396484375,-0.322265625,-0.33203125
3474,1.38671875,1.38671875,-0.234375,-0.1953125
3475,1.376953125,1.396484375,-0.390625,-0.3515625
3476,1.30859375,1.357421875,-0.244140625,-0.341796875
3477,1.5625,1.40625,-0.3125,-0.302734375
3478,1.4453125,1.376953125,-0.341796875,-0.302734375
3479,1.38671875,1.26953125,-0.078125,-0.263671875
3480,1.376953125,1.376953125,-0.1953125,-0.3125
3481,1.34765625,1.416015625,-0.283203125,-0.390625
3482,1.25,1.298828125,-0.244140625,-0.341796875
3483,1.30859375,1.435546875,-0.21484375,-0.400390625
3484,1.123046875,1.46484375,-0.302734375,-0.439453125
3485,1.220703125,1.318359375,-0.37109375,-0.3515625
3486,1.162109375,1.4453125,-0.234375,-0.263671875
3487,1.2890625,1.435546875,-0.263671875,-0.478515625
3488,1.201171875,1.4453125,-0.1953125,-0.37109375
3489,1.15234375,1.416015625,-0.29296875,-0.37109375
3490,1.201171875,1.396484375,-0.21484375,-0.419921875
3491,1.162109375,1.484375,-0.1171875,-0.3515625
3492,1.240234375,1.58203125,-0.205078125,-0.33203125
3493,1.318359375,1.38671875,-0.166015625,-0.44921875
3494,1.220703125,1.357421875,-0.283203125,-0.4296875
3495,1.240234375,1.3671875,-0.166015625,-0.400390625
3496,1.09375,1.474609375,-0.185546875,-0.380859375
3497,1.181640625,1.337890625,-0.283203125,-0.439453125
3498,1.23046875,1.337890625,-0.2734375,-0.380859375
3499,1.30859375,1.2890625,-0.263671875,-0.46875
3500,1.142578125,1.357421875,-0.17578125,-0.390625
3501,1.26953125,1.318359375,-0.341796875,-0.380859375
3502,1.259765625,1.337890625,-0.166015625,-0.33203125
3503,1.220703125,1.220703125,-0.25390625,-0.341796875
3504,1.19140625,1.357421875,-0.390625,-0.419921875
3505,1.259765625,1.259765625,-0.224609375,-0.3125
3506,1.259765625,1.337890625,-0.146484375,-0.341796875
3507,1.201171875,1.38671875,-0.205078125,-0.380859375
3508,1.07421875,1.318359375,-0.322265625,-0.15625
3509,1.30859375,1.201171875,-0.302734375,-0.341796875
3510,1.26953125,1.396484375,-0.205078125,-0.33203125
3511,1.25,1.2890625,-0.361328125,-0.33203125
3512,1.181640625,1.279296875,-0.3125,-0.33203125
3513,1.171875,1.162109375,-0.283203125,-0.29296875
3514,1.279296875,1.259765625,-0.322265625,-0.458984375
3515,1.11328125,1.23046875,-0.41015625,-0.361328125
3516,1.220703125,1.240234375,-0.341796875,-0.419921875
3517,1.30859375,1.23046875,-0.205078125,-0.263671875
3518,1.171875,1.220703125,-0.283203125,-0.400390625
3519,1.220703125,1.171875,-0.322265625,-0.33203125
3520,1.23046875,1.279296875,-0.244140625,-0.68359375
3521,1.181640625,1.318359375,-0.224609375,-0.390625
3522,1.220703125,1.318359375,-0.2734375,-0.400390625
3523,1.2890625,1.19140625,-0.302734375,-0.341796875
3524,1.240234375,1.2890625,-0.224609375,-0.37109375
3525,1.19140625,1.30859375,-0.13671875,-0.361328125
3526,1.2109375,1.30859375,-0.234375,-0.29296875
3527,1.123046875,1.357421875,-0.244140625,-0.380859375
3528,1.142578125,1.083984375,-0.244140625,-0.390625
3529,1.15234375,1.220703125,-0.25390625,-0.478515625
3530,1.142578125,1.220703125,-0.185546875,-0.41015625
3531,1.201171875,1.23046875,-0.185546875,-0.322265625
3532,1.25,1.26953125,-0.185546875,-0.361328125
3533,1.298828125,1.259765625,-0.322265625,-0.244140625
3534,1.142578125,1.201171875,-0.205078125,-0.400390625
3535,1.15234375,1.279296875,-0.29296875,-0.380859375
3536,1.171875,1.259765625,-0.302734375,-0.341796875
3537,1.240234375,1.328125,-0.41015625,-0.37109375
3538,1.19140625,1.279296875,-0.341796875,-0.205078125
3539,1.15234375,1.19140625,-0.3125,-0.341796875
3540,1.1328125,1.328125,-0.244140625,-0.341796875
3541,1.298828125,1.318359375,-0.224609375,-0.537109375
3542,1.201171875,1.259765625,-0.3125,-0.322265625
3543,1.201171875,1.2890625,-0.3125,-0.3515625
3544,1.162109375,1.298828125,-0.400390625,-0.380859375
3545,0.9765625,1.26953125,-0.244140625,-0.322265625
3546,1.181640625,1.1328125,-0.29296875,-0.283203125
3547,1.181640625,1.298828125,-0.41015625,-0.29296875
3548,1.25,1.2890625,-0.283203125,-0.41015625
3549,1.201171875,1.3671875,-0.37109375,-0.302734375
3550,1.201171875,1.2890625,-0.263671875,-0.5078125
3551,1.240234375,1.201171875,-0.29296875,-0.4296875
3552,1.2109375,1.416015625,-0.263671875,-0.390625
3553,1.19140625,1.328125,-0.1953125,-0.41015625
3554,1.25,1.15234375,-0.1953125,-0.419921875
3555,1.220703125,1.11328125,-0.341796875,-0.37109375
3556,1.259765625,1.171875,-0.3515625,-0.693359375
3557,1.34765625,1.220703125,-0.25390625,-0.546875
3558,1.19140625,1.201171875,-0.2734375,-0.380859375
3559,1.279296875,1.201171875,-0.224609375,-0.419921875
3560,1.23046875,1.181640625,-0.244140625,-0.3515625
3561,1.201171875,1.181640625,-0.25390625,-0.3515625
3562,1.19140625,1.181640625,-0.1171875,-0.400390625
3563,1.11328125,1.15234375,-0.29296875,-0.46875
3564,1.142578125,1.142578125,-0.263671875,-0.2734375
3565,1.240234375,1.11328125,-0.25390625,-0.458984375
3566,1.19140625,1.181640625,-0.29296875,-0.361328125
3567,1.19140625,1.19140625,-0.283203125,-0.380859375
3568,1.1328125,1.1328125,-0.244140625,-0.3515625
3569,1.23046875,1.064453125,-0.3125,-0.25390625
3570,1.2109375,1.0546875,-0.2734375,-0.380859375
3571,1.181640625,1.025390625,-0.341796875,-0.458984375
3572,1.2890625,1.07421875,-0.29296875,-0.498046875
3573,1.240234375,0.9375,-0.283203125,-0.390625
3574,1.23046875,1.0546875,-0.25390625,-0.41015625
3575,1.279296875,1.064453125,-0.341796875,-0.29296875
3576,1.318359375,0.9765625,-0.29296875,-0.400390625
3577,1.279296875,1.19140625,-0.3125,-0.419921875
3578,1.181640625,1.083984375,-0.1953125,-0.52734375
3579,1.15234375,1.142578125,-0.205078125,-0.302734375
3580,1.11328125,1.025390625,-0.25390625,-0.380859375
3581,1.240234375,1.123046875,-0.15625,-0.234375
3582,1.162109375,1.03515625,-0.205078125,-0.33203125
3583,1.181640625,1.240234375,-0.244140625,-0.244140625
3584,1.09375,1.07421875,-0.17578125,-0.283203125
3585,1.240234375,1.26953125,-0.234375,-0.33203125
3586,1.1328125,1.03515625,-0.302734375,-0.322265625
3587,1.25,1.09375,-0.17578125,-0.302734375
3588,1.162109375,0.91796875,-0.185546875,-0.400390625
3589,1.142578125,1.201171875,-0.322265625,-0.263671875
3590,1.07421875,1.09375,-0.244140625,-0.244140625
3591,1.220703125,1.07421875,-0.224609375,-0.3515625
3592,1.07421875,1.0546875,-0.33203125,-0.41015625
3593,1.19140625,1.044921875,-0.33203125,-0.234375
3594,1.11328125,1.09375,-0.244140625,-0.341796875
3595,1.171875,0.966796875,-0.146484375,-0.2734375
3596,1.25,0.8984375,-0.2734375,-0.46875
3597,1.07421875,1.005859375,-0.2734375,-0.52734375
3598,1.171875,1.240234375,-0.244140625,-0.3125
3599,1.11328125,0.966796875,-0.322265625,-0.419921875
3600,1.11328125,1.015625,-0.205078125,-0.33203125
3601,1.142578125,1.044921875,-0.244140625,-0.341796875
3602,1.2109375,1.015625,-0.283203125,-0.087890625
3603,1.07421875,0.986328125,-0.263671875,-0.244140625
3604,1.171875,0.99609375,-0.2734375,-0.3515625
3605,1.142578125,1.03515625,-0.087890625,-0.263671875
3606,1.142578125,0.986328125,-0.234375,-0.419921875
3607,1.162109375,0.91796875,-0.107421875,-0.3125
3608,1.201171875,1.025390625,-0.33203125,-0.283203125
3609,1.171875,1.09375,-0.283203125,-0.234375
3610,1.220703125,1.0546875,-0.185546875,-0.302734375
3611,1.142578125,1.064453125,-0.361328125,-0.302734375
3612,1.15234375,1.083984375,-0.205078125,-0.25390625
3613,1.2109375,1.015625,-0.224609375,-0.234375
3614,1.123046875,0.9765625,-0.322265625,-0.341796875
3615,1.083984375,1.0546875,-0.3125,-0.068359375
3616,1.15234375,0.91796875,-0.263671875,-0.341796875
3617,1.11328125,1.025390625,-0.126953125,-0.283203125
3618,1.123046875,1.025390625,-0.3125,-0.29296875
3619,1.142578125,1.123046875,-0.1953125,-0.29296875
3620,1.298828125,0.91796875,-0.2734375,-0.21484375
3621,1.298828125,1.025390625,-0.263671875,-0.234375
3622,1.328125,1.0546875,-0.25390625,-0.3125
3623,1.25,1.064453125,-0.205078125,-0.25390625
3624,1.23046875,1.025390625,-0.234375,-0.283203125
3625,1.279296875,0.986328125,-0.1171875,-0.283203125
3626,1.162109375,0.9375,-0.234375,-0.361328125
3627,1.34765625,1.005859375,-0.3125,-0.263671875
3628,1.30859375,1.025390625,-0.234375,-0.41015625
3629,1.25,0.9765625,-0.166015625,-0.33203125
3630,1.279296875,1.015625,-0.263671875,-0.439453125
3631,1.240234375,1.142578125,-0.244140625,-0.361328125
3632,1.259765625,1.03515625,-0.322265625,-0.263671875
3633,1.142578125,1.025390625,-0.21484375,-0.244140625
3634,1.162109375,0.80078125,-0.05859375,-0.341796875
3635,1.201171875,1.0546875,-0.29296875,-0.1953125
3636,1.201171875,1.07421875,-0.205078125,-0.244140625
3637,1.15234375,0.908203125,-0.302734375,-0.25390625
3638,1.11328125,0.91796875,-0.15625,-0.2734375
3639,1.416015625,1.005859375,-0.224609375,-0.25390625
3640,1.279296875,1.005859375,-0.17578125,-0.25390625
3641,1.181640625,1.07421875,-0.185546875,-0.322265625
3642,1.201171875,1.015625,-0.234375,-0.400390625
3643,1.23046875,1.015625,-0.17578125,-0.29296875
3644,1.19140625,0.986328125,-0.166015625,-0.283203125
3645,1.162109375,0.99609375,-0.185546875,-0.244140625
3646,1.15234375,1.23046875,-0.224609375,-0.458984375
3647,1.23046875,1.005859375,-0.341796875,-0.33203125
3648,1.162109375,1.005859375,-0.341796875,-0.2734375
3649,1.064453125,1.025390625,-0.21484375,-0.361328125
3650,1.19140625,0.99609375,-0.4296875,-0.3125
3651,1.03515625,1.015625,-0.263671875,-0.322265625
3652,1.240234375,1.044921875,-0.21484375,-0.29296875
3653,1.181640625,1.025390625,-0.302734375,-0.37109375
3654,1.1328125,0.947265625,-0.3515625,-0.205078125
3655,1.19140625,0.87890625,-0.263671875,-0.283203125
3656,1.26953125,1.09375,-0.2734375,-0.322265625
3657,1.23046875,0.9375,-0.283203125,-0.322265625
3658,1.083984375,0.99609375,-0.224609375,-0.33203125
3659,1.240234375,1.025390625,-0.146484375,-0.25390625
3660,1.26953125,0.986328125,-0.13671875,-0.380859375
3661,1.123046875,1.123046875,-0.224609375,-0.400390625
3662,1.15234375,1.11328125,-0.13671875,-0.29296875
3663,1.1328125,0.99609375,-0.146484375,-0.13671875
3664,1.11328125,1.044921875,-0.205078125,-0.244140625
3665,1.171875,0.947265625,-0.185546875,-0.283203125
3666,1.103515625,1.025390625,-0.1953125,-0.263671875
3667,1.171875,0.966796875,-0.244140625,-0.1171875
3668,1.318359375,1.11328125,-0.224609375,-0.37109375
3669,1.171875,0.9765625,-0.13671875,-0.17578125
3670,1.25,0.927734375,-0.224609375,-0.25390625
3671,1.103515625,1.064453125,-0.166015625,-0.29296875
3672,1.123046875,1.005859375,-0.1171875,-0.21484375
3673,1.240234375,1.025390625,-0.13671875,-0.078125
3674,1.220703125,1.03515625,-0.17578125,-0.2734375
3675,1.19140625,0.95703125,-0.205078125,-0.341796875
3676,1.201171875,1.142578125,-0.15625,-0.2734375
3677,1.19140625,0.9765625,-0.224609375,-0.283203125
3678,1.171875,1.0546875,-0.126953125,-0.37109375
3679,1.044921875,1.025390625,-0.224609375,-0.048828125
3680,1.142578125,1.015625,-0.21484375,-0.185546875
3681,1.171875,0.986328125,-0.244140625,-0.17578125
3682,1.171875,0.99609375,-0.107421875,-0.185546875
3683,1.19140625,0.9375,-0.3515625,-0.263671875
3684,1.1328125,1.03515625,-0.107421875,-0.29296875
3685,1.1328125,1.015625,-0.1953125,-0.13671875
3686,1.03515625,1.064453125,-0.166015625,-0.21484375
3687,1.15234375,1.1328125,-0.126953125,-0.341796875
3688,1.201171875,1.03515625,-0.21484375,-0.29296875
3689,1.181640625,1.064453125,-0.205078125,-0.263671875
3690,1.23046875,1.015625,-0.107421875,-0.205078125
3691,1.162109375,1.11328125,-0.17578125,-0.166015625
3692,1.09375,1.103515625,-0.224609375,-0.29296875
3693,1.1328125,1.03515625,-0.234375,-0.234375
3694,1.181640625,1.103515625,-0.283203125,-0.341796875
3695,1.123046875,1.09375,-0.185546875,-0.205078125
3696,1.171875,1.0546875,-0.224609375,-0.263671875
3697,1.064453125,1.181640625,-0.224609375,-0.380859375
3698,1.142578125,0.8984375,-0.302734375,-0.283203125
3699,1.142578125,1.181640625,-0.21484375,-0.224609375
3700,1.328125,1.123046875,-0.21484375,-0.146484375
3701,1.15234375,0.83984375,-0.2734375,-0.263671875
3702,1.2109375,0.8984375,-0.146484375,-0.25390625
3703,1.1328125,1.103515625,-0.205078125,-0.29296875
3704,1.171875,1.142578125,-0.185546875,-0.244140625
3705,1.240234375,0.947265625,-0.087890625,-0.21484375
3706,1.181640625,1.07421875,-0.25390625,-0.15625
3707,1.15234375,1.09375,-0.205078125,-0.302734375
3708,1.2109375,1.11328125,-0.263671875,-0.185546875
3709,1.064453125,1.083984375,-0.15625,-0.205078125
3710,1.2109375,1.15234375,-0.1171875,-0.244140625
3711,1.240234375,0.966796875,-0.205078125,-0.25390625
3712,1.26953125,1.09375,-0.302734375,-0.21484375
3713,1.1328125,1.11328125,-0.185546875,-0.244140625
3714,1.25,1.044921875,-0.322265625,-0.234375
3715,1.201171875,1.1328125,-0.1953125,-0.302734375
3716,1.181640625,1.15234375,-0.21484375,-0.25390625
3717,1.240234375,1.09375,-0.283203125,-0.17578125
3718,1.19140625,1.09375,-0.1953125,-0.126953125
3719,1.220703125,1.1328125,-0.263671875,-0.3125
3720,1.15234375,1.123046875,-0.15625,-0.185546875
3721,1.23046875,1.015625,-0.1953125,-0.3125
3722,1.25,1.09375,-0.234375,-0.166015625
3723,1.19140625,1.09375,-0.361328125,-0.21484375
3724,1.162109375,1.103515625,-0.302734375,-0.029296875
3725,1.23046875,1.03515625,-0.205078125,-0.322265625
3726,1.181640625,1.07421875,-0.13671875,-0.126953125
3727,1.220703125,1.07421875,-0.17578125,-0.068359375
3728,1.181640625,1.1328125,-0.224609375,-0.185546875
3729,1.201171875,1.123046875,-0.17578125,-0.107421875
3730,1.181640625,1.044921875,-0.17578125,-0.29296875
3731,1.318359375,1.064453125,-0.224609375,-0.185546875
3732,1.1328125,1.26953125,-0.33203125,-0.234375
3733,1.171875,1.09375,-0.3125,-0.1953125
3734,1.1328125,1.0546875,-0.263671875,-0.21484375
3735,1.15234375,1.005859375,-0.341796875,-0.15625
3736,1.240234375,1.103515625,-0.107421875,-0.224609375
3737,1.298828125,1.044921875,-0.224609375,-0.107421875
3738,1.259765625,0.8984375,-0.068359375,-0.15625
3739,1.15234375,0.947265625,-0.244140625,-0.3125
3740,1.23046875,1.07421875,-0.234375,-0.205078125
3741,1.240234375,1.07421875,-0.17578125,-0.25390625
3742,1.142578125,1.005859375,-0.078125,-0.263671875
3743,1.044921875,1.015625,-0.234375,-0.37109375
3744,1.1328125,0.986328125,-0.224609375,-0.234375
3745,1.181640625,0.888671875,-0.302734375,-0.17578125
3746,1.318359375,1.11328125,-0.1953125,-0.244140625
3747,1.1328125,1.044921875,-0.17578125,-0.263671875
3748,1.23046875,1.07421875,-0.185546875,-0.224609375
3749,1.181640625,1.07421875,-0.234375,-0.107421875
3750,1.103515625,0.95703125,-0.1953125,-0.205078125
3751,1.162109375,1.103515625,-0.05859375,-0.302734375
3752,1.259765625,1.11328125,-0.263671875,-0.078125
3753,1.11328125,1.03515625,-0.205078125,-0.17578125
3754,1.103515625,1.07421875,-0.2734375,-0.17578125
3755,1.005859375,1.09375,-0.205078125,-0.087890625
3756,1.064453125,1.162109375,-0.13671875,-0.224609375
3757,1.1328125,0.91796875,-0.1953125,-0.166015625
3758,1.171875,0.986328125,-0.166015625,-0.29296875
3759,1.220703125,1.005859375,-0.1953125,-0.205078125
3760,1.171875,1.0546875,-0.146484375,-0.21484375
3761,1.259765625,1.123046875,-0.17578125,-0.205078125
3762,1.220703125,1.083984375,-0.13671875,-0.185546875
3763,1.23046875,1.220703125,-0.224609375,-0.1171875
3764,1.25,1.162109375,-0.205078125,-0.078125
3765,0.8984375,1.201171875,-0.21484375,-0.13671875
3766,1.201171875,1.123046875,-0.087890625,-0.1953125
3767,1.083984375,1.103515625,-0.25390625,-0.2734375
3768,1.11328125,1.1328125,-0.087890625,-0.263671875
3769,1.15234375,1.142578125,-0.166015625,-0.21484375
3770,1.19140625,1.15234375,-0.224609375,-0.05859375
3771,1.240234375,1.142578125,-0.205078125,-0.1171875
3772,1.201171875,1.181640625,-0.15625,-0.1953125
3773,1.162109375,1.123046875,-0.25390625,-0.380859375
3774,1.298828125,1.181640625,-0.21484375,-0.244140625
3775,1.201171875,0.95703125,-0.185546875,-0.244140625
3776,1.220703125,1.2109375,-0.283203125,-0.05859375
3777,1.38671875,1.123046875,-0.234375,-0.478515625
3778,1.23046875,1.171875,-0.205078125,-0.21484375
3779,1.279296875,1.162109375,-0.29296875,-0.234375
3780,1.2109375,1.240234375,-0.244140625,-0.244140625
3781,1.171875,1.162109375,-0.224609375,-0.21484375
3782,1.220703125,1.19140625,-0.302734375,-0.05859375
3783,1.3671875,1.11328125,-0.25390625,-0.107421875
3784,1.220703125,1.259765625,-0.146484375,-0.234375
3785,1.201171875,1.1328125,-0.224609375,-0.166015625
3786,1.23046875,1.26953125,-0.205078125,-0.126953125
3787,1.279296875,1.279296875,-0.15625,-0.244140625
3788,1.298828125,1.19140625,-0.05859375,-0.283203125
3789,1.23046875,1.142578125,-0.166015625,-0.1171875
3790,1.2890625,1.220703125,-0.361328125,-0.185546875
3791,1.30859375,1.259765625,0.087890625,-0.17578125
3792,1.259765625,1.279296875,-0.17578125,-0.1953125
3793,1.279296875,1.19140625,-0.087890625,-0.25390625
3794,1.259765625,1.2890625,-0.166015625,-0.302734375
3795,1.25,1.181640625,-0.166015625,-0.234375
3796,1.34765625,1.34765625,-0.244140625,-0.17578125
3797,1.279296875,1.279296875,-0.126953125,-0.166015625
3798,1.298828125,1.25,-0.25390625,-0.244140625
3799,1.259765625,1.181640625,-0.068359375,-0.15625
3800,1.19140625,1.2109375,-0.263671875,-0.302734375
3801,1.162109375,1.201171875,-0.21484375,-0.234375
3802,1.2109375,1.181640625,-0.234375,-0.234375
3803,1.162109375,1.1328125,-0.17578125,-0.1953125
3804,1.25,1.19140625,-0.205078125,-0.1171875
3805,1.123046875,1.279296875,-0.244140625,-0.2734375
3806,1.259765625,1.279296875,-0.224609375,-0.263671875
3807,1.2109375,1.19140625,-0.234375,-0.15625
3808,1.2109375,1.123046875,-0.17578125,-0.21484375
3809,1.2109375,0.99609375,-0.21484375,-0.244140625
3810,1.2890625,1.23046875,-0.1953125,-0.224609375
3811,1.357421875,1.201171875,-0.3125,-0.244140625
3812,1.279296875,1.181640625,-0.224609375,-0.2734375
3813,1.19140625,1.2109375,-0.25390625,-0.13671875
3814,1.23046875,1.259765625,-0.166015625,-0.205078125
3815,1.171875,1.25,-0.15625,-0.2734375
3816,1.1328125,1.171875,-0.21484375,-0.2734375
3817,1.396484375,1.103515625,-0.15625,-0.3125
3818,1.171875,1.142578125,-0.078125,-0.3125
3819,1.064453125,1.162109375,-0.15625,-0.25390625
3820,1.123046875,1.23046875,-0.1953125,-0.263671875
3821,1.142578125,1.2109375,-0.21484375,-0.25390625
3822,1.19140625,1.162109375,-0.2734375,-0.146484375
3823,1.240234375,1.0546875,-0.205078125,-0.302734375
3824,1.220703125,1.259765625,-0.21484375,-0.263671875
3825,1.2109375,1.162109375,-0.21484375,-0.244140625
3826,1.103515625,1.38671875,-0.1171875,-0.2734375
3827,1.15234375,1.1328125,-0.234375,-0.302734375
3828,1.15234375,1.26953125,-0.263671875,-0.263671875
3829,1.1328125,1.19140625,-0.33203125,-0.224609375
3830,1.171875,1.30859375,-0.3515625,-0.2734375
3831,1.171875,1.201171875,-0.234375,-0.21484375
3832,1.240234375,1.279296875,-0.2734375,-0.2734375
3833,1.298828125,1.23046875,-0.25390625,-0.29296875
3834,1.19140625,1.23046875,-0.302734375,-0.400390625
3835,1.171875,1.259765625,-0.263671875,-0.25390625
3836,1.25,1.15234375,-0.166015625,-0.224609375
3837,1.279296875,1.25,-0.21484375,-0.33203125
3838,1.220703125,1.259765625,-0.17578125,-0.087890625
3839,1.240234375,1.162109375,-0.29296875,-0.2734375
3840,1.259765625,1.181640625,-0.17578125,-0.126953125
3841,1.23046875,1.2109375,-0.341796875,-0.224609375
3842,1.2109375,1.123046875,-0.322265625,-0.185546875
3843,1.15234375,1.162109375,-0.224609375,-0.33203125
3844,1.279296875,1.2109375,-0.1953125,-0.2734375
3845,1.220703125,1.19140625,-0.205078125,-0.283203125
3846,1.181640625,1.240234375,-0.234375,-0.322265625
3847,1.201171875,1.30859375,-0.25390625,-0.21484375
3848,1.25,1.484375,-0.185546875,-0.29296875
3849,1.26953125,1.201171875,-0.224609375,-0.185546875
3850,1.19140625,1.240234375,-0.2734375,-0.2734375
3851,1.357421875,1.181640625,-0.166015625,-0.283203125
3852,1.30859375,1.26953125,-0.234375,-0.2734375
3853,1.259765625,1.259765625,-0.15625,-0.302734375
3854,1.23046875,1.201171875,-0.21484375,-0.205078125
3855,1.23046875,1.279296875,-0.244140625,-0.302734375
3856,1.123046875,1.259765625,-0.244140625,-0.29296875
3857,1.240234375,1.171875,-0.224609375,-0.244140625
3858,1.15234375,1.337890625,-0.29296875,-0.146484375
3859,1.23046875,1.2890625,-0.1953125,-0.283203125
3860,1.083984375,1.162109375,-0.205078125,-0.263671875
3861,1.220703125,1.318359375,-0.283203125,-0.234375
3862,1.220703125,1.2890625,-0.1953125,-0.4296875
3863,1.083984375,1.357421875,-0.302734375,-0.25390625
3864,1.220703125,1.25,-0.224609375,-0.3125
3865,1.171875,1.30859375,-0.25390625,-0.380859375
3866,1.103515625,1.328125,-0.15625,-0.3515625
3867,1.25,1.435546875,-0.09765625,-0.29296875
3868,1.26953125,1.240234375,-0.283203125,-0.205078125
3869,1.201171875,1.298828125,-0.361328125,-0.390625
3870,1.181640625,1.435546875,-0.17578125,-0.302734375
3871,1.259765625,1.328125,-0.185546875,-0.224609375
3872,1.34765625,1.19140625,-0.234375,-0.3125
3873,1.240234375,1.337890625,-0.146484375,-0.3125
3874,1.162109375,1.26953125,-0.283203125,-0.322265625
3875,1.259765625,1.279296875,-0.263671875,-0.283203125
3876,1.2109375,1.171875,-0.283203125,-0.234375
3877,1.11328125,1.26953125,-0.37109375,-0.33203125
3878,1.23046875,1.337890625,-0.29296875,-0.234375
3879,1.26953125,1.298828125,-0.21484375,-0.21484375
3880,1.279296875,1.2109375,-0.29296875,-0.166015625
3881,1.34765625,1.30859375,-0.3515625,-0.25390625
3882,1.201171875,1.220703125,-0.302734375,-0.25390625
3883,1.23046875,1.240234375,-0.283203125,-0.244140625
3884,1.357421875,1.46484375,-0.17578125,-0.29296875
3885,1.34765625,1.083984375,-0.126953125,-0.25390625
3886,1.416015625,1.23046875,-0.234375,-0.419921875
3887,1.42578125,1.25,-0.2734375,-0.2734375
3888,1.34765625,1.220703125,-0.33203125,-0.29296875
3889,1.40625,1.2890625,-0.224609375,-0.3515625
3890,1.23046875,1.279296875,-0.29296875,-0.2734375
3891,1.38671875,1.328125,-0.205078125,-0.33203125
3892,1.376953125,1.240234375,-0.224609375,-0.44921875
3893,1.25,1.279296875,-0.17578125,-0.3125
3894,1.328125,1.298828125,-0.15625,-0.341796875
3895,1.376953125,1.279296875,-0.185546875,-0.234375
3896,1.5234375,1.318359375,-0.29296875,-0.33203125
3897,1.279296875,1.25,-0.2734375,-0.41015625
3898,1.3671875,1.25,-0.205078125,-0.390625
3899,1.50390625,1.376953125,-0.244140625,-0.37109375
3900,1.416015625,1.240234375,-0.13671875,-0.37109375
3901,1.40625,1.26953125,-0.302734375,-0.4296875
3902,1.376953125,1.26953125,-0.3125,-0.234375
3903,1.357421875,1.19140625,-0.13671875,-0.283203125
3904,1.396484375,1.328125,-0.205078125,-0.3515625
3905,1.298828125,1.279296875,-0.2734375,-0.263671875
3906,1.328125,1.19140625,-0.3125,-0.4296875
3907,1.3671875,1.25,-0.263671875,-0.390625
3908,1.474609375,1.25,-0.224609375,-0.41015625
3909,1.40625,1.259765625,-0.13671875,-0.361328125
3910,1.3671875,1.30859375,-0.244140625,-0.322265625
3911,1.1328125,1.259765625,-0.205078125,-0.4296875
3912,1.26953125,1.376953125,-0.390625,-0.400390625
3913,1.259765625,1.25,-0.263671875,-0.41015625
3914,1.396484375,1.220703125,-0.224609375,-0.458984375
3915,1.25,1.25,-0.244140625,-0.400390625
3916,1.328125,1.171875,-0.09765625,-0.302734375
3917,1.220703125,1.328125,-0.224609375,-0.29296875
3918,1.279296875,1.357421875,-0.0390625,-0.439453125
3919,1.25,1.259765625,-0.3515625,-0.46875
3920,1.19140625,1.298828125,-0.25390625,-0.322265625
3921,1.25,1.26953125,-0.185546875,-0.3125
3922,1.279296875,1.318359375,-0.390625,-0.13671875
3923,1.435546875,1.279296875,-0.302734375,-0.33203125
3924,1.259765625,1.298828125,-0.3125,-0.400390625
3925,1.240234375,1.337890625,-0.33203125,-0.341796875
3926,1.19140625,1.30859375,-0.263671875,-0.25390625
3927,1.142578125,1.416015625,-0.302734375,-0.29296875
3928,1.26953125,1.298828125,-0.205078125,-0.283203125
3929,1.328125,1.30859375,-0.283203125,-0.3125
3930,1.30859375,1.318359375,-0.322265625,-0.33203125
3931,1.259765625,1.2109375,-0.302734375,-0.341796875
3932,1.240234375,1.23046875,-0.2734375,-0.4296875
3933,1.240234375,1.25,-0.263671875,-0.361328125
3934,1.30859375,1.2890625,-0.244140625,-0.302734375
3935,1.26953125,1.357421875,-0.2734375,-0.458984375
3936,1.083984375,1.328125,-0.244140625,-0.3515625
3937,1.240234375,1.3671875,-0.380859375,-0.2734375
3938,1.19140625,1.23046875,-0.33203125,-0.380859375
3939,1.279296875,1.19140625,-0.3515625,-0.234375
3940,1.2890625,1.25,-0.244140625,-0.390625
3941,1.357421875,1.25,-0.341796875,-0.341796875
3942,1.30859375,1.328125,-0.283203125,-0.361328125
3943,1.25,1.220703125,-0.302734375,-0.380859375
3944,1.09375,1.2890625,-0.3125,-0.341796875
3945,1.357421875,1.25,-0.322265625,-0.41015625
3946,1.259765625,1.376953125,-0.302734375,-0.419921875
3947,1.181640625,1.298828125,-0.3125,-0.322265625
3948,1.34765625,1.318359375,-0.2734375,-0.419921875
3949,1.240234375,1.533203125,-0.29296875,-0.390625
3950,1.279296875,1.298828125,-0.341796875,-0.41015625
3951,1.2890625,1.25,-0.3125,-0.439453125
3952,1.26953125,1.19140625,-0.25390625,-0.5078125
3953,1.26953125,1.318359375,-0.205078125,-0.419921875
3954,1.2890625,1.259765625,-0.3125,-0.44921875
3955,1.23046875,1.23046875,-0.15625,-0.380859375
3956,1.328125,1.26953125,-0.283203125,-0.380859375
3957,1.09375,1.240234375,-0.3125,-0.3515625
3958,1.201171875,1.259765625,-0.1953125,-0.3125
3959,1.279296875,1.25,-0.302734375,-0.478515625
3960,1.2890625,1.259765625,-0.244140625,-0.380859375
3961,1.23046875,1.34765625,-0.322265625,-0.41015625
3962,1.240234375,1.279296875,-0.263671875,-0.37109375
3963,1.2890625,1.240234375,-0.244140625,-0.3515625
3964,1.23046875,1.259765625,-0.234375,-0.322265625
3965,1.26953125,1.26953125,-0.15625,-0.400390625
3966,1.23046875,1.162109375,-0.283203125,-0.322265625
3967,1.181640625,1.19140625,-0.3515625,-0.361328125
3968,1.19140625,1.2890625,-0.302734375,-0.48828125
3969,1.09375,1.26953125,-0.37109375,-0.380859375
3970,1.15234375,1.2890625,-0.263671875,-0.33203125
3971,1.0546875,1.220703125,-0.390625,-0.3515625
3972,1.171875,1.171875,-0.29296875,-0.33203125
3973,1.171875,1.181640625,-0.25390625,-0.419921875
3974,1.162109375,1.19140625,-0.107421875,-0.283203125
3975,1.142578125,1.2109375,-0.302734375,-0.41015625
3976,1.15234375,1.2109375,-0.205078125,-0.380859375
3977,1.09375,1.11328125,-0.068359375,-0.33203125
3978,1.03515625,1.2109375,-0.21484375,-0.478515625
3979,1.181640625,1.220703125,-0.3125,-0.322265625
3980,1.171875,1.2109375,-0.29296875,-0.458984375
3981,1.171875,1.171875,-0.234375,-0.380859375
3982,1.142578125,1.259765625,-0.244140625,-0.322265625
3983,1.201171875,1.38671875,-0.15625,-0.498046875
3984,1.181640625,1.181640625,-0.166015625,-0.263671875
3985,1.162109375,1.19140625,-0.13671875,-0.390625
3986,1.15234375,1.103515625,-0.2734375,-0.419921875
3987,1.123046875,1.181640625,-0.21484375,-0.33203125
3988,1.15234375,1.19140625,-0.29296875,-0.3125
3989,1.142578125,1.171875,-0.29296875,-0.322265625
3990,1.201171875,1.19140625,-0.263671875,-0.361328125
3991,1.1328125,1.142578125,-0.390625,-0.37109375
3992,1.1328125,1.083984375,-0.302734375,-0.33203125
3993,1.142578125,1.171875,-0.244140625,-0.341796875
3994,1.2890625,0.99609375,-0.17578125,-0.46875
3995,1.279296875,1.162109375,-0.13671875,-0.41015625
3996,1.220703125,1.171875,-0.33203125,-0.37109375
3997,1.15234375,1.103515625,-0.33203125,-0.3125
3998,1.201171875,1.1328125,-0.3125,-0.498046875
3999,1.34765625,1.1328125,-0.361328125,-0.48828125
4000,1.30859375,1.1328125,-0.2734375,-0.283203125
4001,1.23046875,1.181640625,-0.21484375,-0.3125
4002,1.2109375,1.103515625,-0.25390625,-0.322265625
4003,1.259765625,1.1328125,-0.244140625,-0.29296875
4004,1.259765625,1.103515625,-0.25390625,-0.341796875
4005,1.220703125,1.1328125,-0.283203125,-0.3515625
4006,1.30859375,1.1328125,-0.234375,-0.361328125
4007,1.181640625,1.26953125,-0.21484375,-0.361328125
4008,1.171875,1.083984375,-0.21484375,-0.13671875
4009,1.2890625,0.966796875,-0.25390625,-0.2734375
4010,1.30859375,0.9765625,-0.283203125,-0.341796875
4011,1.298828125,1.11328125,-0.234375,-0.37109375
4012,1.2109375,1.2890625,-0.13671875,-0.380859375
4013,1.259765625,1.1328125,-0.234375,-0.2734375
4014,1.220703125,1.083984375,-0.15625,-0.400390625
4015,1.201171875,1.142578125,-0.185546875,-0.3515625
4016,1.201171875,1.201171875,-0.4296875,-0.2734375
4017,1.357421875,1.083984375,-0.087890625,-0.15625
4018,1.279296875,0.947265625,-0.009765625,-0.33203125
4019,1.23046875,1.123046875,-0.13671875,-0.3125
4020,1.201171875,1.0546875,-0.283203125,-0.439453125
4021,1.2890625,1.07421875,-0.21484375,-0.37109375
4022,1.240234375,1.015625,-0.17578125,-0.33203125
4023,1.25,1.083984375,-0.234375,-0.498046875
4024,1.2890625,1.064453125,-0.21484375,-0.21484375
4025,1.2109375,1.181640625,-0.234375,-0.302734375
4026,1.1328125,0.986328125,-0.146484375,-0.4296875
4027,1.103515625,1.15234375,-0.224609375,-0.234375
4028,1.162109375,1.11328125,-0.185546875,-0.302734375
4029,1.064453125,0.986328125,-0.244140625,-0.263671875
4030,1.171875,1.07421875,-0.29296875,-0.44921875
4031,1.171875,1.015625,-0.302734375,-0.390625
4032,1.201171875,1.064453125,-0.166015625,-0.17578125
4033,1.298828125,1.044921875,-0.1953125,-0.341796875
4034,1.171875,1.123046875,-0.263671875,-0.33203125
4035,1.201171875,0.986328125,-0.283203125,-0.302734375
4036,1.220703125,1.103515625,-0.283203125,-0.2734375
4037,1.142578125,1.0546875,-0.322265625,-0.3515625
4038,1.162109375,1.015625,-0.17578125,-0.234375
4039,1.025390625,1.03515625,-0.205078125,-0.302734375
4040,1.1328125,1.064453125,-0.068359375,-0.29296875
4041,1.142578125,1.015625,-0.15625,-0.1953125
4042,1.11328125,0.986328125,-0.3125,-0.107421875
4043,1.19140625,0.99609375,-0.322265625,-0.283203125
4044,1.15234375,0.9765625,-0.224609375,-0.224609375
4045,1.15234375,0.99609375,-0.244140625,-0.29296875
4046,1.123046875,1.103515625,-0.25390625,-0.25390625
4047,1.11328125,0.9765625,-0.234375,-0.33203125
4048,1.181640625,0.986328125,-0.244140625,-0.283203125
4049,1.09375,1.2109375,-0.25390625,-0.283203125
4050,1.240234375,1.03515625,-0.21484375,-0.283203125
4051,1.15234375,0.966796875,-0.263671875,-0.341796875
4052,1.19140625,1.103515625,-0.234375,-0.302734375
4053,1.220703125,0.966796875,-0.322265625,-0.3515625
4054,1.25,0.99609375,-0.263671875,-0.400390625
4055,1.11328125,1.123046875,-0.15625,-0.244140625
4056,1.162109375,0.99609375,-0.25390625,-0.2734375
4057,1.07421875,0.986328125,-0.244140625,-0.302734375
4058,1.142578125,0.927734375,-0.263671875,-0.25390625
4059,1.2109375,1.162109375,-0.146484375,-0.302734375
4060,1.162109375,0.947265625,-0.25390625,-0.3125
4061,1.2109375,1.005859375,-0.341796875,-0.33203125
4062,1.181640625,0.99609375,-0.234375,-0.224609375
4063,1.142578125,1.025390625,-0.3125,-0.3515625
4064,1.2109375,0.908203125,-0.21484375,-0.361328125
4065,1.142578125,1.025390625,-0.234375,-0.25390625
4066,1.1328125,1.09375,-0.283203125,-0.458984375
4067,1.181640625,0.966796875,-0.205078125,-0.3515625
4068,1.171875,0.927734375,-0.1953125,-0.361328125
4069,1.09375,0.9375,-0.224609375,-0.2734375
4070,1.1328125,0.986328125,-0.205078125,-0.380859375
4071,1.162109375,0.9375,-0.361328125,-0.3515625
4072,1.103515625,0.9765625,-0.33203125,-0.41015625
4073,1.19140625,1.025390625,-0.205078125,-0.3125
4074,1.181640625,0.9375,-0.234375,-0.37109375
4075,1.083984375,1.0546875,-0.263671875,-0.13671875
4076,1.2890625,1.1328125,-0.166015625,-0.302734375
4077,1.240234375,1.044921875,-0.361328125,-0.361328125
4078,1.15234375,0.99609375,-0.263671875,-0.302734375
4079,1.201171875,1.03515625,-0.283203125,-0.166015625
4080,1.19140625,1.07421875,-0.185546875,-0.302734375
4081,1.142578125,1.064453125,-0.17578125,-0.1953125
4082,1.162109375,0.966796875,-0.224609375,-0.29296875
4083,1.103515625,1.2109375,-0.1953125,-0.25390625
4084,1.2109375,1.03515625,-0.302734375,-0.3125
4085,1.15234375,1.015625,-0.25390625,-0.283203125
4086,1.064453125,1.015625,-0.146484375,-0.25390625
4087,1.15234375,0.99609375,-0.1953125,-0.25390625
4088,1.15234375,1.083984375,-0.25390625,-0.390625
4089,1.23046875,0.8984375,-0.341796875,-0.283203125
4090,1.19140625,0.99609375,-0.3125,-0.33203125
4091,1.15234375,0.99609375,-0.1171875,-0.126953125
4092,1.181640625,0.99609375,-0.146484375,-0.25390625
4093,1.201171875,0.9765625,-0.087890625,-0.322265625
4094,1.123046875,1.015625,-0.146484375,-0.15625
4095,1.26953125,0.99609375,-0.21484375,-0.205078125
4096,1.23046875,1.025390625,-0.185546875,-0.419921875
4097,1.25,1.171875,-0.17578125,-0.263671875
4098,1.19140625,1.064453125,-0.244140625,-0.283203125
4099,1.2109375,1.03515625,-0.185546875,-0.361328125
4100,1.259765625,1.044921875,-0.17578125,-0.2734375
4101,1.162109375,1.11328125,-0.146484375,-0.205078125
4102,1.1328125,1.181640625,-0.234375,-0.283203125
4103,1.2109375,1.083984375,-0.1953125,-0.234375
4104,1.201171875,1.26953125,-0.166015625,-0.322265625
4105,1.083984375,1.044921875,-0.1953125,-0.25390625
4106,1.162109375,1.11328125,-0.146484375,-0.302734375
4107,1.220703125,0.91796875,-0.17578125,-0.341796875
4108,1.09375,0.927734375,-0.41015625,-0.205078125
4109,1.1328125,1.11328125,-0.17578125,-0.263671875
4110,1.162109375,1.025390625,-0.126953125,-0.302734375
4111,1.162109375,1.220703125,-0.302734375,-0.25390625
4112,1.09375,1.083984375,-0.09765625,-0.17578125
4113,1.171875,1.0546875,-0.21484375,-0.2734375
4114,1.142578125,1.09375,-0.234375,-0.25390625
4115,1.162109375,1.171875,-0.1953125,-0.3125
4116,1.064453125,1.044921875,-0.17578125,-0.244140625
4117,1.064453125,1.171875,0.068359375,-0.21484375
4118,1.123046875,1.083984375,-0.244140625,-0.166015625
4119,1.220703125,1.142578125,-0.166015625,-0.244140625
4120,1.11328125,0.947265625,-0.244140625,-0.263671875
4121,1.044921875,1.142578125,-0.224609375,-0.400390625
4122,1.171875,1.123046875,-0.205078125,-0.205078125
4123,1.171875,1.09375,-0.1953125,-0.234375
4124,1.19140625,1.083984375,-0.205078125,-0.15625
4125,1.0546875,1.07421875,-0.185546875,-0.419921875
4126,1.1328125,1.171875,-0.1171875,-0.25390625
4127,1.15234375,1.083984375,-0.126953125,-0.078125
4128,1.1328125,1.03515625,-0.17578125,-0.224609375
4129,1.09375,1.162109375,-0.25390625,-0.234375
4130,1.201171875,1.07421875,-0.224609375,-0.2734375
4131,1.298828125,1.005859375,-0.185546875,-0.13671875
4132,1.064453125,1.171875,-0.3125,-0.15625
4133,1.318359375,1.083984375,-0.21484375,-0.4296875
4134,1.26953125,1.2109375,-0.1953125,-0.29296875
4135,1.240234375,1.015625,-0.283203125,-0.224609375
4136,1.2109375,1.025390625,-0.21484375,-0.185546875
4137,1.171875,1.103515625,-0.234375,-0.185546875
4138,1.298828125,1.09375,-0.3125,-0.283203125
4139,1.2109375,1.103515625,-0.234375,-0.048828125
4140,1.25,1.064453125,-0.205078125,-0.15625
4141,1.220703125,1.07421875,-0.224609375,-0.283203125
4142,1.23046875,1.1328125,-0.146484375,-0.33203125
4143,1.298828125,0.966796875,-0.126953125,-0.41015625
4144,1.298828125,0.9765625,0.01953125,-0.1953125
4145,1.171875,1.07421875,-0.234375,-0.37109375
4146,1.376953125,0.99609375,-0.25390625,-0.322265625
4147,1.201171875,0.791015625,-0.29296875,-0.283203125
4148,1.142578125,1.162109375,-0.29296875,-0.224609375
4149,1.171875,1.015625,-0.244140625,-0.224609375
4150,1.240234375,1.123046875,-0.244140625,-0.25390625
4151,1.240234375,1.09375,-0.234375,-0.29296875
4152,1.123046875,1.09375,-0.37109375,-0.33203125
4153,1.240234375,1.15234375,-0.302734375,-0.185546875
4154,1.26953125,1.103515625,-0.302734375,-0.01953125
4155,1.09375,1.0546875,-0.283203125,-0.205078125
4156,1.220703125,1.11328125,-0.33203125,-0.1953125
4157,1.23046875,1.025390625,-0.2734375,-0.146484375
4158,1.142578125,1.09375,-0.322265625,-0.166015625
4159,1.201171875,1.03515625,-0.283203125,-0.166015625
4160,1.279296875,1.044921875,-0.244140625,-0.087890625
4161,1.259765625,1.103515625,-0.21484375,-0.244140625
4162,1.240234375,1.044921875,-0.283203125,-0.263671875
4163,1.201171875,1.103515625,-0.166015625,-0.25390625
4164,1.162109375,1.142578125,-0.126953125,0.17578125
4165,1.19140625,1.083984375,-0.146484375,-0.17578125
4166,1.279296875,1.0546875,-0.21484375,-0.302734375
4167,1.3671875,1.03515625,-0.224609375,-0.244140625
4168,1.2109375,1.03515625,-0.25390625,-0.302734375
4169,1.240234375,1.103515625,-0.33203125,-0.224609375
4170,1.357421875,1.09375,-0.205078125,-0.302734375
4171,1.23046875,1.2109375,-0.205078125,-0.185546875
4172,1.201171875,1.064453125,-0.41015625,-0.244140625
4173,1.142578125,1.07421875,-0.205078125,-0.15625
4174,1.259765625,1.025390625,-0.17578125,-0.205078125
4175,1.240234375,1.142578125,-0.1171875,-0.185546875
4176,1.15234375,1.142578125,-0.205078125,-0.205078125
4177,1.2109375,1.0546875,-0.25390625,-0.205078125
4178,1.181640625,1.220703125,-0.263671875,-0.224609375
4179,1.220703125,1.07421875,-0.244140625,-0.3515625
4180,1.171875,1.279296875,-0.205078125,-0.224609375
4181,1.181640625,1.03515625,-0.205078125,-0.244140625
4182,1.15234375,1.123046875,-0.21484375,-0.0390625
4183,1.171875,0.947265625,-0.17578125,-0.224609375
4184,1.181640625,1.2109375,-0.126953125,-0.25390625
4185,1.162109375,1.103515625,-0.1953125,-0.166015625
4186,0.95703125,0.908203125,-0.185546875,-0.234375
4187,1.171875,1.005859375,-0.25390625,-0.224609375
4188,1.2109375,1.15234375,-0.224609375,-0.21484375
4189,1.11328125,1.142578125,-0.17578125,-0.25390625
4190,1.171875,1.0546875,-0.0390625,-0.224609375
4191,1.259765625,1.123046875,-0.13671875,-0.224609375
4192,1.103515625,1.09375,-0.205078125,-0.17578125
4193,1.201171875,1.064453125,-0.1953125,-0.29296875
4194,1.015625,1.11328125,-0.25390625,-0.166015625
4195,1.123046875,1.103515625,-0.166015625,-0.21484375
4196,1.083984375,1.15234375,-0.21484375,-0.146484375
4197,1.123046875,1.19140625,-0.185546875,-0.126953125
4198,1.220703125,1.064453125,-0.1953125,-0.244140625
4199,1.09375,1.23046875,-0.126953125,-0.185546875
4200,1.1328125,1.142578125,-0.224609375,-0.25390625
4201,1.123046875,1.15234375,-0.244140625,-0.224609375
4202,1.15234375,1.201171875,-0.1953125,-0.205078125
4203,1.083984375,1.162109375,-0.17578125,-0.3515625
4204,1.23046875,1.123046875,-0.244140625,-0.126953125
4205,1.0546875,1.103515625,-0.263671875,-0.205078125
4206,1.19140625,1.103515625,-0.21484375,-0.234375
4207,1.11328125,1.15234375,-0.17578125,-0.205078125
4208,1.201171875,1.240234375,-0.263671875,-0.17578125
4209,1.171875,1.15234375,-0.234375,-0.1171875
4210,1.09375,1.171875,-0.17578125,-0.205078125
4211,1.181640625,1.123046875,-0.166015625,-0.263671875
4212,1.09375,1.171875,-0.146484375,-0.29296875
4213,1.103515625,1.171875,-0.244140625,-0.205078125
4214,1.30859375,1.19140625,-0.166015625,-0.234375
4215,1.2109375,1.11328125,-0.1953125,-0.25390625
4216,1.09375,1.142578125,-0.126953125,-0.205078125
4217,1.240234375,1.181640625,-0.166015625,-0.283203125
4218,1.25,1.162109375,-0.09765625,-0.166015625
4219,1.240234375,1.181640625,-0.166015625,-0.2734375
4220,1.26953125,1.15234375,-0.1171875,-0.263671875
4221,1.220703125,1.162109375,-0.1953125,-0.234375
4222,1.26953125,1.15234375,-0.205078125,-0.21484375
4223,1.2890625,1.19140625,-0.234375,-0.234375
4224,1.23046875,1.19140625,-0.21484375,-0.09765625
4225,1.181640625,1.26953125,-0.146484375,-0.380859375
4226,1.181640625,1.298828125,-0.107421875,-0.21484375
4227,1.23046875,1.42578125,-0.390625,-0.1171875
4228,1.435546875,1.23046875,-0.224609375,-0.13671875
4229,1.19140625,1.19140625,-0.09765625,-0.302734375
4230,1.26953125,1.142578125,-0.25390625,-0.17578125
4231,1.171875,1.23046875,-0.263671875,-0.3125
4232,1.171875,1.23046875,-0.224609375,-0.21484375
4233,1.26953125,1.318359375,-0.15625,-0.263671875
4234,1.005859375,1.23046875,-0.224609375,-0.341796875
4235,1.3671875,1.103515625,-0.224609375,-0.25390625
4236,1.25,1.318359375,-0.205078125,-0.21484375
4237,1.240234375,1.142578125,-0.244140625,-0.322265625
4238,1.240234375,0.99609375,-0.25390625,-0.2734375
4239,1.23046875,1.26953125,-0.1953125,-0.2734375
4240,1.2890625,1.25,-0.146484375,-0.205078125
4241,1.298828125,1.25,-0.234375,-0.263671875
4242,1.220703125,1.50390625,-0.263671875,-0.29296875
4243,1.220703125,1.26953125,-0.224609375,-0.185546875
4244,1.181640625,1.25,-0.13671875,-0.322265625
4245,1.19140625,1.1328125,-0.29296875,-0.2734375
4246,1.181640625,1.240234375,-0.283203125,-0.244140625
4247,1.240234375,1.30859375,-0.17578125,-0.25390625
4248,1.171875,1.240234375,-0.341796875,-0.263671875
4249,1.34765625,1.26953125,-0.1953125,-0.05859375
4250,1.142578125,1.376953125,-0.205078125,-0.205078125
4251,1.201171875,1.2890625,-0.166015625,-0.21484375
4252,1.1328125,1.220703125,-0.21484375,-0.33203125
4253,1.259765625,1.328125,-0.146484375,-0.380859375
4254,1.142578125,1.279296875,-0.1171875,-0.37109375
4255,1.181640625,1.220703125,-0.21484375,-0.078125
4256,1.23046875,1.259765625,-0.185546875,-0.234375
4257,1.240234375,1.2890625,-0.341796875,-0.205078125
4258,1.26953125,1.259765625,-0.107421875,-0.185546875
4259,1.357421875,1.2890625,-0.17578125,-0.25390625
4260,1.23046875,1.328125,-0.146484375,-0.234375
4261,1.298828125,1.298828125,-0.13671875,0.224609375
4262,1.259765625,1.240234375,-0.21484375,-0.33203125
4263,1.25,1.240234375,-0.25390625,-0.25390625
4264,1.19140625,1.2890625,-0.146484375,-0.33203125
4265,1.30859375,1.2109375,-0.283203125,-0.3515625
4266,1.240234375,1.279296875,-0.1171875,-0.205078125
4267,1.259765625,1.240234375,-0.3515625,-0.1171875
4268,1.376953125,1.123046875,-0.21484375,-0.185546875
4269,1.2109375,1.220703125,-0.15625,-0.1953125
4270,1.259765625,1.2109375,-0.048828125,-0.166015625
4271,1.240234375,1.337890625,-0.302734375,-0.41015625
4272,1.26953125,1.240234375,-0.107421875,-0.2734375
4273,1.23046875,1.240234375,-0.263671875,-0.244140625
4274,1.005859375,1.162109375,-0.185546875,-0.41015625
4275,1.220703125,1.26953125,-0.126953125,-0.244140625
4276,1.220703125,1.26953125,-0.302734375,-0.3125
4277,1.19140625,1.240234375,-0.234375,-0.21484375
4278,1.240234375,1.40625,-0.2734375,-0.263671875
4279,1.201171875,1.23046875,-0.234375,-0.419921875
4280,1.2109375,1.201171875,-0.146484375,-0.25390625
4281,1.240234375,1.240234375,-0.166015625,-0.2734375
4282,1.181640625,1.26953125,-0.25390625,-0.3515625
4283,1.162109375,1.25,-0.126953125,-0.25390625
4284,1.09375,1.240234375,-0.283203125,-0.2734375
4285,1.201171875,1.15234375,-0.25390625,-0.25390625
4286,1.2109375,1.123046875,-0.283203125,-0.48828125
4287,1.181640625,1.23046875,-0.21484375,-0.302734375
4288,1.2109375,1.2109375,-0.205078125,-0.2734375
4289,1.181640625,1.259765625,-0.205078125,-0.302734375
4290,1.142578125,1.181640625,-0.224609375,-0.263671875
4291,1.162109375,1.25,-0.244140625,-0.341796875
4292,1.201171875,1.259765625,-0.244140625,-0.29296875
4293,1.240234375,1.15234375,-0.185546875,-0.3125
4294,1.171875,1.259765625,-0.341796875,-0.361328125
4295,1.201171875,1.279296875,-0.244140625,-0.1953125
4296,1.259765625,1.396484375,-0.224609375,-0.283203125
4297,1.26953125,1.181640625,-0.283203125,-0.302734375
4298,1.201171875,1.240234375,-0.2734375,-0.25390625
4299,1.240234375,1.015625,-0.21484375,-0.380859375
4300,1.30859375,1.201171875,-0.380859375,-0.3515625
4301,1.279296875,1.23046875,-0.21484375,-0.17578125
4302,1.26953125,1.103515625,-0.263671875,-0.3125
4303,1.279296875,1.25,-0.244140625,-0.322265625
4304,1.171875,1.2109375,-0.361328125,-0.078125
4305,1.240234375,1.171875,-0.3515625,-0.37109375
4306,1.259765625,1.142578125,-0.302734375,-0.283203125
4307,1.279296875,1.171875,-0.2734375,-0.234375
4308,1.34765625,1.30859375,-0.29296875,-0.380859375
4309,1.2890625,1.494140625,-0.2734375,-0.2734375
4310,1.26953125,1.328125,-0.224609375,-0.166015625
4311,1.357421875,1.240234375,-0.263671875,-0.29296875
4312,1.26953125,1.15234375,-0.068359375,-0.224609375
4313,1.435546875,1.357421875,-0.17578125,-0.498046875
4314,1.34765625,1.25,-0.09765625,-0.3515625
4315,1.357421875,1.23046875,-0.25390625,-0.3125
4316,1.34765625,1.298828125,-0.25390625,-0.2734375
4317,1.6015625,1.26953125,-0.283203125,-0.33203125
4318,1.376953125,1.26953125,-0.126953125,-0.341796875
4319,1.2890625,1.2890625,-0.13671875,-0.3515625
4320,1.337890625,1.25,-0.244140625,-0.244140625
4321,1.318359375,1.259765625,-0.185546875,-0.3515625
4322,1.455078125,1.328125,-0.166015625,-0.41015625
4323,1.474609375,1.30859375,-0.166015625,-0.33203125
4324,1.376953125,1.494140625,-0.1171875,-0.380859375
4325,1.259765625,1.2890625,-0.146484375,-0.33203125
4326,1.318359375,1.34765625,-0.263671875,-0.21484375
4327,1.328125,1.26953125,-0.25390625,-0.380859375
4328,1.416015625,1.25,-0.224609375,-0.322265625
4329,1.298828125,1.30859375,-0.263671875,-0.439453125
4330,1.376953125,1.279296875,-0.361328125,-0.322265625
4331,1.318359375,1.26953125,-0.2734375,-0.380859375
4332,1.2890625,1.30859375,-0.205078125,-0.419921875
4333,1.328125,1.318359375,-0.224609375,-0.283203125
4334,1.2890625,1.259765625,-0.21484375,-0.263671875
4335,1.3671875,1.279296875,-0.244140625,-0.341796875
4336,1.337890625,1.30859375,-0.44921875,-0.41015625
4337,1.46484375,1.279296875,-0.37109375,-0.361328125
4338,1.25,1.298828125,-0.21484375,-0.37109375
4339,1.357421875,1.201171875,-0.17578125,-0.380859375
4340,1.328125,1.2109375,-0.087890625,-0.17578125
4341,1.416015625,1.279296875,-0.205078125,-0.283203125
4342,1.318359375,1.298828125,-0.361328125,-0.322265625
4343,1.279296875,1.2109375,-0.1171875,-0.400390625
4344,1.298828125,1.2890625,-0.185546875,-0.46875
4345,1.30859375,1.357421875,-0.21484375,-0.37109375
4346,1.30859375,1.26953125,-0.263671875,-0.419921875
4347,1.26953125,1.25,-0.17578125,-0.380859375
4348,1.25,1.298828125,-0.224609375,-0.400390625
4349,1.26953125,1.30859375,-0.263671875,-0.419921875
4350,1.220703125,1.337890625,-0.21484375,-0.361328125
4351,1.220703125,1.337890625,-0.15625,-0.37109375
4352,1.26953125,1.25,-0.37109375,-0.44921875
4353,1.15234375,1.23046875,-0.3125,-0.419921875
4354,1.279296875,1.19140625,-0.283203125,-0.3515625
4355,1.25,1.162109375,-0.439453125,-0.33203125
4356,1.435546875,1.337890625,-0.263671875,-0.341796875
4357,1.181640625,1.357421875,-0.33203125,-0.37109375
4358,1.142578125,1.357421875,-0.33203125,-0.322265625
4359,1.25,1.298828125,-0.33203125,-0.546875
4360,1.181640625,1.220703125,-0.2734375,-0.322265625
4361,1.2109375,1.30859375,-0.380859375,-0.283203125
4362,1.0546875,1.279296875,-0.29296875,-0.419921875
4363,1.171875,1.42578125,-0.3125,-0.390625
4364,1.240234375,1.181640625,-0.33203125,-0.341796875
4365,1.064453125,1.15234375,-0.283203125,-0.25390625
4366,1.171875,1.15234375,-0.3125,-0.37109375
4367,1.25,1.19140625,-0.3515625,-0.283203125
4368,1.044921875,1.220703125,-0.25390625,-0.322265625
4369,1.279296875,1.19140625,-0.322265625,-0.478515625
4370,1.220703125,1.25,-0.263671875,-0.25390625
4371,1.201171875,1.142578125,-0.283203125,-0.25390625
4372,1.201171875,1.220703125,-0.263671875,-0.341796875
4373,1.19140625,1.15234375,-0.3515625,-0.322265625
4374,1.11328125,1.19140625,-0.244140625,-0.390625
4375,1.15234375,1.1328125,-0.234375,-0.380859375
4376,1.2109375,1.2890625,-0.302734375,-0.341796875
4377,1.23046875,1.337890625,-0.2734375,-0.390625
4378,1.279296875,1.171875,-0.25390625,-0.37109375
4379,1.259765625,1.23046875,-0.283203125,-0.478515625
4380,1.19140625,1.240234375,-0.302734375,-0.263671875
4381,1.09375,1.2109375,-0.3125,-0.3515625
4382,1.162109375,1.03515625,-0.15625,-0.361328125
4383,1.162109375,1.279296875,-0.2734375,-0.46875
4384,1.318359375,1.26953125,-0.3125,-0.41015625
4385,1.23046875,1.201171875,-0.185546875,-0.380859375
4386,1.220703125,1.259765625,-0.2734375,-0.302734375
4387,1.26953125,1.25,-0.25390625,-0.5078125
4388,1.19140625,1.162109375,-0.3125,-0.400390625
4389,1.19140625,1.279296875,-0.1953125,-0.33203125
4390,1.240234375,1.279296875,-0.224609375,-0.44921875
4391,1.181640625,1.23046875,-0.21484375,-0.46875
4392,1.19140625,1.181640625,-0.341796875,-0.44921875
4393,1.220703125,1.279296875,-0.2734375,-0.556640625
4394,1.162109375,1.259765625,-0.263671875,-0.4296875
4395,1.171875,1.34765625,-0.1953125,-0.498046875
4396,1.201171875,1.2890625,-0.234375,-0.283203125
4397,1.11328125,1.259765625,-0.25390625,-0.361328125
4398,1.220703125,1.220703125,-0.3125,-0.33203125
4399,1.171875,1.26953125,-0.21484375,-0.361328125
4400,1.30859375,1.26953125,-0.107421875,-0.419921875
4401,1.220703125,1.3671875,-0.21484375,-0.44921875
4402,1.162109375,1.19140625,-0.234375,-0.3515625
4403,1.103515625,1.357421875,-0.341796875,-0.361328125
4404,1.15234375,1.181640625,-0.361328125,-0.361328125
4405,1.162109375,1.201171875,-0.25390625,-0.33203125
4406,1.162109375,1.2109375,-0.2734375,-0.341796875
4407,1.2109375,1.181640625,-0.283203125,-0.33203125
4408,1.123046875,1.201171875,-0.2734375,-0.41015625
4409,1.201171875,1.171875,-0.29296875,-0.361328125
4410,1.25,1.181640625,-0.205078125,-0.400390625
4411,1.142578125,1.19140625,-0.244140625,-0.361328125
4412,1.1328125,1.1328125,-0.17578125,-0.380859375
4413,1.162109375,1.201171875,-0.234375,-0.302734375
4414,1.181640625,1.181640625,-0.25390625,-0.37109375
4415,1.123046875,1.220703125,-0.13671875,-0.4296875
4416,1.15234375,1.25,-0.341796875,-0.390625
4417,1.15234375,1.171875,-0.13671875,-0.390625
4418,1.23046875,0.9375,-0.15625,-0.322265625
4419,1.15234375,1.201171875,-0.146484375,-0.380859375
4420,1.357421875,1.11328125,-0.185546875,-0.205078125
4421,1.083984375,1.11328125,-0.234375,-0.37109375
4422,1.162109375,1.123046875,-0.224609375,-0.341796875
4423,1.142578125,1.103515625,-0.21484375,-0.3125
4424,1.2890625,1.162109375,-0.263671875,-0.33203125
4425,1.23046875,1.11328125,-0.244140625,-0.400390625
4426,1.279296875,1.142578125,-0.244140625,-0.3515625
4427,1.240234375,1.103515625,-0.224609375,-0.41015625
4428,1.201171875,0.8984375,-0.15625,-0.41015625
4429,1.240234375,1.11328125,-0.244140625,-0.3125
4430,1.19140625,1.171875,-0.322265625,-0.322265625
4431,1.162109375,1.015625,-0.400390625,-0.341796875
4432,1.201171875,1.142578125,-0.17578125,-0.361328125
4433,1.38671875,1.0546875,-0.3125,-0.3515625
4434,1.259765625,1.083984375,-0.322265625,-0.390625
4435,1.220703125,1.083984375,-0.2734375,-0.302734375
4436,1.318359375,0.986328125,-0.224609375,-0.400390625
4437,1.23046875,0.947265625,-0.185546875,-0.322265625
4438,1.19140625,1.015625,-0.263671875,-0.44921875
4439,1.19140625,1.07421875,-0.185546875,-0.361328125
4440,1.201171875,1.142578125,-0.224609375,-0.341796875
4441,1.279296875,1.03515625,-0.3125,-0.64453125
4442,1.298828125,1.005859375,-0.185546875,-0.41015625
4443,1.171875,1.025390625,-0.21484375,-0.3125
4444,1.25,1.064453125,-0.224609375,-0.2734375
4445,1.259765625,1.025390625,-0.3125,-0.3515625
4446,1.25,1.044921875,-0.166015625,-0.302734375
4447,1.240234375,0.95703125,-0.263671875,-0.390625
4448,1.2890625,0.91796875,-0.263671875,-0.3125
4449,1.201171875,0.99609375,-0.263671875,-0.33203125
4450,1.25,0.9765625,-0.1171875,-0.224609375
4451,1.1328125,1.044921875,-0.244140625,-0.263671875
4452,1.201171875,0.888671875,-0.263671875,-0.3125
4453,1.19140625,1.0546875,-0.17578125,-0.44921875
4454,1.201171875,1.005859375,-0.244140625,-0.390625
4455,1.19140625,1.25,-0.17578125,-0.390625
4456,1.25,0.927734375,-0.087890625,-0.263671875
4457,1.220703125,1.005859375,-0.13671875,-0.33203125
4458,1.181640625,0.888671875,-0.205078125,-0.29296875
4459,1.15234375,1.03515625,-0.2734375,-0.37109375
4460,1.240234375,1.025390625,-0.1953125,-0.25390625
4461,1.23046875,1.005859375,-0.048828125,-0.33203125
4462,1.201171875,1.03515625,-0.224609375,-0.390625
4463,1.240234375,1.09375,-0.185546875,-0.263671875
4464,1.171875,1.07421875,-0.166015625,-0.33203125
4465,1.171875,1.201171875,-0.15625,-0.224609375
4466,1.19140625,1.083984375,-0.244140625,-0.25390625
4467,1.259765625,0.810546875,-0.185546875,-0.25390625
4468,1.201171875,1.181640625,-0.25390625,-0.224609375
4469,1.30859375,1.083984375,-0.322265625,-0.37109375
4470,1.2890625,0.8984375,-0.2734375,-0.3125
4471,1.171875,1.103515625,-0.244140625,-0.322265625
4472,1.201171875,1.044921875,-0.2734375,-0.390625
4473,1.318359375,0.9375,-0.224609375,-0.341796875
4474,1.19140625,0.966796875,-0.234375,-0.302734375
4475,1.25,1.025390625,-0.263671875,-0.21484375
4476,1.201171875,1.025390625,-0.15625,-0.33203125
4477,1.23046875,0.966796875,-0.263671875,-0.263671875
4478,1.26953125,1.03515625,-0.322265625,-0.361328125
4479,1.220703125,1.03515625,-0.234375,-0.341796875
4480,1.23046875,1.09375,-0.29296875,-0.380859375
4481,1.171875,1.015625,-0.1953125,-0.234375
4482,1.23046875,0.986328125,-0.302734375,-0.283203125
4483,1.2109375,0.927734375,-0.3515625,-0.3125
4484,1.123046875,1.0546875,-0.166015625,-0.2734375
4485,1.07421875,0.986328125,-0.25390625,-0.2734375
4486,1.23046875,1.025390625,-0.234375,-0.25390625
4487,1.171875,0.966796875,-0.263671875,-0.3515625
4488,1.318359375,0.9375,-0.283203125,-0.29296875
4489,1.181640625,0.9765625,-0.166015625,-0.302734375
4490,1.25,1.015625,-0.21484375,-0.3125
4491,1.19140625,1.11328125,-0.2734375,-0.263671875
4492,1.279296875,1.15234375,-0.126953125,-0.2734375
4493,1.240234375,0.99609375,-0.302734375,-0.302734375
4494,1.240234375,0.87890625,-0.25390625,-0.283203125
4495,1.2109375,1.09375,-0.126953125,-0.263671875
4496,1.25,0.99609375,-0.224609375,-0.234375
4497,1.083984375,1.015625,-0.17578125,-0.2734375
4498,1.26953125,0.9765625,-0.087890625,-0.302734375
4499,1.279296875,0.9765625,-0.15625,-0.302734375
4500,1.142578125,0.9375,-0.224609375,-0.419921875
4501,1.19140625,0.966796875,-0.3125,-0.341796875
4502,1.25,1.03515625,-0.263671875,-0.2734375
4503,1.181640625,1.044921875,-0.1953125,-0.390625
4504,1.201171875,1.171875,-0.078125,-0.3125
4505,1.181640625,1.03515625,-0.283203125,-0.52734375
4506,1.15234375,1.1328125,-0.283203125,-0.390625
4507,1.240234375,1.044921875,-0.2734375,-0.361328125
4508,1.162109375,0.927734375,-0.244140625,-0.2734375
4509,1.25,1.025390625,-0.244140625,-0.3515625
4510,1.23046875,1.083984375,-0.224609375,-0.33203125
4511,1.2109375,1.025390625,-0.234375,-0.15625
4512,1.240234375,1.03515625,-0.205078125,-0.537109375
4513,1.279296875,1.0546875,-0.13671875,-0.322265625
4514,1.220703125,1.025390625,-0.1953125,-0.1953125
4515,1.1328125,1.044921875,-0.29296875,-0.263671875
4516,1.11328125,1.09375,-0.15625,-0.302734375
4517,1.181640625,0.99609375,-0.078125,-0.244140625
4518,1.19140625,1.07421875,-0.25390625,-0.1953125
4519,1.259765625,1.123046875,-0.068359375,-0.29296875
4520,1.1328125,1.064453125,-0.263671875,-0.29296875
4521,1.298828125,1.0546875,-0.25390625,-0.283203125
4522,1.279296875,1.005859375,-0.29296875,-0.322265625
4523,1.19140625,1.064453125,-0.322265625,-0.302734375
4524,1.2109375,1.03515625,-0.17578125,-0.283203125
4525,1.181640625,1.1328125,-0.234375,-0.224609375
4526,1.220703125,1.03515625,-0.13671875,-0.2734375
4527,1.23046875,1.044921875,-0.283203125,-0.2734375
4528,1.162109375,1.083984375,-0.21484375,-0.2734375
4529,1.142578125,1.142578125,-0.244140625,-0.25390625
4530,1.26953125,1.064453125,-0.15625,-0.458984375
4531,1.279296875,1.015625,-0.244140625,-0.224609375
4532,1.23046875,1.1328125,-0.263671875,-0.29296875
4533,1.201171875,0.947265625,-0.224609375,-0.205078125
4534,1.337890625,1.09375,-0.15625,-0.234375
4535,1.181640625,1.025390625,-0.33203125,-0.263671875
4536,1.083984375,1.005859375,-0.166015625,-0.33203125
4537,1.162109375,1.025390625,-0.21484375,-0.17578125
4538,1.279296875,1.181640625,-0.09765625,-0.15625
4539,1.220703125,0.99609375,-0.13671875,-0.205078125
4540,1.171875,0.95703125,-0.107421875,-0.25390625
4541,1.19140625,0.888671875,-0.322265625,-0.1953125
4542,1.142578125,1.005859375,-0.15625,-0.146484375
4543,1.259765625,1.142578125,-0.185546875,-0.341796875
4544,1.15234375,1.07421875,-0.224609375,-0.322265625
4545,1.23046875,1.083984375,-0.185546875,-0.185546875
4546,1.240234375,1.181640625,-0.244140625,-0.283203125
4547,1.2109375,1.044921875,-0.2734375,-0.21484375
4548,1.1328125,1.0546875,-0.185546875,-0.419921875
4549,1.2109375,1.005859375,-0.146484375,-0.283203125
4550,1.25,1.15234375,-0.25390625,-0.2734375
4551,1.19140625,1.09375,-0.185546875,-0.283203125
4552,1.162109375,0.99609375,-0.146484375,-0.341796875
4553,1.2109375,0.9765625,-0.15625,-0.283203125
4554,1.23046875,0.99609375,-0.1953125,-0.29296875
4555,1.181640625,1.162109375,-0.146484375,-0.205078125
4556,1.171875,1.03515625,-0.05859375,-0.1953125
4557,1.2109375,1.07421875,-0.244140625,-0.185546875
4558,1.142578125,1.123046875,-0.107421875,-0.2734375
4559,1.201171875,1.025390625,-0.2734375,-0.302734375
4560,1.123046875,1.09375,-0.13671875,-0.33203125
4561,1.38671875,1.15234375,-0.283203125,-0.263671875
4562,1.2109375,1.2109375,-0.17578125,-0.234375
4563,1.376953125,1.083984375,-0.17578125,-0.322265625
4564,1.328125,1.083984375,-0.1953125,-0.2734375
4565,1.2109375,1.015625,-0.15625,-0.263671875
4566,1.19140625,1.11328125,-0.17578125,-0.263671875
4567,1.19140625,1.11328125,-0.21484375,-0.01953125
4568,1.142578125,1.07421875,-0.21484375,-0.302734375
4569,1.181640625,1.142578125,-0.224609375,-0.224609375
4570,1.240234375,1.064453125,-0.205078125,-0.13671875
4571,1.162109375,1.09375,-0.302734375,-0.263671875
4572,1.171875,0.99609375,-0.263671875,-0.13671875
4573,1.25,1.083984375,-0.185546875,-0.1171875
4574,1.328125,1.1328125,-0.21484375,-0.29296875
4575,1.259765625,1.07421875,-0.25390625,-0.25390625
4576,1.220703125,1.103515625,-0.3125,-0.322265625
4577,1.19140625,1.07421875,-0.166015625,-0.244140625
4578,1.240234375,1.162109375,-0.3125,-0.25390625
4579,1.09375,1.103515625,-0.283203125,-0.126953125
4580,1.19140625,1.162109375,-0.17578125,-0.224609375
4581,1.19140625,0.95703125,-0.322265625,-0.263671875
4582,1.2109375,1.083984375,-0.29296875,-0.302734375
4583,1.25,1.064453125,-0.244140625,-0.21484375
4584,1.220703125,0.87890625,-0.234375,-0.234375
4585,1.23046875,1.07421875,-0.302734375,-0.21484375
4586,1.23046875,1.1328125,-0.25390625,-0.244140625
4587,1.181640625,1.07421875,-0.1171875,-0.244140625
4588,1.30859375,1.07421875,-0.29296875,-0.126953125
4589,1.259765625,1.201171875,-0.302734375,-0.263671875
4590,1.240234375,0.849609375,-0.15625,-0.21484375
4591,1.201171875,1.064453125,-0.224609375,-0.3515625
4592,1.259765625,0.9765625,-0.1171875,-0.244140625
4593,1.171875,1.1328125,-0.224609375,-0.29296875
4594,1.064453125,1.07421875,-0.244140625,-0.41015625
4595,1.201171875,0.99609375,-0.25390625,-0.146484375
4596,1.2109375,1.064453125,-0.17578125,-0.263671875
4597,1.259765625,1.015625,-0.1953125,-0.390625
4598,1.298828125,1.0546875,-0.17578125,-0.205078125
4599,1.201171875,0.78125,-0.3125,-0.2734375
4600,1.240234375,1.064453125,-0.224609375,-0.2734375
4601,1.0546875,1.064453125,-0.25390625,-0.224609375
4602,1.201171875,1.03515625,-0.234375,-0.185546875
4603,1.2890625,1.07421875,-0.205078125,-0.1953125
4604,1.220703125,1.025390625,-0.234375,-0.224609375
4605,1.220703125,1.015625,-0.302734375,-0.224609375
4606,1.171875,1.07421875,-0.21484375,-0.21484375
4607,1.220703125,1.0546875,-0.1953125,-0.166015625
4608,1.23046875,0.99609375,-0.263671875,-0.25390625
4609,1.07421875,1.07421875,-0.224609375,-0.322265625
4610,1.23046875,1.03515625,-0.302734375,-0.2734375
4611,1.1328125,1.11328125,-0.126953125,-0.21484375
4612,1.220703125,1.123046875,-0.1953125,-0.244140625
4613,1.11328125,1.064453125,-0.1953125,-0.224609375
4614,1.19140625,1.220703125,-0.17578125,-0.1171875
4615,1.171875,1.15234375,-0.166015625,-0.205078125
4616,1.240234375,1.181640625,-0.2734375,-0.224609375
4617,1.220703125,1.162109375,-0.224609375,-0.283203125
4618,1.15234375,1.162109375,-0.263671875,-0.13671875
4619,1.142578125,1.2109375,-0.15625,-0.126953125
4620,1.23046875,1.201171875,-0.263671875,-0.21484375
4621,1.23046875,1.1328125,-0.1171875,-0.01953125
4622,1.3671875,1.1328125,-0.1953125,-0.146484375
4623,1.23046875,1.123046875,0.0390625,-0.15625
4624,1.181640625,1.123046875,-0.224609375,-0.361328125
4625,1.240234375,1.103515625,-0.185546875,-0.25390625
4626,1.2109375,1.15234375,-0.21484375,-0.2734375
4627,1.240234375,1.2109375,-0.2734375,-0.21484375
4628,1.2890625,1.171875,-0.29296875,-0.21484375
4629,1.23046875,1.162109375,-0.078125,-0.185546875
4630,1.240234375,1.19140625,-0.244140625,-0.302734375
4631,1.259765625,1.123046875,-0.17578125,-0.21484375
4632,1.240234375,1.142578125,-0.185546875,-0.234375
4633,1.259765625,1.181640625,-0.21484375,-0.33203125
4634,1.25,1.1328125,-0.244140625,-0.224609375
4635,1.103515625,1.142578125,-0.33203125,-0.224609375
4636,1.2109375,1.23046875,-0.068359375,-0.25390625
4637,1.162109375,1.162109375,-0.234375,-0.205078125
4638,1.240234375,1.201171875,-0.234375,-0.21484375
4639,1.259765625,1.259765625,-0.322265625,-0.068359375
4640,1.259765625,1.162109375,-0.263671875,-0.263671875
4641,1.30859375,1.2890625,-0.13671875,-0.21484375
4642,1.181640625,1.201171875,-0.302734375,-0.17578125
4643,1.25,1.26953125,-0.1953125,-0.09765625
4644,1.19140625,1.298828125,-0.263671875,-0.205078125
4645,1.19140625,1.171875,-0.17578125,-0.3125
4646,1.07421875,1.162109375,-0.21484375,-0.44921875
4647,1.142578125,1.083984375,-0.146484375,-0.1953125
4648,1.181640625,1.2109375,-0.25390625,-0.2734375
4649,1.25,1.201171875,-0.21484375,-0.25390625
4650,1.15234375,1.1328125,-0.234375,-0.234375
4651,1.220703125,1.181640625,-0.166015625,-0.185546875
4652,1.19140625,1.220703125,-0.224609375,-0.322265625
4653,1.3671875,1.11328125,-0.224609375,-0.302734375
4654,1.259765625,0.986328125,-0.25390625,-0.3125
4655,1.279296875,1.162109375,-0.25390625,-0.3125
4656,1.25,1.23046875,-0.25390625,-0.25390625
4657,1.220703125,1.19140625,-0.146484375,-0.3125
4658,1.220703125,1.1328125,-0.283203125,-0.322265625
4659,1.201171875,1.30859375,-0.322265625,-0.283203125
4660,1.220703125,1.34765625,-0.283203125,-0.361328125
4661,1.171875,1.201171875,-0.263671875,-0.21484375
4662,1.259765625,1.201171875,-0.224609375,-0.244140625
4663,1.23046875,1.19140625,-0.1171875,-0.25390625
4664,1.2109375,1.15234375,-0.234375,-0.361328125
4665,1.26953125,1.19140625,-0.224609375,-0.25390625
4666,1.142578125,1.181640625,-0.390625,-0.234375
4667,1.2109375,1.220703125,-0.3515625,-0.17578125
4668,1.11328125,1.1328125,-0.21484375,-0.263671875
4669,1.15234375,1.15234375,-0.283203125,-0.263671875
4670,1.337890625,1.181640625,-0.224609375,-0.1171875
4671,1.26953125,1.25,-0.29296875,-0.341796875
4672,1.220703125,1.279296875,-0.361328125,-0.25390625
4673,1.162109375,1.181640625,-0.341796875,-0.263671875
4674,1.083984375,1.220703125,-0.17578125,-0.302734375
4675,1.259765625,1.328125,-0.17578125,-0.244140625
4676,1.11328125,1.240234375,-0.263671875,-0.263671875
4677,1.240234375,1.2890625,-0.107421875,-0.224609375
4678,1.064453125,1.162109375,-0.126953125,-0.244140625
4679,1.23046875,1.201171875,-0.21484375,-0.107421875
4680,1.15234375,1.162109375,-0.185546875,-0.224609375
4681,1.19140625,1.19140625,-0.263671875,-0.205078125
4682,1.259765625,1.15234375,-0.205078125,-0.37109375
4683,1.123046875,1.201171875,-0.21484375,-0.25390625
4684,1.15234375,1.162109375,-0.234375,-0.185546875
4685,1.25,1.25,-0.126953125,-0.390625
4686,1.19140625,1.171875,-0.244140625,-0.263671875
4687,1.220703125,1.23046875,-0.322265625,-0.205078125
4688,1.2109375,1.162109375,-0.205078125,-0.224609375
4689,1.142578125,1.2890625,-0.21484375,-0.37109375
4690,1.25,1.30859375,-0.29296875,-0.15625
4691,1.171875,1.220703125,-0.263671875,-0.263671875
4692,1.26953125,1.220703125,-0.244140625,-0.263671875
4693,1.15234375,1.23046875,-0.25390625,-0.283203125
4694,1.162109375,1.26953125,-0.2734375,-0.400390625
4695,1.220703125,1.2890625,-0.17578125,-0.263671875
4696,1.181640625,1.1328125,-0.2734375,-0.166015625
4697,1.19140625,1.201171875,-0.380859375,-0.234375
4698,1.142578125,1.19140625,-0.21484375,-0.234375
4699,1.240234375,1.2109375,-0.234375,-0.244140625
4700,1.240234375,1.201171875,-0.361328125,-0.33203125
4701,1.2109375,1.220703125,-0.3125,-0.185546875
4702,1.171875,1.240234375,-0.244140625,-0.3125
4703,1.11328125,1.1328125,-0.1953125,-0.3125
4704,1.11328125,1.15234375,-0.244140625,-0.263671875
4705,1.171875,1.123046875,-0.185546875,-0.302734375
4706,1.26953125,1.181640625,-0.2734375,-0.244140625
4707,1.25,1.220703125,-0.205078125,-0.4296875
4708,1.23046875,1.26953125,-0.25390625,-0.3125
4709,1.26953125,1.03515625,-0.166015625,-0.302734375
4710,1.220703125,1.181640625,-0.263671875,-0.302734375
4711,1.123046875,1.201171875,-0.37109375,-0.302734375
4712,1.2109375,1.220703125,-0.126953125,-0.2734375
4713,1.0546875,1.171875,-0.283203125,-0.1953125
4714,1.298828125,1.1328125,-0.244140625,-0.205078125
4715,1.26953125,1.240234375,-0.17578125,-0.37109375
4716,1.181640625,1.19140625,-0.263671875,-0.380859375
4717,1.2109375,1.23046875,-0.283203125,-0.390625
4718,1.240234375,1.23046875,-0.17578125,-0.25390625
4719,1.2109375,1.171875,-0.244140625,-0.224609375
4720,1.337890625,1.376953125,-0.3125,-0.302734375
4721,1.23046875,1.26953125,-0.341796875,-0.33203125
4722,1.23046875,1.2109375,-0.234375,-0.224609375
4723,1.181640625,1.220703125,-0.234375,-0.302734375
4724,1.2109375,1.25,-0.263671875,-0.302734375
4725,1.220703125,1.2109375,-0.263671875,-0.185546875
4726,1.181640625,1.19140625,-0.224609375,-0.078125
4727,1.181640625,1.162109375,-0.322265625,-0.283203125
4728,1.279296875,1.23046875,-0.322265625,-0.263671875
4729,1.09375,1.34765625,-0.17578125,-0.263671875
4730,1.181640625,1.259765625,-0.15625,-0.390625
4731,1.171875,1.259765625,-0.2734375,-0.29296875
4732,1.279296875,1.26953125,-0.234375,-0.25390625
4733,1.23046875,1.123046875,-0.29296875,-0.302734375
4734,1.25,1.220703125,-0.2734375,-0.283203125
4735,1.201171875,1.23046875,-0.25390625,-0.33203125
4736,1.220703125,1.123046875,-0.302734375,-0.341796875
4737,1.123046875,1.298828125,-0.33203125,-0.419921875
4738,1.15234375,1.416015625,-0.205078125,-0.33203125
4739,1.220703125,1.240234375,-0.302734375,-0.33203125
4740,1.259765625,1.23046875,-0.29296875,-0.1953125
4741,1.03515625,1.23046875,-0.21484375,-0.283203125
4742,1.142578125,1.1328125,-0.25390625,-0.2734375
4743,1.220703125,1.25,-0.15625,-0.322265625
4744,1.23046875,1.34765625,-0.244140625,-0.419921875
4745,1.2109375,1.2109375,-0.283203125,-0.283203125
4746,1.201171875,1.240234375,-0.234375,-0.126953125
4747,1.318359375,1.38671875,-0.21484375,-0.126953125
4748,1.328125,1.455078125,-0.166015625,-0.400390625
4749,1.23046875,1.26953125,-0.244140625,-0.37109375
4750,1.11328125,1.298828125,-0.205078125,-0.2734375
4751,1.23046875,1.337890625,-0.21484375,-0.302734375
4752,1.23046875,1.23046875,-0.048828125,-0.3125
4753,1.328125,1.15234375,-0.1953125,-0.380859375
4754,1.15234375,1.34765625,-0.283203125,-0.380859375
4755,1.2109375,1.337890625,-0.1171875,-0.302734375
4756,1.162109375,1.26953125,-0.29296875,-0.3125
4757,1.259765625,1.19140625,-0.37109375,-0.21484375
4758,1.23046875,1.298828125,-0.37109375,-0.380859375
4759,1.201171875,1.34765625,-0.29296875,-0.322265625
4760,1.25,1.279296875,-0.3515625,-0.2734375
4761,1.19140625,1.3671875,-0.2734375,-0.166015625
4762,1.19140625,1.25,-0.2734375,-0.25390625
4763,1.2109375,1.23046875,-0.078125,-0.380859375
4764,1.240234375,1.533203125,-0.185546875,-0.380859375
4765,1.03515625,1.26953125,-0.283203125,-0.390625
4766,1.3671875,1.2890625,-0.302734375,-0.283203125
4767,1.240234375,1.1328125,-0.29296875,-0.361328125
4768,1.2109375,1.279296875,-0.302734375,-0.283203125
4769,1.11328125,1.26953125,-0.1953125,-0.41015625
4770,1.2109375,1.26953125,-0.3125,-0.439453125
4771,1.298828125,1.25,-0.25390625,-0.439453125
4772,1.11328125,1.220703125,-0.263671875,-0.361328125
4773,1.240234375,1.26953125,-0.33203125,-0.37109375
4774,1.171875,1.25,-0.25390625,-0.263671875
4775,1.220703125,1.201171875,-0.2734375,-0.400390625
4776,1.2109375,1.357421875,-0.244140625,-0.3515625
4777,0.99609375,1.220703125,-0.302734375,-0.361328125
4778,1.2890625,1.25,-0.380859375,-0.44921875
4779,1.220703125,1.2890625,-0.185546875,-0.419921875
4780,1.328125,1.240234375,-0.1953125,-0.390625
4781,1.26953125,1.064453125,-0.15625,-0.400390625
4782,1.23046875,1.171875,-0.302734375,-0.380859375
4783,1.220703125,1.298828125,-0.3125,-0.25390625
4784,1.396484375,1.318359375,-0.37109375,-0.439453125
4785,1.220703125,0.986328125,-0.380859375,-0.33203125
4786,1.201171875,1.279296875,-0.2734375,-0.341796875
4787,1.25,1.220703125,-0.322265625,-0.390625
4788,1.171875,1.220703125,-0.29296875,-0.380859375
4789,1.240234375,1.240234375,-0.244140625,-0.37109375
4790,1.064453125,1.19140625,-0.3125,-0.439453125
4791,1.19140625,1.162109375,-0.234375,-0.380859375
4792,1.26953125,1.25,-0.29296875,-0.48828125
4793,1.38671875,1.25,-0.205078125,-0.361328125
4794,1.19140625,1.083984375,-0.322265625,-0.3515625
4795,1.279296875,1.26953125,-0.29296875,-0.390625
4796,1.23046875,1.240234375,-0.244140625,-0.400390625
4797,1.171875,1.15234375,-0.29296875,-0.37109375
4798,1.19140625,1.25,-0.3125,-0.234375
4799,1.09375,1.171875,-0.2734375,-0.41015625
4800,1.19140625,1.1328125,-0.166015625,-0.390625
4801,1.25,1.2890625,-0.21484375,-0.3515625
4802,1.279296875,1.23046875,-0.21484375,-0.390625
4803,1.181640625,1.1328125,-0.244140625,-0.48828125
4804,1.142578125,1.201171875,-0.15625,-0.498046875
4805,1.083984375,1.23046875,-0.29296875,-0.361328125
4806,1.2890625,1.3671875,-0.234375,-0.390625
4807,1.23046875,1.25,-0.1171875,-0.390625
4808,0.986328125,1.201171875,-0.205078125,-0.341796875
4809,1.181640625,1.123046875,-0.166015625,-0.3515625
4810,1.142578125,1.25,-0.3125,-0.498046875
4811,1.259765625,1.220703125,-0.25390625,-0.64453125
4812,1.279296875,1.42578125,-0.263671875,-0.380859375
4813,1.201171875,1.15234375,-0.244140625,-0.46875
4814,1.23046875,1.171875,-0.3515625,-0.234375
4815,1.09375,1.064453125,-0.302734375,-0.44921875
4816,1.11328125,1.2109375,-0.5078125,-0.3125
4817,1.19140625,1.2109375,-0.21484375,-0.3125
4818,1.240234375,1.279296875,-0.244140625,-0.400390625
4819,1.25,1.2109375,-0.234375,-0.361328125
4820,1.220703125,1.19140625,-0.263671875,-0.48828125
4821,1.19140625,1.181640625,-0.13671875,-0.380859375
4822,1.259765625,1.376953125,-0.33203125,-0.41015625
4823,1.19140625,1.181640625,-0.263671875,-0.29296875
4824,1.25,1.220703125,-0.3515625,-0.37109375
4825,1.23046875,1.455078125,-0.1953125,-0.458984375
4826,1.2109375,1.23046875,-0.146484375,-0.361328125
4827,1.162109375,1.15234375,-0.21484375,-0.390625
4828,1.201171875,1.26953125,-0.205078125,-0.3125
4829,1.09375,1.23046875,-0.185546875,-0.380859375
4830,1.30859375,1.2109375,-0.224609375,-0.33203125
4831,1.2109375,1.259765625,-0.15625,-0.439453125
4832,1.220703125,1.25,-0.166015625,-0.400390625
4833,1.26953125,1.2109375,-0.263671875,-0.380859375
4834,1.259765625,1.123046875,-0.01953125,-0.33203125
4835,1.103515625,1.26953125,-0.224609375,-0.419921875
4836,1.19140625,1.298828125,-0.390625,-0.400390625
4837,1.240234375,1.15234375,-0.224609375,-0.390625
4838,1.201171875,1.19140625,-0.17578125,-0.556640625
4839,1.25,1.23046875,-0.283203125,-0.400390625
4840,1.2109375,1.240234375,-0.17578125,-0.419921875
4841,1.30859375,1.162109375,-0.25390625,-0.5078125
4842,1.23046875,1.2890625,-0.283203125,-0.458984375
4843,1.171875,1.26953125,-0.166015625,-0.361328125
4844,1.23046875,1.142578125,-0.205078125,-0.439453125
4845,1.09375,1.11328125,-0.2734375,-0.400390625
4846,1.240234375,1.142578125,-0.185546875,-0.33203125
4847,1.240234375,1.171875,-0.205078125,-0.478515625
4848,1.23046875,1.142578125,-0.244140625,-0.33203125
4849,1.26953125,1.15234375,-0.37109375,-0.322265625
4850,1.220703125,1.07421875,-0.25390625,-0.341796875
4851,1.162109375,1.09375,-0.263671875,-0.419921875
4852,1.19140625,1.09375,-0.15625,-0.33203125
4853,1.23046875,1.11328125,-0.25390625,-0.390625
4854,1.181640625,1.07421875,-0.263671875,-0.380859375
4855,1.142578125,1.015625,-0.17578125,-0.361328125
4856,1.279296875,1.103515625,-0.2734375,-0.33203125
4857,1.142578125,1.03515625,-0.283203125,-0.33203125
4858,1.26953125,1.123046875,-0.107421875,-0.400390625
4859,1.181640625,1.083984375,-0.2734375,-0.361328125
4860,1.25,1.0546875,-0.234375,-0.341796875
4861,1.26953125,1.15234375,-0.29296875,-0.41015625
4862,1.26953125,1.083984375,-0.25390625,-0.25390625
4863,1.171875,1.025390625,-0.234375,-0.234375
4864,1.201171875,1.083984375,-0.234375,-0.3515625
4865,1.1328125,1.064453125,-0.302734375,-0.41015625
4866,1.103515625,1.005859375,-0.234375,-0.263671875
4867,1.181640625,1.025390625,-0.205078125,-0.341796875
4868,1.240234375,1.09375,-0.1953125,-0.37109375
4869,1.240234375,1.03515625,-0.263671875,-0.46875
4870,1.220703125,1.259765625,-0.205078125,-0.322265625
4871,1.162109375,1.005859375,-0.283203125,-0.263671875
4872,1.15234375,1.171875,-0.244140625,-0.37109375
4873,1.279296875,1.07421875,-0.146484375,-0.3125
4874,1.171875,1.03515625,-0.15625,-0.302734375
4875,1.34765625,1.044921875,-0.2734375,-0.41015625
4876,1.23046875,1.064453125,-0.25390625,-0.302734375
4877,1.23046875,1.083984375,-0.341796875,-0.166015625
4878,1.162109375,1.044921875,-0.234375,-0.25390625
4879,1.19140625,0.91796875,-0.1953125,-0.380859375
4880,1.220703125,0.95703125,-0.13671875,-0.2734375
4881,1.19140625,0.986328125,-0.166015625,-0.1953125
4882,1.26953125,1.025390625,-0.263671875,-0.341796875
4883,1.240234375,0.966796875,-0.25390625,-0.439453125
4884,1.19140625,1.0546875,-0.17578125,-0.400390625
4885,1.220703125,1.025390625,-0.078125,-0.3125
4886,1.11328125,0.986328125,-0.224609375,-0.2734375
4887,1.162109375,1.015625,-0.146484375,-0.322265625
4888,1.484375,1.064453125,-0.17578125,-0.302734375
4889,1.171875,0.986328125,-0.146484375,-0.361328125
4890,1.23046875,1.025390625,-0.205078125,-0.361328125
4891,1.2109375,0.95703125,-0.21484375,-0.33203125
4892,1.201171875,0.966796875,-0.244140625,-0.283203125
4893,1.240234375,1.025390625,-0.185546875,-0.322265625
4894,1.005859375,0.869140625,-0.224609375,-0.3125
4895,1.279296875,1.09375,-0.1953125,-0.341796875
4896,1.181640625,1.044921875,-0.25390625,-0.205078125
4897,1.19140625,1.07421875,-0.263671875,-0.2734375
4898,1.2109375,1.07421875,-0.3125,-0.37109375
4899,1.23046875,1.07421875,-0.234375,-0.322265625
4900,1.162109375,0.927734375,-0.25390625,-0.341796875
4901,1.220703125,0.966796875,-0.3125,-0.44921875
4902,1.259765625,1.03515625,-0.322265625,-0.244140625
4903,1.34765625,0.95703125,-0.25390625,-0.361328125
4904,1.23046875,1.0546875,-0.341796875,-0.380859375
4905,1.123046875,0.99609375,-0.244140625,-0.341796875
4906,1.220703125,1.07421875,-0.25390625,-0.2734375
4907,1.259765625,1.201171875,-0.25390625,-0.341796875
4908,1.2109375,0.9765625,-0.244140625,-0.234375
4909,1.25,1.103515625,-0.224609375,-0.283203125
4910,1.220703125,0.87890625,-0.1953125,-0.3515625
4911,1.15234375,0.888671875,-0.21484375,-0.1953125
4912,1.23046875,1.025390625,-0.234375,-0.2734375
4913,1.2890625,0.87890625,-0.15625,-0.25390625
4914,1.30859375,0.95703125,-0.3515625,-0.390625
4915,1.201171875,0.99609375,-0.21484375,-0.419921875
4916,1.220703125,0.99609375,-0.13671875,-0.3125
4917,1.240234375,0.966796875,-0.2734375,-0.224609375
4918,1.11328125,0.966796875,-0.1953125,-0.341796875
4919,1.23046875,0.9375,-0.25390625,-0.234375
4920,1.298828125,1.07421875,-0.21484375,-0.166015625
4921,1.2109375,0.986328125,-0.234375,-0.29296875
4922,1.123046875,0.91796875,-0.25390625,-0.283203125
4923,1.171875,1.005859375,-0.205078125,-0.302734375
4924,1.1328125,0.986328125,-0.185546875,-0.546875
4925,1.142578125,0.908203125,-0.29296875,-0.341796875
4926,1.1328125,0.966796875,-0.2734375,-0.33203125
4927,1.142578125,1.025390625,-0.205078125,-0.1953125
4928,1.181640625,1.123046875,-0.13671875,-0.380859375
4929,1.259765625,1.0546875,-0.29296875,-0.41015625
4930,1.240234375,1.005859375,-0.2734375,-0.244140625
4931,1.2109375,1.005859375,-0.2734375,-0.2734375
4932,1.240234375,0.9765625,-0.244140625,-0.244140625
4933,1.2109375,1.015625,-0.1953125,-0.146484375
4934,1.162109375,0.8984375,-0.17578125,-0.341796875
4935,1.25,0.966796875,-0.224609375,-0.322265625
4936,1.11328125,1.005859375,-0.21484375,-0.400390625
4937,1.142578125,0.95703125,-0.380859375,-0.3515625
4938,1.201171875,1.09375,-0.419921875,-0.166015625
4939,1.171875,0.927734375,-0.17578125,-0.185546875
4940,1.15234375,0.9765625,-0.2734375,-0.41015625
4941,1.19140625,0.966796875,-0.33203125,-0.458984375
4942,1.1328125,0.99609375,-0.185546875,-0.2734375
4943,1.09375,0.78125,-0.234375,-0.29296875
4944,1.07421875,0.859375,-0.17578125,-0.400390625
4945,1.142578125,0.966796875,-0.224609375,-0.3125
4946,1.044921875,1.03515625,-0.3125,-0.244140625
4947,1.07421875,0.927734375,-0.224609375,-0.322265625
4948,1.1328125,1.0546875,-0.234375,-0.3125
4949,1.09375,0.95703125,-0.224609375,-0.361328125
4950,1.123046875,1.025390625,-0.302734375,-0.205078125
4951,1.181640625,1.005859375,-0.205078125,-0.419921875
4952,1.03515625,1.015625,-0.244140625,-0.283203125
4953,1.1328125,1.0546875,-0.1171875,-0.29296875
4954,1.15234375,1.103515625,-0.234375,-0.380859375
4955,1.19140625,1.083984375,-0.205078125,-0.224609375
4956,1.2109375,0.888671875,-0.185546875,-0.322265625
4957,1.142578125,1.044921875,-0.21484375,-0.37109375
4958,1.2109375,1.005859375,-0.25390625,-0.3125
4959,1.171875,0.908203125,-0.166015625,-0.283203125
4960,1.25,1.083984375,-0.302734375,0.029296875
4961,1.07421875,0.986328125,-0.234375,-0.234375
4962,1.19140625,0.986328125,-0.283203125,-0.17578125
4963,1.15234375,1.03515625,-0.205078125,-0.205078125
4964,1.171875,1.025390625,-0.17578125,-0.25390625
4965,1.11328125,0.9765625,-0.29296875,-0.234375
4966,1.15234375,1.03515625,-0.224609375,-0.25390625
4967,1.162109375,1.015625,-0.205078125,-0.263671875
4968,1.19140625,0.927734375,-0.234375,-0.3125
4969,1.23046875,1.07421875,-0.224609375,-0.3515625
4970,1.103515625,0.95703125,-0.185546875,-0.1953125
4971,1.171875,1.2109375,-0.224609375,-0.244140625
4972,1.162109375,1.0546875,-0.146484375,-0.400390625
4973,1.162109375,1.03515625,-0.2734375,-0.21484375
4974,1.171875,1.044921875,-0.126953125,-0.205078125
4975,1.15234375,1.083984375,-0.146484375,-0.3515625
4976,1.15234375,1.03515625,-0.126953125,-0.33203125
4977,1.142578125,1.142578125,-0.09765625,-0.21484375
4978,1.23046875,1.09375,-0.263671875,-0.478515625
4979,1.11328125,1.23046875,-0.146484375,-0.1953125
4980,1.23046875,1.11328125,0,-0.263671875
4981,1.201171875,1.0546875,-0.1953125,-0.1953125
4982,1.181640625,1.171875,-0.146484375,-0.17578125
4983,1.1328125,1.2109375,-0.234375,-0.1953125
4984,1.15234375,1.0546875,-0.21484375,-0.458984375
4985,1.123046875,1.11328125,-0.166015625,-0.15625
4986,1.142578125,1.15234375,-0.3125,-0.2734375
4987,1.26953125,1.103515625,-0.1953125,-0.302734375
4988,1.30859375,1.142578125,-0.166015625,-0.263671875
4989,1.142578125,1.03515625,-0.078125,-0.244140625
4990,1.103515625,1.064453125,-0.1953125,-0.205078125
4991,1.19140625,1.09375,-0.224609375,-0.15625
4992,1.0546875,1.1328125,-0.166015625,-0.21484375
4993,1.171875,1.0546875,-0.185546875,-0.3125
4994,1.19140625,1.123046875,-0.21484375,-0.25390625
4995,1.181640625,1.044921875,-0.107421875,-0.25390625
4996,1.1328125,1.1328125,-0.107421875,-0.224609375
4997,1.11328125,1.09375,-0.283203125,-0.234375
4998,1.1328125,1.15234375,-0.263671875,-0.234375
4999,1.083984375,1.11328125,-0.166015625,-0.15625
5000,1.123046875,1.03515625,-0.244140625,-0.1953125
5001,1.19140625,1.1328125,-0.205078125,-0.17578125
5002,1.142578125,1.083984375,-0.166015625,-0.21484375
5003,1.044921875,1.07421875,-0.185546875,-0.107421875
5004,1.15234375,1.15234375,-0.244140625,-0.17578125
5005,1.142578125,1.025390625,-0.29296875,-0.166015625
5006,1.142578125,1.064453125,-0.224609375,-0.205078125
5007,1.142578125,1.123046875,-0.380859375,-0.15625
5008,1.201171875,1.15234375,-0.1171875,-0.263671875
5009,1.19140625,1.142578125,-0.234375,-0.166015625
5010,1.09375,1.103515625,-0.390625,-0.205078125
5011,1.142578125,1.11328125,-0.25390625,-0.185546875
5012,1.240234375,1.11328125,-0.244140625,-0.087890625
5013,1.11328125,1.11328125,-0.3515625,-0.1953125
5014,1.171875,1.240234375,-0.283203125,-0.15625
5015,1.083984375,1.11328125,-0.3515625,-0.09765625
5016,1.142578125,0.966796875,-0.205078125,-0.166015625
5017,1.171875,1.083984375,-0.400390625,-0.224609375
5018,1.19140625,1.123046875,-0.33203125,-0.166015625
5019,1.23046875,1.181640625,-0.21484375,-0.263671875
5020,1.171875,1.2890625,-0.126953125,-0.146484375
5021,1.15234375,1.083984375,-0.185546875,-0.244140625
5022,1.30859375,1.103515625,-0.205078125,-0.234375
5023,1.19140625,1.044921875,-0.25390625,-0.25390625
5024,1.171875,1.015625,-0.205078125,-0.302734375
5025,1.123046875,0.9375,-0.234375,-0.224609375
5026,1.142578125,0.9765625,-0.224609375,-0.1953125
5027,1.181640625,1.044921875,-0.185546875,-0.234375
5028,1.11328125,1.064453125,-0.1171875,-0.263671875
5029,1.15234375,1.123046875,-0.322265625,-0.17578125
5030,1.19140625,1.064453125,-0.17578125,-0.1953125
5031,1.15234375,1.083984375,-0.21484375,-0.21484375
5032,1.103515625,1.103515625,-0.263671875,-0.21484375
5033,1.103515625,1.11328125,-0.234375,-0.166015625
5034,1.1328125,1.09375,-0.25390625,-0.224609375
5035,1.09375,1.181640625,-0.29296875,-0.224609375
5036,1.142578125,1.083984375,-0.21484375,-0.380859375
5037,1.181640625,1.162109375,-0.1171875,-0.21484375
5038,1.162109375,1.005859375,-0.322265625,-0.224609375
5039,1.1328125,1.11328125,-0.224609375,-0.166015625
5040,1.142578125,1.103515625,-0.25390625,-0.283203125
5041,1.181640625,1.015625,-0.107421875,-0.15625
5042,1.181640625,1.09375,-0.25390625,-0.15625
5043,1.103515625,1.0546875,-0.234375,-0.322265625
5044,1.09375,1.201171875,-0.21484375,-0.25390625
5045,1.171875,1.07421875,-0.25390625,-0.205078125
5046,1.2890625,1.103515625,-0.17578125,-0.126953125
5047,1.11328125,1.123046875,-0.1171875,-0.244140625
5048,1.220703125,1.09375,-0.224609375,-0.234375
5049,1.1328125,1.1328125,-0.185546875,-0.33203125
5050,1.162109375,0.9765625,-0.234375,-0.224609375
5051,1.19140625,1.1328125,-0.302734375,-0.068359375
5052,1.0546875,1.064453125,-0.21484375,-0.146484375
5053,1.181640625,1.1328125,-0.078125,-0.21484375
5054,1.171875,1.1328125,-0.0390625,-0.17578125
5055,1.259765625,1.162109375,-0.205078125,-0.21484375
5056,1.103515625,1.123046875,-0.185546875,-0.234375
5057,1.11328125,1.201171875,-0.13671875,-0.166015625
5058,1.1328125,1.171875,-0.15625,-0.224609375
5059,1.259765625,1.0546875,-0.09765625,-0.3125
5060,1.083984375,1.15234375,-0.234375,-0.263671875
5061,1.15234375,1.171875,-0.2734375,-0.009765625
5062,1.15234375,1.19140625,-0.17578125,-0.185546875
5063,1.162109375,1.357421875,-0.322265625,-0.302734375
5064,1.181640625,1.142578125,-0.25390625,-0.244140625
5065,1.2109375,1.142578125,-0.25390625,-0.2734375
5066,1.162109375,1.0546875,-0.263671875,-0.21484375
5067,1.357421875,1.181640625,-0.263671875,-0.439453125
5068,1.220703125,1.26953125,-0.283203125,-0.263671875
5069,1.259765625,1.083984375,-0.15625,-0.419921875
5070,1.318359375,1.181640625,-0.29296875,-0.205078125
5071,1.19140625,1.09375,-0.166015625,-0.1953125
5072,1.26953125,1.171875,-0.15625,-0.341796875
5073,1.240234375,1.171875,-0.283203125,-0.37109375
5074,1.23046875,1.23046875,-0.25390625,-0.205078125
5075,1.23046875,1.171875,-0.205078125,-0.244140625
5076,1.240234375,1.171875,-0.17578125,-0.205078125
5077,1.23046875,1.279296875,-0.29296875,-0.185546875
5078,1.25,1.259765625,-0.380859375,-0.283203125
5079,1.259765625,1.15234375,-0.263671875,-0.15625
5080,1.162109375,1.171875,-0.21484375,-0.244140625
5081,1.201171875,1.07421875,-0.25390625,-0.185546875
5082,1.181640625,1.1328125,-0.234375,-0.41015625
5083,1.2890625,1.23046875,-0.263671875,-0.234375
5084,1.19140625,1.07421875,-0.234375,-0.244140625
5085,1.181640625,1.259765625,-0.21484375,-0.17578125
5086,1.15234375,1.162109375,-0.234375,-0.21484375
5087,1.2109375,1.142578125,-0.21484375,-0.166015625
5088,1.337890625,1.171875,-0.263671875,-0.185546875
5089,1.220703125,1.123046875,-0.283203125,-0.3125
5090,1.201171875,1.2109375,-0.244140625,-0.302734375
5091,1.162109375,1.201171875,-0.126953125,-0.283203125
5092,1.25,1.171875,-0.25390625,-0.234375
5093,1.19140625,1.15234375,-0.263671875,-0.185546875
5094,1.07421875,1.142578125,-0.205078125,-0.25390625
5095,1.171875,1.123046875,-0.205078125,-0.234375
5096,1.171875,1.337890625,-0.185546875,-0.205078125
5097,1.083984375,1.201171875,-0.185546875,-0.224609375
5098,1.142578125,1.201171875,-0.15625,-0.29296875
5099,1.240234375,1.181640625,-0.33203125,-0.3125
5100,1.23046875,1.171875,-0.2734375,-0.37109375
5101,1.279296875,1.337890625,-0.21484375,-0.09765625
5102,1.23046875,1.162109375,-0.2734375,-0.205078125
5103,1.171875,1.142578125,-0.322265625,-0.283203125
5104,1.1328125,1.09375,-0.234375,-0.15625
5105,1.19140625,1.044921875,-0.068359375,-0.341796875
5106,1.240234375,1.23046875,-0.224609375,-0.3125
5107,1.162109375,1.23046875,-0.224609375,-0.400390625
5108,1.19140625,1.259765625,-0.3515625,-0.205078125
5109,1.259765625,1.220703125,-0.224609375,-0.3125
5110,1.044921875,1.220703125,-0.263671875,-0.13671875
5111,1.2109375,1.26953125,-0.166015625,-0.25390625
5112,1.25,1.201171875,-0.244140625,-0.15625
5113,1.1328125,1.30859375,-0.234375,-0.224609375
5114,1.19140625,1.328125,-0.05859375,-0.37109375
5115,1.26953125,1.23046875,-0.205078125,-0.283203125
5116,1.34765625,1.259765625,-0.224609375,-0.224609375
5117,1.25,1.181640625,-0.3125,-0.33203125
5118,1.171875,1.2109375,-0.33203125,-0.13671875
5119,1.19140625,1.2109375,-0.3515625,-0.400390625
5120,1.240234375,1.0546875,-0.2734375,-0.361328125
5121,1.23046875,1.259765625,-0.185546875,-0.17578125
5122,1.07421875,1.2109375,-0.25390625,-0.283203125
5123,1.162109375,1.1328125,-0.17578125,-0.341796875
5124,1.123046875,1.23046875,-0.25390625,-0.234375
5125,1.123046875,1.2109375,-0.234375,-0.322265625
5126,1.142578125,1.2890625,-0.234375,-0.2734375
5127,1.19140625,1.201171875,-0.29296875,-0.205078125
5128,1.181640625,1.25,-0.283203125,-0.37109375
5129,1.201171875,1.07421875,-0.302734375,-0.244140625
5130,1.171875,1.30859375,-0.205078125,-0.3125
5131,1.103515625,1.2109375,-0.244140625,-0.341796875
5132,1.220703125,1.26953125,-0.126953125,-0.2734375
5133,1.1328125,1.181640625,-0.33203125,-0.25390625
5134,1.171875,1.2109375,-0.322265625,-0.322265625
5135,1.19140625,1.30859375,-0.25390625,-0.283203125
5136,1.201171875,1.1328125,-0.15625,-0.341796875
5137,1.103515625,1.240234375,-0.1171875,-0.234375
5138,1.11328125,1.220703125,-0.234375,-0.263671875
5139,1.2109375,1.474609375,-0.244140625,-0.302734375
5140,1.220703125,1.23046875,-0.2734375,-0.234375
5141,1.19140625,1.181640625,-0.322265625,-0.29296875
5142,1.181640625,1.2109375,-0.322265625,-0.2734375
5143,1.083984375,1.298828125,-0.263671875,-0.21484375
5144,1.328125,1.259765625,-0.1953125,-0.283203125
5145,1.162109375,1.337890625,-0.21484375,-0.25390625
5146,1.171875,1.2109375,-0.263671875,-0.29296875
5147,1.064453125,1.2109375,-0.1953125,-0.3125
5148,1.25,1.1328125,-0.29296875,-0.3125
5149,1.09375,1.23046875,-0.29296875,-0.283203125
5150,1.26953125,1.220703125,-0.224609375,-0.185546875
5151,1.259765625,1.15234375,-0.15625,-0.322265625
5152,1.181640625,1.23046875,-0.146484375,-0.3125
5153,1.2109375,1.19140625,-0.380859375,-0.1953125
5154,1.25,1.26953125,-0.224609375,-0.322265625
5155,1.23046875,1.2109375,-0.21484375,-0.107421875
5156,1.318359375,1.318359375,-0.21484375,-0.21484375
5157,1.279296875,1.220703125,-0.25390625,-0.2734375
5158,1.240234375,1.279296875,-0.21484375,-0.439453125
5159,1.2109375,1.34765625,-0.21484375,-0.283203125
5160,1.25,1.435546875,-0.205078125,-0.283203125
5161,1.328125,1.25,-0.1953125,-0.41015625
5162,1.2890625,1.25,-0.283203125,-0.302734375
5163,1.220703125,1.318359375,-0.1171875,-0.29296875
5164,1.26953125,1.279296875,-0.29296875,-0.33203125
5165,1.240234375,1.328125,-0.224609375,-0.3125
5166,1.259765625,1.298828125,-0.263671875,-0.302734375
5167,1.259765625,1.357421875,-0.37109375,-0.33203125
5168,1.23046875,1.259765625,-0.21484375,-0.341796875
5169,1.2109375,1.1328125,-0.166015625,-0.29296875
5170,1.201171875,1.19140625,-0.25390625,-0.341796875
5171,1.2109375,1.240234375,-0.1953125,-0.380859375
5172,1.23046875,1.259765625,-0.322265625,-0.361328125
5173,1.279296875,1.240234375,-0.1953125,-0.33203125
5174,1.240234375,1.25,-0.244140625,-0.185546875
5175,1.318359375,1.23046875,-0.185546875,-0.380859375
5176,1.2890625,1.162109375,-0.29296875,-0.390625
5177,1.298828125,1.25,-0.263671875,-0.21484375
5178,1.23046875,1.5625,-0.341796875,-0.33203125
5179,1.298828125,1.26953125,-0.3125,-0.302734375
5180,1.298828125,1.23046875,-0.234375,-0.244140625
5181,1.201171875,1.171875,-0.13671875,-0.3125
5182,1.2890625,1.25,-0.3515625,-0.341796875
5183,1.3671875,1.279296875,-0.234375,-0.44921875
5184,1.3671875,1.142578125,-0.283203125,-0.390625
5185,1.318359375,1.298828125,-0.1953125,-0.478515625
5186,1.416015625,1.2109375,-0.29296875,-0.341796875
5187,1.357421875,1.15234375,-0.283203125,-0.400390625
5188,1.2890625,1.19140625,-0.400390625,-0.361328125
5189,1.279296875,1.220703125,-0.3125,-0.283203125
5190,1.259765625,1.19140625,-0.185546875,-0.341796875
5191,1.298828125,1.044921875,-0.29296875,-0.400390625
5192,1.19140625,1.26953125,-0.244140625,-0.41015625
5193,1.201171875,1.201171875,-0.224609375,-0.390625
5194,1.318359375,1.23046875,-0.41015625,-0.322265625
5195,1.15234375,1.25,-0.29296875,-0.33203125
5196,1.240234375,1.220703125,-0.439453125,-0.37109375
5197,1.26953125,1.259765625,-0.1953125,-0.322265625
5198,1.201171875,1.240234375,-0.302734375,-0.33203125
5199,1.19140625,1.279296875,-0.224609375,-0.361328125
5200,1.279296875,1.259765625,-0.29296875,-0.400390625
5201,1.259765625,1.220703125,-0.21484375,-0.05859375
5202,1.1328125,1.240234375,-0.302734375,-0.41015625
5203,1.25,1.26953125,-0.13671875,-0.380859375
5204,1.25,1.2109375,-0.234375,-0.48828125
5205,1.279296875,1.23046875,-0.21484375,-0.341796875
5206,1.23046875,1.25,-0.09765625,-0.341796875
5207,1.337890625,1.19140625,-0.3125,-0.41015625
5208,1.337890625,1.1328125,-0.234375,-0.4296875
5209,1.181640625,1.2109375,-0.283203125,-0.419921875
5210,1.2109375,1.171875,-0.224609375,-0.439453125
5211,1.455078125,1.40625,-0.25390625,-0.37109375
5212,1.201171875,1.23046875,-0.29296875,-0.322265625
5213,1.2890625,1.162109375,-0.25390625,-0.2734375
5214,1.23046875,1.26953125,-0.322265625,-0.361328125
5215,1.162109375,1.25,-0.3515625,-0.302734375
5216,1.220703125,1.142578125,-0.322265625,-0.224609375
5217,1.201171875,1.23046875,-0.3515625,-0.400390625
5218,1.171875,1.07421875,-0.439453125,-0.37109375
5219,1.2109375,1.11328125,-0.263671875,-0.546875
5220,1.2109375,1.064453125,-0.283203125,-0.244140625
5221,1.201171875,1.07421875,-0.322265625,-0.37109375
5222,1.2109375,1.15234375,-0.205078125,-0.341796875
5223,1.2109375,1.123046875,-0.283203125,-0.400390625
5224,1.19140625,1.103515625,-0.263671875,-0.4296875
5225,1.240234375,1.162109375,-0.25390625,-0.4296875
5226,1.142578125,1.181640625,-0.29296875,-0.41015625
5227,1.25,1.162109375,-0.234375,-0.419921875
5228,1.162109375,1.2109375,-0.17578125,-0.380859375
5229,1.2890625,1.1328125,-0.263671875,-0.3515625
5230,1.2109375,1.181640625,-0.17578125,-0.48828125
5231,1.171875,1.11328125,-0.263671875,-0.52734375
5232,1.2109375,1.142578125,-0.2734375,-0.439453125
5233,1.1328125,1.201171875,-0.33203125,-0.419921875
5234,1.181640625,1.240234375,-0.17578125,-0.595703125
5235,1.11328125,1.1328125,-0.224609375,-0.390625
5236,1.171875,1.064453125,-0.322265625,-0.390625
5237,1.123046875,1.1328125,-0.205078125,-0.37109375
5238,1.19140625,1.1328125,-0.234375,-0.439453125
5239,1.103515625,1.19140625,-0.17578125,-0.390625
5240,1.15234375,1.11328125,-0.3515625,-0.33203125
5241,1.201171875,1.201171875,-0.234375,-0.263671875
5242,1.181640625,1.15234375,-0.322265625,-0.361328125
5243,1.162109375,1.11328125,-0.380859375,-0.478515625
5244,1.171875,1.1328125,-0.244140625,-0.5078125
5245,1.103515625,1.103515625,-0.224609375,-0.390625
5246,1.23046875,1.2109375,-0.25390625,-0.46875
5247,1.279296875,1.142578125,-0.21484375,-0.29296875
5248,1.279296875,1.162109375,-0.302734375,-0.498046875
5249,1.298828125,1.181640625,-0.263671875,-0.41015625
5250,1.2109375,1.2109375,-0.2734375,-0.33203125
5251,1.279296875,1.25,-0.1953125,-0.498046875
5252,1.240234375,1.2109375,-0.25390625,-0.3515625
5253,1.1328125,1.142578125,-0.25390625,-0.517578125
5254,1.318359375,1.23046875,-0.185546875,-0.37109375
5255,1.181640625,1.09375,-0.1953125,-0.400390625
5256,1.2109375,1.181640625,-0.146484375,-0.3515625
5257,1.083984375,0.947265625,-0.15625,-0.390625
5258,1.2109375,1.279296875,-0.15625,-0.341796875
5259,1.298828125,1.15234375,-0.185546875,-0.576171875
5260,1.337890625,1.23046875,-0.21484375,-0.3515625
5261,1.15234375,1.181640625,-0.302734375,-0.400390625
5262,1.123046875,1.123046875,-0.166015625,-0.263671875
5263,1.142578125,1.259765625,-0.244140625,-0.458984375
5264,1.19140625,1.23046875,-0.15625,-0.380859375
5265,1.103515625,1.103515625,-0.15625,-0.322265625
5266,1.279296875,1.123046875,-0.17578125,-0.361328125
5267,1.15234375,1.103515625,-0.1953125,-0.478515625
5268,1.083984375,1.201171875,-0.244140625,-0.498046875
5269,1.2109375,1.171875,-0.302734375,-0.44921875
5270,1.25,1.19140625,-0.185546875,-0.380859375
5271,1.064453125,1.083984375,-0.2734375,-0.41015625
5272,1.181640625,1.201171875,-0.33203125,-0.380859375
5273,1.23046875,1.09375,-0.263671875,-0.33203125
5274,1.07421875,1.15234375,-0.33203125,-0.17578125
5275,1.259765625,1.09375,-0.234375,-0.439453125
5276,1.1328125,1.23046875,-0.2734375,-0.3515625
5277,1.23046875,1.162109375,-0.244140625,-0.234375
5278,1.34765625,1.11328125,-0.283203125,-0.380859375
5279,1.19140625,1.2890625,-0.126953125,-0.361328125
5280,1.162109375,1.19140625,-0.2734375,-0.341796875
5281,1.396484375,1.123046875,-0.29296875,-0.37109375
5282,1.201171875,1.11328125,-0.2734375,-0.4296875
5283,1.240234375,1.11328125,-0.244140625,-0.419921875
5284,1.2890625,1.1328125,-0.302734375,-0.361328125
5285,1.162109375,1.103515625,-0.2734375,-0.3515625
5286,1.328125,1.083984375,-0.185546875,-0.33203125
5287,1.1328125,1.09375,-0.224609375,-0.361328125
5288,1.201171875,1.162109375,-0.224609375,-0.361328125
5289,1.23046875,1.15234375,-0.29296875,-0.439453125
5290,1.142578125,1.044921875,-0.234375,-0.46875
5291,1.171875,1.03515625,-0.146484375,-0.380859375
5292,1.19140625,1.103515625,-0.29296875,-0.44921875
5293,1.09375,1.044921875,-0.224609375,-0.390625
5294,1.1328125,1.1328125,-0.25390625,-0.361328125
5295,1.15234375,0.986328125,-0.21484375,-0.263671875
5296,1.15234375,1.103515625,-0.17578125,-0.263671875
5297,1.171875,1.171875,-0.21484375,-0.283203125
5298,1.19140625,1.07421875,-0.2734375,-0.439453125
5299,1.2890625,1.064453125,-0.146484375,-0.126953125
5300,1.064453125,1.0546875,-0.234375,-0.3125
5301,1.2109375,1.0546875,-0.244140625,-0.419921875
5302,1.123046875,1.083984375,-0.185546875,-0.283203125
5303,1.19140625,1.123046875,-0.1953125,-0.322265625
5304,1.142578125,0.99609375,-0.1953125,-0.3125
5305,1.162109375,1.064453125,-0.224609375,-0.29296875
5306,1.09375,1.19140625,-0.244140625,-0.361328125
5307,1.298828125,1.103515625,-0.224609375,-0.224609375
5308,1.142578125,1.03515625,-0.17578125,-0.244140625
5309,1.19140625,1.044921875,-0.2734375,-0.341796875
5310,1.201171875,1.07421875,-0.25390625,-0.263671875
5311,1.181640625,1.005859375,-0.1953125,-0.244140625
5312,1.1328125,1.03515625,-0.205078125,-0.302734375
5313,1.19140625,1.123046875,-0.146484375,-0.341796875
5314,1.09375,1.0546875,-0.17578125,-0.498046875
5315,1.2109375,0.947265625,-0.09765625,-0.322265625
5316,1.2109375,1.123046875,-0.21484375,-0.3125
5317,1.298828125,1.07421875,-0.283203125,-0.25390625
5318,1.103515625,0.78125,-0.25390625,-0.322265625
5319,1.103515625,1.03515625,-0.205078125,-0.322265625
5320,1.2109375,1.015625,-0.166015625,-0.283203125
5321,1.240234375,0.9765625,-0.224609375,-0.29296875
5322,1.162109375,1.09375,-0.21484375,-0.322265625
5323,1.123046875,1.015625,-0.185546875,-0.498046875
5324,1.03515625,0.9375,-0.244140625,-0.302734375
5325,1.162109375,0.9375,-0.33203125,-0.302734375
5326,1.259765625,0.9765625,-0.302734375,-0.302734375
5327,1.19140625,1.025390625,-0.33203125,-0.322265625
5328,1.142578125,1.044921875,-0.33203125,-0.302734375
5329,1.083984375,1.015625,-0.21484375,-0.37109375
5330,1.171875,0.947265625,-0.185546875,-0.341796875
5331,1.171875,0.99609375,-0.302734375,-0.322265625
5332,1.19140625,0.9765625,-0.244140625,-0.2734375
5333,1.15234375,0.908203125,-0.25390625,-0.322265625
5334,1.19140625,0.849609375,-0.33203125,-0.3125
5335,1.328125,1.103515625,-0.17578125,-0.3125
5336,1.11328125,0.927734375,-0.263671875,-0.234375
5337,1.142578125,0.99609375,-0.2734375,-0.3125
5338,1.19140625,1.015625,-0.25390625,-0.595703125
5339,1.123046875,0.9765625,-0.1953125,-0.341796875
5340,1.220703125,0.9765625,-0.244140625,-0.302734375
5341,1.181640625,1.005859375,-0.185546875,-0.390625
5342,1.26953125,0.966796875,-0.224609375,-0.458984375
5343,1.181640625,0.947265625,-0.224609375,-0.341796875
5344,1.15234375,0.986328125,-0.224609375,-0.52734375
5345,1.103515625,1.09375,-0.234375,-0.263671875
5346,1.142578125,0.927734375,-0.166015625,-0.41015625
5347,1.220703125,1.005859375,-0.078125,-0.361328125
5348,0.966796875,1.03515625,-0.244140625,-0.3515625
5349,1.1328125,1.1328125,-0.166015625,-0.3515625
5350,1.11328125,1.0546875,-0.17578125,-0.37109375
5351,1.1328125,0.91796875,-0.29296875,-0.322265625
5352,1.181640625,0.966796875,-0.244140625,-0.3515625
5353,1.064453125,0.986328125,-0.234375,-0.3515625
5354,1.171875,0.986328125,-0.25390625,-0.400390625
5355,1.025390625,1.11328125,-0.146484375,-0.361328125
5356,1.103515625,0.9765625,-0.1953125,-0.3125
5357,1.201171875,1.015625,-0.205078125,-0.390625
5358,1.23046875,1.171875,-0.3125,-0.380859375
5359,1.19140625,0.9765625,-0.166015625,-0.400390625
5360,1.181640625,1.064453125,-0.25390625,-0.478515625
5361,1.19140625,0.986328125,-0.146484375,-0.37109375
5362,1.19140625,0.99609375,-0.361328125,-0.400390625
5363,1.23046875,1.005859375,-0.234375,-0.224609375
5364,1.23046875,0.908203125,-0.29296875,-0.2734375
5365,1.181640625,0.966796875,-0.1171875,-0.400390625
5366,1.240234375,0.986328125,-0.2734375,-0.17578125
5367,1.025390625,1.03515625,-0.21484375,-0.341796875
5368,1.2109375,0.95703125,-0.33203125,-0.15625
5369,1.201171875,1.015625,-0.17578125,-0.21484375
5370,1.162109375,0.947265625,-0.244140625,-0.234375
5371,1.201171875,0.9375,-0.244140625,-0.244140625
5372,1.171875,0.966796875,-0.205078125,-0.2734375
5373,1.181640625,0.927734375,-0.302734375,-0.234375
5374,1.171875,0.95703125,-0.29296875,-0.224609375
5375,1.19140625,1.015625,-0.166015625,-0.126953125
5376,0.947265625,1.005859375,-0.2734375,-0.3515625
5377,1.15234375,1.005859375,-0.25390625,-0.33203125
5378,1.1328125,1.005859375,-0.37109375,-0.625
5379,1.142578125,0.9765625,-0.185546875,-0.302734375
5380,1.103515625,1.025390625,-0.1953125,-0.322265625
5381,1.123046875,1.044921875,-0.17578125,-0.205078125
5382,1.064453125,1.015625,-0.15625,-0.302734375
5383,1.123046875,1.025390625,-0.1953125,-0.302734375
5384,1.162109375,1.005859375,-0.1953125,-0.537109375
5385,1.044921875,0.888671875,-0.25390625,-0.283203125
5386,1.15234375,1.103515625,-0.302734375,-0.322265625
5387,1.298828125,1.103515625,-0.185546875,-0.33203125
5388,1.11328125,1.142578125,-0.205078125,-0.283203125
5389,1.162109375,0.986328125,-0.1953125,-0.224609375
5390,1.11328125,1.103515625,-0.234375,-0.3515625
5391,1.064453125,1.03515625,-0.146484375,-0.3515625
5392,1.23046875,1.044921875,-0.224609375,-0.2734375
5393,1.181640625,1.0546875,-0.3125,-0.21484375
5394,1.19140625,1.064453125,-0.17578125,-0.244140625
5395,1.201171875,1.201171875,-0.283203125,-0.185546875
5396,1.025390625,1.064453125,-0.263671875,-0.322265625
5397,1.240234375,0.966796875,-0.244140625,-0.25390625
5398,1.15234375,1.142578125,-0.37109375,-0.263671875
5399,1.240234375,0.99609375,-0.25390625,-0.33203125
5400,1.083984375,1.083984375,-0.13671875,-0.2734375
5401,1.103515625,1.005859375,-0.25390625,-0.15625
5402,1.162109375,1.015625,-0.21484375,-0.302734375
5403,1.30859375,1.03515625,-0.283203125,-0.263671875
5404,1.181640625,0.966796875,-0.146484375,-0.3125
5405,1.220703125,1.07421875,-0.234375,-0.33203125
5406,1.240234375,1.064453125,-0.25390625,-0.1171875
5407,1.171875,1.064453125,-0.17578125,-0.21484375
5408,1.181640625,1.123046875,-0.3125,-0.2734375
5409,1.26953125,1.03515625,-0.1953125,-0.33203125
5410,1.279296875,1.03515625,-0.146484375,-0.283203125
5411,1.171875,1.103515625,-0.087890625,-0.33203125
5412,1.15234375,1.07421875,-0.224609375,-0.146484375
5413,1.083984375,1.220703125,-0.17578125,-0.244140625
5414,1.19140625,1.044921875,-0.25390625,-0.224609375
5415,1.19140625,1.0546875,-0.224609375,-0.244140625
5416,1.11328125,1.025390625,-0.1171875,-0.234375
5417,1.162109375,1.103515625,-0.3125,-0.17578125
5418,1.23046875,1.044921875,-0.1953125,-0.09765625
5419,1.19140625,1.044921875,-0.09765625,-0.2734375
5420,1.15234375,1.07421875,-0.0390625,-0.146484375
5421,1.09375,1.1328125,-0.25390625,-0.21484375
5422,1.162109375,1.26953125,-0.185546875,-0.244140625
5423,1.220703125,1.1328125,-0.21484375,-0.29296875
5424,1.19140625,1.09375,-0.21484375,-0.29296875
5425,1.2109375,1.0546875,-0.126953125,-0.205078125
5426,1.181640625,0.91796875,-0.166015625,-0.205078125
5427,0.99609375,1.123046875,-0.263671875,-0.33203125
5428,1.103515625,1.2109375,-0.13671875,-0.2734375
5429,1.11328125,1.07421875,-0.263671875,-0.224609375
5430,1.318359375,1.103515625,-0.21484375,-0.224609375
5431,1.123046875,1.123046875,-0.205078125,-0.244140625
5432,1.103515625,1.15234375,-0.302734375,-0.126953125
5433,1.15234375,1.07421875,-0.244140625,-0.29296875
5434,1.171875,1.07421875,-0.21484375,-0.17578125
5435,1.2109375,1.1328125,-0.146484375,-0.1953125
5436,1.25,1.083984375,-0.25390625,-0.283203125
5437,1.2109375,1.328125,-0.224609375,-0.15625
5438,1.220703125,1.201171875,-0.322265625,-0.244140625
5439,1.1328125,1.083984375,-0.17578125,-0.234375
5440,1.005859375,1.142578125,-0.263671875,-0.15625
5441,1.142578125,1.07421875,-0.1953125,-0.234375
5442,1.23046875,1.07421875,-0.21484375,-0.1953125
5443,1.064453125,1.103515625,-0.2734375,-0.25390625
5444,1.181640625,1.15234375,-0.17578125,-0.21484375
5445,1.240234375,1.103515625,-0.185546875,-0.263671875
5446,1.298828125,1.0546875,-0.224609375,-0.185546875
5447,1.19140625,1.259765625,-0.1953125,-0.224609375
5448,1.220703125,1.03515625,-0.234375,-0.517578125
5449,1.19140625,1.083984375,-0.234375,-0.302734375
5450,1.181640625,1.044921875,-0.13671875,-0.283203125
5451,1.103515625,1.142578125,-0.205078125,-0.25390625
5452,1.162109375,1.142578125,-0.25390625,-0.25390625
5453,1.171875,1.1328125,-0.25390625,-0.205078125
5454,1.25,1.07421875,-0.244140625,-0.3515625
5455,0.95703125,1.103515625,-0.21484375,-0.1953125
5456,1.220703125,0.99609375,-0.009765625,-0.2734375
5457,1.26953125,1.07421875,-0.341796875,-0.361328125
5458,1.259765625,0.91796875,-0.21484375,-0.1953125
5459,1.171875,1.142578125,-0.1953125,-0.234375
5460,1.19140625,1.11328125,-0.224609375,-0.21484375
5461,1.07421875,1.11328125,-0.234375,-0.234375
5462,1.2109375,1.015625,-0.25390625,-0.224609375
5463,1.1328125,1.09375,-0.21484375,-0.390625
5464,1.142578125,1.19140625,-0.21484375,-0.25390625
5465,1.1328125,1.19140625,-0.224609375,-0.29296875
5466,1.171875,1.11328125,-0.185546875,-0.05859375
5467,1.279296875,1.03515625,-0.1171875,-0.3125
5468,1.142578125,1.1328125,-0.25390625,-0.1953125
5469,1.171875,1.11328125,-0.126953125,-0.224609375
5470,1.123046875,1.15234375,-0.283203125,-0.400390625
5471,1.23046875,1.181640625,-0.224609375,-0.185546875
5472,1.2109375,1.083984375,-0.244140625,-0.3125
5473,1.30859375,1.171875,-0.185546875,-0.2734375
5474,1.19140625,1.015625,-0.283203125,-0.234375
5475,1.201171875,1.064453125,-0.244140625,-0.1171875
5476,1.11328125,1.142578125,-0.17578125,-0.244140625
5477,1.220703125,0.87890625,-0.263671875,-0.29296875
5478,1.2109375,1.11328125,-0.224609375,-0.263671875
5479,1.201171875,1.181640625,-0.166015625,-0.244140625
5480,1.23046875,1.171875,-0.09765625,-0.224609375
5481,1.201171875,1.171875,-0.05859375,-0.37109375
5482,1.220703125,1.0546875,-0.17578125,-0.224609375
5483,1.26953125,1.171875,-0.263671875,-0.263671875
5484,1.09375,1.103515625,-0.17578125,-0.263671875
5485,1.123046875,1.123046875,-0.205078125,-0.126953125
5486,1.0546875,0.99609375,-0.1953125,-0.15625
5487,1.2109375,1.083984375,-0.126953125,-0.13671875
5488,1.220703125,1.171875,-0.15625,-0.4296875
5489,1.064453125,1.005859375,-0.21484375,-0.21484375
5490,1.171875,1.044921875,-0.234375,-0.087890625
5491,1.19140625,1.11328125,-0.1953125,-0.234375
5492,1.11328125,1.19140625,-0.2734375,-0.263671875
5493,1.26953125,1.15234375,-0.283203125,-0.25390625
5494,1.1328125,1.19140625,-0.224609375,-0.078125
5495,1.103515625,1.103515625,-0.185546875,-0.25390625
5496,1.328125,1.123046875,-0.1953125,-0.29296875
5497,1.181640625,1.15234375,-0.234375,-0.283203125
5498,1.240234375,1.201171875,-0.244140625,-0.1953125
5499,1.181640625,1.1328125,-0.244140625,-0.13671875
5500,1.259765625,1.181640625,-0.1171875,-0.224609375
5501,1.298828125,1.23046875,-0.1171875,-0.234375
5502,1.201171875,0.99609375,-0.09765625,-0.2734375
5503,1.26953125,1.15234375,-0.341796875,-0.17578125
5504,1.220703125,1.201171875,-0.244140625,-0.21484375
5505,1.2109375,1.11328125,-0.29296875,-0.224609375
5506,1.2890625,1.25,-0.25390625,-0.400390625
5507,1.279296875,1.103515625,-0.25390625,-0.224609375
5508,1.240234375,1.416015625,-0.224609375,-0.244140625
5509,1.34765625,1.23046875,-0.2734375,-0.146484375
5510,1.318359375,1.279296875,-0.205078125,-0.25390625
5511,1.201171875,1.15234375,-0.234375,-0.21484375
5512,1.103515625,1.2109375,-0.15625,-0.17578125
5513,1.142578125,1.337890625,-0.205078125,-0.263671875
5514,1.162109375,1.220703125,-0.146484375,-0.17578125
5515,1.1328125,1.201171875,-0.29296875,-0.25390625
5516,1.15234375,1.03515625,-0.21484375,-0.166015625
5517,1.15234375,1.298828125,-0.4296875,-0.302734375
5518,1.220703125,1.19140625,-0.21484375,-0.33203125
5519,1.220703125,1.23046875,-0.263671875,-0.224609375
5520,1.123046875,1.19140625,-0.37109375,-0.205078125
5521,1.220703125,1.26953125,-0.068359375,-0.41015625
5522,1.23046875,1.171875,-0.205078125,-0.3515625
5523,1.23046875,1.162109375,-0.205078125,-0.263671875
5524,1.220703125,1.240234375,-0.234375,-0.224609375
5525,1.23046875,1.279296875,-0.185546875,-0.283203125
5526,1.25,1.162109375,-0.205078125,-0.29296875
5527,1.123046875,1.220703125,-0.166015625,-0.29296875
5528,1.26953125,1.26953125,-0.1953125,-0.341796875
5529,1.19140625,1.318359375,-0.15625,-0.1953125
5530,1.23046875,1.181640625,-0.087890625,-0.322265625
5531,1.337890625,1.259765625,-0.13671875,-0.01953125
5532,1.19140625,1.171875,-0.1953125,-0.25390625
5533,1.220703125,1.240234375,-0.390625,-0.380859375
5534,1.2890625,1.259765625,-0.224609375,-0.29296875
5535,1.220703125,1.09375,-0.21484375,-0.205078125
5536,1.123046875,1.220703125,-0.126953125,-0.3125
5537,1.318359375,1.171875,-0.25390625,-0.361328125
5538,1.19140625,1.162109375,-0.205078125,-0.33203125
5539,1.2109375,1.19140625,-0.37109375,-0.341796875
5540,1.26953125,1.279296875,-0.25390625,-0.439453125
5541,1.2890625,1.181640625,-0.29296875,-0.283203125
5542,1.259765625,1.19140625,-0.224609375,-0.068359375
5543,1.259765625,1.220703125,-0.263671875,-0.224609375
5544,1.2109375,1.23046875,-0.205078125,-0.25390625
5545,1.25,1.19140625,-0.3515625,-0.25390625
5546,1.26953125,1.201171875,-0.283203125,-0.29296875
5547,1.220703125,1.2890625,-0.41015625,-0.283203125
5548,1.259765625,1.19140625,-0.29296875,-0.25390625
5549,1.2109375,1.2109375,-0.263671875,-0.283203125
5550,1.201171875,1.23046875,-0.107421875,-0.21484375
5551,1.15234375,1.30859375,-0.4296875,-0.2734375
5552,1.142578125,1.19140625,-0.3125,-0.302734375
5553,1.142578125,1.2890625,-0.25390625,-0.21484375
5554,1.19140625,1.2109375,-0.3125,-0.283203125
5555,1.07421875,1.2109375,-0.3125,-0.205078125
5556,1.123046875,1.2109375,-0.244140625,-0.185546875
5557,1.181640625,1.23046875,-0.419921875,-0.2734375
5558,1.15234375,1.201171875,-0.341796875,-0.390625
5559,1.23046875,1.201171875,-0.234375,-0.302734375
5560,1.162109375,1.103515625,-0.205078125,-0.29296875
5561,1.181640625,1.220703125,-0.224609375,-0.15625
5562,1.25,1.220703125,-0.3125,-0.302734375
5563,1.19140625,1.201171875,-0.126953125,-0.33203125
5564,1.25,1.240234375,-0.25390625,-0.283203125
5565,1.435546875,1.09375,-0.126953125,-0.361328125
5566,1.162109375,1.2109375,-0.166015625,-0.21484375
5567,1.142578125,1.220703125,-0.302734375,-0.390625
5568,1.240234375,1.19140625,-0.234375,-0.2734375
5569,1.171875,1.171875,-0.17578125,-0.263671875
5570,1.162109375,1.171875,-0.3125,-0.302734375
5571,1.083984375,1.2109375,-0.21484375,-0.41015625
5572,1.1328125,1.171875,-0.21484375,-0.3125
5573,1.201171875,1.220703125,-0.25390625,-0.15625
5574,1.0546875,1.171875,-0.234375,-0.5078125
5575,1.328125,1.220703125,-0.3125,-0.283203125
5576,1.0546875,1.23046875,-0.25390625,-0.44921875
5577,0.947265625,1.201171875,-0.283203125,-0.322265625
5578,1.123046875,1.09375,-0.3515625,-0.322265625
5579,1.2109375,1.201171875,-0.21484375,-0.537109375
5580,1.171875,1.11328125,-0.283203125,-0.302734375
5581,1.181640625,1.142578125,-0.185546875,-0.3515625
5582,1.240234375,1.123046875,-0.21484375,-0.146484375
5583,1.162109375,1.142578125,-0.244140625,-0.361328125
5584,1.19140625,1.240234375,-0.37109375,-0.322265625
5585,1.23046875,1.171875,-0.3125,-0.46875
5586,0.9765625,1.201171875,-0.263671875,-0.5078125
5587,1.259765625,1.171875,-0.205078125,-0.244140625
5588,1.34765625,1.26953125,-0.166015625,-0.1171875
5589,1.259765625,1.181640625,-0.2734375,-0.322265625
5590,1.298828125,1.2109375,-0.166015625,-0.361328125
5591,1.162109375,1.26953125,-0.263671875,-0.419921875
5592,1.328125,1.23046875,-0.205078125,-0.322265625
5593,1.318359375,1.171875,-0.341796875,-0.322265625
5594,1.298828125,1.240234375,-0.224609375,-0.390625
5595,1.240234375,1.26953125,-0.21484375,-0.302734375
5596,1.23046875,1.201171875,-0.185546875,-0.3515625
5597,1.298828125,1.259765625,-0.15625,-0.400390625
5598,1.25,1.25,-0.21484375,-0.234375
5599,1.240234375,1.142578125,-0.234375,-0.302734375
5600,1.2890625,1.2890625,-0.33203125,-0.33203125
5601,1.19140625,1.23046875,-0.234375,-0.302734375
5602,1.30859375,1.357421875,-0.263671875,-0.380859375
5603,1.34765625,1.181640625,-0.29296875,-0.361328125
5604,1.162109375,1.201171875,-0.1953125,-0.224609375
5605,1.34765625,1.23046875,-0.302734375,-0.361328125
5606,1.2890625,1.25,-0.2734375,-0.390625
5607,1.34765625,1.240234375,-0.25390625,-0.44921875
5608,1.318359375,1.328125,-0.33203125,-0.3125
5609,1.34765625,1.181640625,-0.1953125,-0.361328125
5610,1.40625,1.23046875,-0.2734375,-0.029296875
5611,1.474609375,1.357421875,-0.205078125,-0.3515625
5612,1.34765625,1.25,-0.21484375,-0.283203125
5613,1.38671875,1.201171875,-0.185546875,-0.37109375
5614,1.40625,1.25,-0.361328125,-0.44921875
5615,1.357421875,1.279296875,-0.224609375,-0.439453125
5616,1.15234375,1.142578125,-0.33203125,-0.33203125
5617,1.357421875,1.396484375,-0.322265625,-0.419921875
5618,1.328125,1.171875,-0.33203125,-0.390625
5619,1.34765625,1.220703125,-0.205078125,-0.458984375
5620,1.2890625,1.318359375,-0.234375,-0.37109375
5621,1.2109375,1.23046875,-0.2734375,-0.361328125
5622,1.240234375,1.240234375,-0.25390625,-0.419921875
5623,1.240234375,1.396484375,-0.2734375,-0.390625
5624,1.220703125,1.25,-0.224609375,-0.361328125
5625,1.220703125,1.23046875,-0.224609375,-0.3125
5626,1.26953125,1.279296875,-0.29296875,-0.380859375
5627,1.259765625,1.15234375,-0.419921875,-0.361328125
5628,1.30859375,1.2109375,-0.224609375,-0.4296875
5629,1.162109375,1.201171875,-0.283203125,-0.341796875
5630,1.240234375,1.26953125,-0.224609375,-0.419921875
5631,1.26953125,1.181640625,-0.17578125,-0.302734375
5632,1.23046875,1.25,-0.166015625,-0.41015625
5633,1.23046875,1.142578125,-0.283203125,-0.380859375
5634,1.162109375,1.103515625,-0.1953125,-0.595703125
5635,1.23046875,1.279296875,-0.205078125,-0.361328125
5636,1.259765625,1.103515625,-0.29296875,-0.37109375
5637,1.279296875,1.220703125,-0.087890625,-0.41015625
5638,1.162109375,1.259765625,-0.25390625,-0.37109375
5639,1.220703125,1.23046875,-0.2734375,-0.341796875
5640,1.2890625,1.240234375,-0.263671875,-0.439453125
5641,1.23046875,1.15234375,-0.21484375,-0.361328125
5642,1.25,1.23046875,-0.283203125,-0.37109375
5643,1.2109375,1.23046875,-0.21484375,-0.33203125
5644,1.142578125,1.15234375,-0.302734375,-0.37109375
5645,1.357421875,1.25,-0.46875,-0.41015625
5646,1.2109375,1.298828125,-0.25390625,-0.224609375
5647,1.162109375,1.162109375,-0.302734375,-0.41015625
5648,1.2109375,1.064453125,-0.224609375,-0.341796875
5649,1.181640625,1.19140625,-0.234375,-0.390625
5650,1.2109375,1.2109375,-0.322265625,-0.4296875
5651,1.26953125,1.1328125,-0.322265625,-0.380859375
5652,1.220703125,1.162109375,-0.3515625,-0.361328125
5653,1.19140625,1.181640625,-0.2734375,-0.390625
5654,1.2890625,1.2890625,-0.341796875,-0.37109375
5655,1.15234375,1.162109375,-0.244140625,-0.25390625
5656,1.181640625,1.298828125,-0.263671875,-0.419921875
5657,1.2109375,1.26953125,-0.29296875,-0.3515625
5658,1.201171875,1.201171875,-0.2734375,-0.41015625
5659,1.181640625,1.2109375,-0.17578125,-0.380859375
5660,1.162109375,1.240234375,-0.1953125,-0.517578125
5661,1.26953125,1.07421875,-0.3125,-0.361328125
5662,1.220703125,1.25,-0.234375,-0.546875
5663,1.220703125,1.083984375,-0.146484375,-0.390625
5664,1.19140625,1.171875,-0.1171875,-0.498046875
5665,1.2109375,1.201171875,-0.224609375,-0.517578125
5666,1.259765625,1.2109375,-0.263671875,-0.380859375
5667,1.19140625,1.09375,-0.263671875,-0.380859375
5668,1.181640625,1.19140625,-0.224609375,-0.361328125
5669,1.259765625,1.064453125,-0.1953125,-0.400390625
5670,1.171875,1.181640625,-0.13671875,-0.37109375
5671,1.09375,1.25,-0.205078125,-0.419921875
5672,1.162109375,1.19140625,-0.3515625,-0.458984375
5673,1.171875,1.220703125,-0.244140625,-0.37109375
5674,1.103515625,1.259765625,-0.25390625,-0.33203125
5675,1.23046875,1.279296875,-0.33203125,-0.439453125
5676,1.201171875,1.240234375,-0.2734375,-0.302734375
5677,1.26953125,1.201171875,-0.234375,-0.341796875
5678,1.15234375,1.2890625,-0.17578125,-0.419921875
5679,1.181640625,1.220703125,-0.166015625,-0.458984375
5680,1.162109375,1.220703125,-0.244140625,-0.595703125
5681,1.23046875,1.19140625,-0.205078125,-0.390625
5682,1.142578125,1.15234375,-0.3125,-0.400390625
5683,1.26953125,1.25,-0.283203125,-0.712890625
5684,1.201171875,1.2109375,-0.224609375,-0.41015625
5685,1.201171875,1.3671875,-0.224609375,-0.302734375
5686,1.09375,1.240234375,-0.15625,-0.3125
5687,1.259765625,1.23046875,-0.224609375,-0.3515625
5688,1.15234375,1.357421875,-0.107421875,-0.341796875
5689,1.11328125,1.220703125,-0.205078125,-0.537109375
5690,1.201171875,1.142578125,-0.1953125,-0.44921875
5691,1.15234375,1.123046875,-0.224609375,-0.41015625
5692,1.25,1.201171875,-0.185546875,-0.380859375
5693,1.005859375,1.240234375,-0.33203125,-0.380859375
5694,1.2109375,1.259765625,-0.2734375,-0.400390625
5695,1.2109375,1.2109375,-0.244140625,-0.322265625
5696,1.15234375,1.171875,-0.234375,-0.37109375
5697,1.15234375,1.2109375,-0.1953125,-0.37109375
5698,1.171875,1.181640625,-0.185546875,-0.5078125
5699,1.064453125,1.328125,-0.166015625,-0.400390625
5700,1.15234375,1.025390625,-0.244140625,-0.361328125
5701,1.162109375,1.19140625,-0.400390625,-0.537109375
5702,1.26953125,1.044921875,-0.283203125,-0.283203125
5703,1.11328125,1.11328125,-0.263671875,-0.322265625
5704,1.11328125,1.09375,-0.283203125,-0.3125
5705,1.19140625,1.15234375,-0.3515625,-0.380859375
5706,1.2890625,1.259765625,-0.25390625,-0.33203125
5707,1.220703125,1.220703125,-0.234375,-0.46875
5708,1.07421875,1.162109375,-0.302734375,-0.439453125
5709,1.23046875,1.083984375,-0.3515625,-0.37109375
5710,1.201171875,1.064453125,-0.224609375,-0.419921875
5711,1.25,1.09375,-0.263671875,-0.3515625
5712,1.19140625,1.11328125,-0.234375,-0.390625
5713,1.181640625,1.11328125,-0.185546875,-0.21484375
5714,1.25,1.064453125,-0.1953125,-0.7421875
5715,1.15234375,1.064453125,-0.2734375,-0.478515625
5716,1.2109375,0.986328125,-0.244140625,-0.29296875
5717,1.34765625,1.0546875,-0.25390625,-0.37109375
5718,1.11328125,1.103515625,-0.1953125,-0.361328125
5719,1.181640625,1.044921875,-0.15625,-0.185546875
5720,1.15234375,1.064453125,-0.224609375,-0.302734375
5721,1.240234375,1.044921875,-0.205078125,-0.41015625
5722,1.259765625,1.07421875,-0.234375,-0.400390625
5723,1.181640625,1.083984375,-0.224609375,-0.25390625
5724,1.259765625,1.103515625,-0.146484375,-0.390625
5725,1.240234375,1.015625,-0.1953125,-0.29296875
5726,1.0546875,1.044921875,-0.2734375,-0.322265625
5727,1.2109375,1.11328125,-0.21484375,-0.29296875
5728,1.220703125,0.9375,-0.341796875,-0.2734375
5729,1.19140625,1.005859375,-0.205078125,-0.41015625
5730,1.11328125,0.95703125,-0.13671875,-0.283203125
5731,1.201171875,1.103515625,-0.29296875,-0.37109375
5732,1.15234375,1.083984375,-0.234375,-0.29296875
5733,1.15234375,0.986328125,-0.205078125,-0.322265625
5734,1.181640625,1.005859375,-0.322265625,-0.33203125
5735,1.162109375,1.044921875,-0.224609375,-0.419921875
5736,1.162109375,1.07421875,-0.146484375,-0.33203125
5737,1.1328125,0.986328125,-0.17578125,-0.400390625
5738,1.201171875,0.99609375,-0.224609375,-0.2734375
5739,1.25,0.830078125,-0.205078125,-0.234375
5740,1.2890625,1.103515625,-0.224609375,-0.302734375
5741,1.2890625,1.03515625,-0.185546875,-0.3515625
5742,1.19140625,0.9765625,-0.21484375,-0.283203125
5743,1.2109375,1.03515625,-0.205078125,-0.341796875
5744,1.162109375,1.015625,-0.185546875,-0.2734375
5745,1.142578125,1.23046875,-0.185546875,-0.3515625
5746,1.1328125,1.181640625,-0.13671875,-0.283203125
5747,1.171875,1.044921875,-0.234375,-0.341796875
5748,1.064453125,1.1328125,-0.263671875,-0.29296875
5749,1.171875,1.15234375,-0.25390625,-0.283203125
5750,1.123046875,1.015625,-0.244140625,-0.419921875
5751,1.19140625,1.123046875,-0.224609375,-0.33203125
5752,1.09375,0.91796875,-0.107421875,-0.302734375
5753,1.103515625,1.015625,-0.21484375,-0.33203125
5754,1.03515625,1.064453125,-0.15625,-0.341796875
5755,1.142578125,1.015625,-0.1171875,-0.322265625
5756,1.0546875,1.15234375,-0.21484375,-0.29296875
5757,1.064453125,0.908203125,-0.1953125,-0.263671875
5758,1.1328125,1.03515625,-0.283203125,-0.322265625
5759,1.181640625,0.986328125,-0.15625,-0.302734375
5760,1.298828125,1.015625,-0.263671875,-0.400390625
5761,1.2109375,0.927734375,-0.361328125,-0.29296875
5762,1.2109375,0.947265625,-0.283203125,-0.33203125
5763,1.240234375,0.9765625,-0.166015625,-0.37109375
5764,1.181640625,0.9765625,-0.13671875,-0.3125
5765,1.0546875,1.064453125,-0.15625,-0.3125
5766,1.240234375,1.0546875,-0.2734375,-0.3515625
5767,1.25,0.908203125,-0.3125,-0.3125
5768,1.15234375,0.927734375,-0.29296875,-0.2734375
5769,1.142578125,0.986328125,-0.263671875,-0.126953125
5770,1.171875,0.8984375,-0.078125,-0.33203125
5771,1.171875,0.99609375,-0.13671875,-0.224609375
5772,1.103515625,1.025390625,-0.224609375,-0.341796875
5773,1.083984375,1.09375,-0.126953125,-0.29296875
5774,1.220703125,1.03515625,-0.17578125,-0.17578125
5775,1.09375,1.03515625,-0.263671875,-0.390625
5776,1.142578125,1.015625,-0.17578125,-0.3515625
5777,1.123046875,0.9765625,-0.33203125,-0.29296875
5778,1.201171875,1.044921875,-0.29296875,-0.41015625
5779,1.181640625,0.87890625,-0.244140625,-0.3125
5780,1.1328125,1.044921875,-0.3125,-0.263671875
5781,1.19140625,1.0546875,-0.234375,-0.3125
5782,1.162109375,1.03515625,-0.224609375,-0.33203125
5783,1.1328125,0.966796875,-0.2734375,-0.244140625
5784,1.2109375,1.015625,-0.263671875,-0.3125
5785,1.240234375,1.181640625,-0.25390625,-0.33203125
5786,1.15234375,1.025390625,-0.29296875,-0.41015625
5787,1.318359375,1.03515625,-0.205078125,-0.166015625
5788,1.181640625,1.015625,-0.21484375,-0.33203125
5789,1.2109375,1.005859375,-0.205078125,-0.29296875
5790,1.142578125,1.015625,-0.244140625,-0.3125
5791,1.162109375,0.95703125,-0.3125,-0.322265625
5792,1.240234375,1.03515625,-0.244140625,-0.341796875
5793,1.0546875,1.083984375,-0.3125,-0.341796875
5794,1.25,1.083984375,-0.244140625,-0.2734375
5795,1.181640625,1.005859375,-0.46875,-0.263671875
5796,1.30859375,1.0546875,-0.2734375,-0.2734375
5797,1.2109375,0.859375,-0.185546875,-0.2734375
5798,1.181640625,0.8984375,-0.1953125,-0.29296875
5799,1.220703125,1.0546875,-0.224609375,-0.263671875
5800,1.25,1.123046875,-0.234375,-0.2734375
5801,1.181640625,0.888671875,-0.244140625,-0.283203125
5802,1.025390625,1.03515625,-0.25390625,-0.25390625
5803,1.19140625,1.03515625,-0.09765625,-0.302734375
5804,1.171875,1.025390625,-0.244140625,-0.29296875
5805,1.171875,1.025390625,-0.21484375,-0.15625
5806,1.0546875,1.07421875,-0.244140625,-0.21484375
5807,1.162109375,1.064453125,-0.361328125,-0.302734375
5808,1.181640625,1.025390625,-0.09765625,-0.244140625
5809,1.2890625,0.888671875,-0.205078125,-0.2734375
5810,1.181640625,1.07421875,-0.13671875,-0.25390625
5811,1.162109375,0.966796875,-0.087890625,-0.439453125
5812,1.298828125,0.869140625,-0.166015625,-0.234375
5813,1.171875,1.025390625,-0.048828125,-0.263671875
5814,1.220703125,1.064453125,-0.15625,-0.458984375
5815,1.123046875,1.064453125,-0.107421875,-0.1171875
5816,1.162109375,1.03515625,-0.185546875,-0.1953125
5817,1.1328125,1.07421875,-0.2734375,-0.380859375
5818,1.201171875,1.025390625,-0.15625,-0.263671875
5819,1.162109375,1.142578125,-0.15625,-0.25390625
5820,1.15234375,0.95703125,-0.17578125,-0.322265625
5821,1.298828125,1.03515625,-0.09765625,-0.302734375
5822,1.142578125,0.91796875,-0.302734375,-0.263671875
5823,1.181640625,1.015625,-0.1953125,-0.25390625
5824,1.19140625,1.015625,-0.166015625,-0.224609375
5825,1.25,1.044921875,-0.400390625,-0.3125
5826,1.162109375,1.11328125,-0.2734375,-0.283203125
5827,1.240234375,1.1328125,-0.25390625,-0.556640625
5828,1.19140625,1.19140625,-0.1953125,-0.302734375
5829,1.123046875,1.103515625,-0.341796875,-0.13671875
5830,1.181640625,1.15234375,-0.234375,-0.302734375
5831,1.142578125,1.15234375,-0.21484375,-0.3515625
5832,1.07421875,1.142578125,-0.224609375,-0.224609375
5833,1.259765625,1.03515625,-0.283203125,-0.2734375
5834,1.11328125,1.1328125,-0.205078125,-0.341796875
5835,1.23046875,0.9765625,-0.146484375,-0.234375
5836,1.298828125,1.0546875,-0.25390625,-0.146484375
5837,1.220703125,1.07421875,-0.361328125,-0.263671875
5838,1.162109375,1.103515625,-0.15625,-0.322265625
5839,1.11328125,1.11328125,-0.205078125,-0.15625
5840,1.162109375,1.025390625,-0.3125,-0.1953125
5841,1.162109375,0.966796875,-0.21484375,-0.21484375
5842,1.19140625,1.083984375,-0.21484375,-0.17578125
5843,1.181640625,1.1328125,-0.09765625,-0.166015625
5844,1.2109375,1.171875,-0.13671875,-0.29296875
5845,1.2109375,1.083984375,-0.21484375,-0.068359375
5846,1.162109375,1.03515625,-0.13671875,-0.224609375
5847,1.2890625,1.03515625,-0.2734375,-0.263671875
5848,1.171875,1.005859375,-0.185546875,-0.21484375
5849,1.181640625,1.103515625,-0.107421875,-0.185546875
5850,1.171875,1.09375,-0.244140625,-0.25390625
5851,1.201171875,1.09375,-0.224609375,-0.25390625
5852,1.30859375,1.044921875,-0.341796875,-0.29296875
5853,1.162109375,0.87890625,-0.185546875,-0.185546875
5854,1.298828125,1.025390625,-0.25390625,-0.087890625
5855,1.30859375,1.123046875,-0.21484375,-0.263671875
5856,1.2109375,1.11328125,-0.33203125,-0.244140625
5857,1.259765625,1.11328125,-0.21484375,-0.17578125
5858,1.11328125,0.810546875,-0.244140625,-0.234375
5859,1.201171875,1.083984375,-0.302734375,-0.263671875
5860,1.220703125,1.07421875,-0.21484375,-0.41015625
5861,1.2109375,0.91796875,-0.21484375,-0.244140625
5862,1.1328125,1.025390625,-0.283203125,-0.41015625
5863,1.25,1.044921875,-0.21484375,-0.439453125
5864,1.064453125,1.03515625,-0.2734375,-0.244140625
5865,1.171875,1.15234375,-0.380859375,-0.205078125
5866,1.25,1.142578125,-0.283203125,-0.2734375
5867,1.11328125,1.09375,-0.224609375,-0.322265625
5868,1.201171875,0.986328125,-0.05859375,-0.33203125
5869,1.1328125,1.123046875,-0.234375,-0.3125
5870,1.15234375,0.95703125,-0.244140625,-0.302734375
5871,1.201171875,1.240234375,-0.224609375,-0.2734375
5872,1.396484375,1.15234375,-0.234375,-0.37109375
5873,1.2109375,1.07421875,-0.21484375,-0.263671875
5874,1.162109375,1.123046875,-0.33203125,-0.244140625
5875,1.318359375,1.103515625,-0.33203125,-0.21484375
5876,1.259765625,1.142578125,-0.21484375,-0.29296875
5877,1.201171875,1.064453125,-0.234375,-0.244140625
5878,1.23046875,1.083984375,-0.263671875,-0.078125
5879,1.240234375,1.103515625,-0.1953125,-0.224609375
5880,1.220703125,1.15234375,-0.41015625,-0.25390625
5881,1.240234375,1.1328125,-0.21484375,-0.126953125
5882,1.2109375,1.09375,-0.234375,-0.234375
5883,1.220703125,1.123046875,-0.146484375,-0.244140625
5884,1.171875,1.07421875,-0.126953125,-0.390625
5885,1.19140625,1.07421875,-0.1953125,-0.1953125
5886,1.162109375,1.064453125,-0.078125,-0.1953125
5887,1.259765625,1.0546875,-0.185546875,-0.48828125
5888,1.11328125,1.103515625,-0.21484375,-0.25390625
5889,1.25,1.15234375,-0.2734375,-0.224609375
5890,1.26953125,1.123046875,-0.25390625,-0.126953125
5891,1.03515625,1.1328125,-0.224609375,-0.09765625
5892,1.1328125,1.259765625,-0.1953125,-0.1953125
5893,1.162109375,1.083984375,-0.185546875,-0.185546875
5894,1.25,1.025390625,-0.205078125,-0.283203125
5895,1.19140625,1.03515625,-0.185546875,-0.185546875
5896,1.220703125,1.181640625,-0.15625,-0.205078125
5897,1.328125,1.1328125,-0.205078125,-0.302734375
5898,1.240234375,1.123046875,0,-0.2734375
5899,1.19140625,1.1328125,-0.21484375,-0.15625
5900,1.083984375,1.1328125,-0.21484375,-0.13671875
5901,1.1328125,1.2109375,-0.166015625,-0.244140625
5902,1.19140625,1.083984375,-0.15625,-0.224609375
5903,1.162109375,1.1328125,-0.21484375,-0.341796875
5904,1.259765625,1.1328125,-0.244140625,-0.263671875
5905,1.25,1.162109375,-0.341796875,-0.126953125
5906,1.328125,1.142578125,-0.1953125,-0.15625
5907,1.2109375,1.11328125,-0.1171875,-0.2734375
5908,1.201171875,1.11328125,-0.15625,-0.283203125
5909,1.15234375,1.162109375,-0.25390625,-0.09765625
5910,1.201171875,1.103515625,-0.05859375,-0.166015625
5911,1.201171875,1.064453125,-0.283203125,-0.234375
5912,1.025390625,1.1328125,-0.1953125,-0.234375
5913,1.083984375,1.162109375,-0.185546875,-0.263671875
5914,1.2109375,1.171875,-0.341796875,-0.25390625
5915,1.162109375,1.103515625,-0.205078125,-0.224609375
5916,1.162109375,1.15234375,-0.244140625,-0.21484375
5917,1.171875,1.25,-0.13671875,-0.185546875
5918,1.2109375,1.15234375,-0.126953125,-0.25390625
5919,1.240234375,1.03515625,-0.224609375,-0.3125
5920,1.162109375,1.03515625,-0.205078125,-0.205078125
5921,1.25,1.1328125,-0.224609375,-0.234375
5922,1.279296875,1.1328125,-0.25390625,-0.224609375
5923,1.162109375,1.0546875,-0.107421875,-0.244140625
5924,1.171875,1.162109375,-0.13671875,-0.322265625
5925,1.220703125,1.142578125,-0.224609375,-0.234375
5926,1.2890625,1.26953125,-0.263671875,-0.25390625
5927,1.171875,1.181640625,-0.21484375,-0.263671875
5928,1.34765625,1.23046875,-0.185546875,-0.25390625
5929,1.162109375,0.99609375,-0.166015625,-0.21484375
5930,1.181640625,1.162109375,-0.244140625,-0.341796875
5931,1.298828125,1.103515625,-0.1953125,-0.17578125
5932,1.220703125,1.259765625,-0.263671875,-0.234375
5933,1.220703125,1.2109375,-0.263671875,-0.1953125
5934,1.435546875,1.19140625,-0.234375,-0.5078125
5935,1.220703125,1.259765625,-0.400390625,-0.283203125
5936,1.25,1.142578125,-0.205078125,-0.1953125
5937,1.376953125,1.15234375,-0.185546875,-0.15625
5938,1.298828125,1.142578125,-0.21484375,-0.244140625
5939,1.25,1.123046875,-0.224609375,-0.146484375
5940,1.328125,1.2109375,-0.1953125,-0.263671875
5941,1.19140625,1.09375,-0.13671875,-0.263671875
5942,1.279296875,1.11328125,-0.166015625,-0.15625
5943,1.259765625,1.26953125,-0.17578125,-0.29296875
5944,1.2109375,1.123046875,-0.263671875,-0.263671875
5945,1.23046875,1.181640625,-0.283203125,-0.166015625
5946,1.240234375,1.220703125,-0.244140625,-0.2734375
5947,1.220703125,1.220703125,-0.302734375,-0.25390625
5948,1.240234375,1.1328125,-0.029296875,-0.244140625
5949,1.103515625,1.083984375,-0.15625,-0.361328125
5950,1.2109375,1.044921875,-0.05859375,-0.37109375
5951,1.201171875,1.220703125,-0.33203125,-0.419921875
5952,1.328125,1.201171875,-0.107421875,-0.283203125
5953,1.25,1.171875,-0.126953125,-0.25390625
5954,1.201171875,1.2109375,-0.1953125,-0.1171875
5955,1.181640625,1.142578125,-0.087890625,-0.17578125
5956,1.103515625,1.220703125,-0.1953125,-0.25390625
5957,1.1328125,1.23046875,-0.17578125,-0.234375
5958,1.2109375,1.181640625,-0.126953125,-0.341796875
5959,1.19140625,1.42578125,-0.234375,-0.2734375
5960,1.171875,1.181640625,-0.087890625,-0.439453125
5961,1.30859375,1.240234375,-0.224609375,-0.4296875
5962,1.220703125,1.171875,-0.1953125,-0.283203125
5963,1.1328125,1.328125,-0.244140625,-0.263671875
5964,1.162109375,1.162109375,-0.205078125,-0.17578125
5965,1.142578125,1.220703125,-0.17578125,-0.2734375
5966,1.201171875,1.25,-0.37109375,-0.244140625
5967,1.25,1.201171875,-0.283203125,-0.283203125
5968,1.181640625,0.849609375,-0.4296875,-0.224609375
5969,1.240234375,1.123046875,-0.33203125,-0.185546875
5970,1.23046875,1.26953125,-0.322265625,-0.2734375
5971,1.19140625,1.15234375,-0.244140625,-0.244140625
5972,1.181640625,1.2109375,-0.234375,-0.2734375
5973,1.1328125,1.19140625,-0.263671875,-0.263671875
5974,1.3671875,1.162109375,-0.283203125,-0.25390625
5975,1.142578125,1.181640625,-0.37109375,-0.21484375
5976,1.1328125,1.259765625,-0.341796875,-0.107421875
5977,1.2890625,1.259765625,-0.263671875,-0.2734375
5978,1.2109375,1.11328125,-0.29296875,-0.302734375
5979,1.220703125,1.181640625,-0.244140625,-0.283203125
5980,1.2890625,1.19140625,-0.29296875,-0.322265625
5981,1.181640625,1.2890625,-0.21484375,-0.224609375
5982,1.07421875,1.15234375,-0.185546875,-0.15625
5983,1.103515625,1.201171875,-0.25390625,-0.322265625
5984,1.162109375,1.142578125,-0.419921875,-0.341796875
5985,1.318359375,1.23046875,-0.29296875,-0.283203125
5986,1.259765625,1.123046875,-0.234375,-0.390625
5987,1.2109375,1.416015625,-0.37109375,-0.2734375
5988,1.259765625,1.240234375,-0.283203125,-0.439453125
5989,1.220703125,1.25,-0.25390625,-0.224609375
5990,1.083984375,1.201171875,-0.234375,-0.302734375
5991,1.15234375,1.171875,-0.185546875,-0.41015625
5992,1.142578125,1.23046875,-0.166015625,-0.283203125
5993,1.181640625,1.19140625,-0.1953125,-0.29296875
5994,1.2890625,1.201171875,-0.2734375,-0.41015625
5995,1.171875,1.15234375,-0.234375,-0.322265625
5996,1.15234375,1.19140625,-0.09765625,-0.29296875
5997,1.2109375,1.19140625,-0.2734375,-0.2734375
5998,1.181640625,1.23046875,-0.15625,-0.29296875
5999,1.201171875,1.15234375,-0.107421875,-0.29296875
6000,1.19140625,1.15234375,-0.107421875,-0.29296875
6001,1.15234375,1.2890625,-0.224609375,-0.283203125
6002,1.181640625,1.279296875,-0.224609375,-0.2734375
6003,1.201171875,1.15234375,-0.1171875,-0.244140625
6004,1.181640625,1.181640625,-0.185546875,-0.224609375
6005,1.181640625,1.240234375,-0.166015625,-0.33203125
6006,1.15234375,1.259765625,-0.33203125,-0.263671875
6007,1.03515625,1.240234375,-0.2734375,-0.390625
6008,1.142578125,1.171875,-0.1953125,-0.3515625
6009,1.083984375,1.25,-0.25390625,-0.48828125
6010,1.142578125,1.2109375,-0.283203125,-0.33203125
6011,1.2890625,1.201171875,-0.4296875,-0.361328125
6012,1.162109375,1.201171875,-0.234375,-0.400390625
6013,1.240234375,1.19140625,-0.224609375,-0.537109375
6014,1.181640625,1.328125,-0.244140625,-0.322265625
6015,1.09375,1.259765625,-0.185546875,-0.380859375
6016,1.181640625,1.328125,-0.1953125,-0.419921875
6017,1.123046875,1.25,-0.263671875,-0.302734375
6018,1.2109375,1.171875,-0.2734375,-0.302734375
6019,1.19140625,1.181640625,-0.283203125,-0.419921875
6020,1.25,1.220703125,-0.25390625,-0.322265625
6021,1.25,1.171875,-0.3125,-0.4296875
6022,1.11328125,1.25,-0.263671875,-0.48828125
6023,1.142578125,1.259765625,-0.1953125,-0.33203125
6024,1.26953125,1.220703125,-0.185546875,-0.185546875
6025,1.23046875,1.142578125,-0.263671875,-0.390625
6026,1.279296875,1.15234375,-0.25390625,-0.244140625
6027,1.337890625,1.103515625,-0.05859375,-0.322265625
6028,1.357421875,1.23046875,-0.244140625,-0.1953125
6029,1.318359375,1.15234375,-0.234375,-0.302734375
6030,1.328125,1.337890625,-0.4296875,-0.3125
6031,1.30859375,1.259765625,-0.2734375,-0.390625
6032,1.34765625,1.220703125,-0.205078125,-0.380859375
6033,1.34765625,1.240234375,-0.205078125,-0.263671875
6034,1.2890625,1.25,-0.21484375,-0.21484375
6035,1.376953125,1.15234375,-0.25390625,-0.244140625
6036,1.30859375,1.26953125,-0.341796875,-0.302734375
6037,1.23046875,1.2890625,-0.37109375,-0.322265625
6038,1.328125,1.2109375,-0.244140625,-0.25390625
6039,1.328125,1.11328125,-0.302734375,-0.400390625
6040,1.416015625,1.23046875,-0.224609375,-0.234375
6041,1.318359375,1.46484375,-0.25390625,-0.3125
6042,1.328125,1.318359375,-0.263671875,-0.33203125
6043,1.15234375,1.2109375,-0.263671875,-0.146484375
6044,1.26953125,1.181640625,-0.25390625,-0.29296875
6045,1.337890625,1.220703125,-0.234375,-0.263671875
6046,1.30859375,1.23046875,-0.234375,-0.390625
6047,1.328125,1.123046875,-0.205078125,-0.33203125
6048,1.298828125,1.318359375,-0.1171875,-0.302734375
6049,1.30859375,1.25,-0.25390625,-0.21484375
6050,1.376953125,1.220703125,-0.224609375,-0.283203125
6051,1.240234375,1.220703125,-0.166015625,-0.41015625
6052,1.23046875,1.26953125,-0.185546875,-0.29296875
6053,1.34765625,1.3671875,-0.2734375,-0.33203125
6054,1.240234375,1.2890625,-0.283203125,-0.29296875
6055,1.357421875,1.220703125,-0.224609375,-0.4296875
6056,1.298828125,1.220703125,-0.224609375,-0.46875
6057,1.26953125,1.064453125,-0.1171875,-0.361328125
6058,1.259765625,1.201171875,-0.166015625,-0.341796875
6059,1.2109375,1.15234375,-0.224609375,-0.361328125
6060,1.259765625,1.181640625,-0.1953125,-0.322265625
6061,1.15234375,1.279296875,-0.1171875,-0.29296875
6062,1.07421875,1.298828125,-0.224609375,-0.41015625
6063,1.19140625,1.279296875,-0.15625,-0.4296875
6064,1.259765625,1.23046875,-0.146484375,-0.478515625
6065,1.142578125,1.201171875,-0.224609375,-0.390625
6066,1.162109375,1.123046875,-0.107421875,-0.33203125
6067,1.171875,1.2109375,-0.166015625,-0.439453125
6068,1.15234375,1.19140625,-0.205078125,-0.390625
6069,1.171875,1.201171875,-0.087890625,-0.44921875
6070,1.19140625,1.220703125,-0.13671875,-0.283203125
6071,1.2890625,1.2109375,-0.234375,-0.517578125
6072,1.0546875,1.201171875,-0.15625,-0.380859375
6073,1.201171875,1.181640625,-0.17578125,-0.419921875
6074,1.162109375,1.19140625,-0.185546875,-0.4296875
6075,1.181640625,1.2109375,-0.17578125,-0.37109375
6076,1.23046875,1.123046875,-0.3515625,-0.41015625
6077,1.1328125,1.171875,-0.25390625,-0.361328125
6078,1.23046875,1.328125,-0.322265625,-0.3515625
6079,1.23046875,1.23046875,-0.3515625,-0.5078125
6080,1.23046875,1.162109375,-0.224609375,-0.46875
6081,1.26953125,1.279296875,-0.263671875,-0.25390625
6082,1.171875,1.201171875,-0.2734375,-0.380859375
6083,1.162109375,1.19140625,-0.2734375,-0.3515625
6084,1.201171875,1.26953125,-0.224609375,-0.263671875
6085,1.220703125,1.2109375,-0.3515625,-0.21484375
6086,1.220703125,1.23046875,-0.3125,-0.21484375
6087,1.23046875,1.11328125,-0.283203125,-0.29296875
6088,1.23046875,1.123046875,-0.166015625,-0.322265625
6089,1.171875,1.220703125,-0.21484375,-0.478515625
6090,1.259765625,1.259765625,-0.15625,-0.400390625
6091,1.220703125,1.220703125,-0.205078125,-0.380859375
6092,1.044921875,1.220703125,-0.25390625,-0.33203125
6093,1.123046875,1.1328125,-0.205078125,-0.302734375
6094,1.23046875,1.25,-0.234375,-0.4296875
6095,1.142578125,1.220703125,-0.263671875,-0.41015625
6096,1.328125,1.40625,-0.2734375,-0.361328125
6097,1.181640625,1.19140625,-0.205078125,-0.341796875
6098,1.142578125,1.2109375,-0.224609375,-0.361328125
6099,1.2109375,1.2890625,-0.205078125,-0.33203125
6100,1.19140625,1.416015625,-0.33203125,-0.390625
6101,1.201171875,1.201171875,-0.25390625,-0.341796875
6102,1.07421875,1.2890625,-0.302734375,-0.37109375
6103,1.25,1.435546875,-0.3125,-0.400390625
6104,1.201171875,1.171875,-0.2734375,-0.41015625
6105,1.25,1.34765625,-0.283203125,-0.380859375
6106,1.19140625,1.220703125,-0.1953125,-0.400390625
6107,1.09375,1.279296875,-0.3125,-0.37109375
6108,1.181640625,1.23046875,-0.25390625,-0.44921875
6109,1.220703125,1.26953125,-0.46875,-0.33203125
6110,1.1328125,1.279296875,-0.380859375,-0.46875
6111,1.2109375,1.15234375,-0.29296875,-0.390625
6112,1.09375,1.376953125,-0.33203125,-0.29296875
6113,1.171875,1.259765625,-0.2734375,-0.263671875
6114,1.015625,1.318359375,-0.224609375,-0.37109375
6115,1.201171875,1.376953125,-0.263671875,-0.4296875
6116,1.15234375,1.259765625,-0.263671875,-0.126953125
6117,1.044921875,1.171875,-0.21484375,-0.37109375
6118,1.1328125,1.11328125,-0.146484375,-0.400390625
6119,1.25,1.162109375,-0.25390625,-0.44921875
6120,1.25,1.162109375,-0.224609375,-0.380859375
6121,1.1328125,1.25,-0.244140625,-0.37109375
6122,1.15234375,1.162109375,-0.15625,-0.33203125
6123,1.240234375,1.123046875,-0.263671875,-0.37109375
6124,1.19140625,1.220703125,-0.263671875,-0.419921875
6125,1.064453125,1.171875,-0.15625,-0.390625
6126,1.23046875,1.1328125,-0.224609375,-0.419921875
6127,1.2109375,1.162109375,-0.17578125,-0.41015625
6128,1.19140625,1.15234375,-0.107421875,-0.517578125
6129,1.19140625,1.2109375,-0.205078125,-0.44921875
6130,1.220703125,1.171875,-0.234375,-0.37109375
6131,1.171875,1.15234375,-0.263671875,-0.6640625
6132,1.259765625,1.23046875,-0.29296875,-0.25390625
6133,1.30859375,1.123046875,-0.37109375,-0.3515625
6134,1.1328125,1.11328125,-0.205078125,-0.3125
6135,1.15234375,1.103515625,-0.3125,-0.244140625
6136,1.15234375,1.123046875,-0.390625,-0.33203125
6137,1.26953125,1.03515625,-0.283203125,-0.341796875
6138,1.171875,1.15234375,-0.33203125,-0.44921875
6139,1.123046875,1.09375,-0.361328125,-0.37109375
6140,1.240234375,1.2109375,-0.2734375,-0.4296875
6141,1.15234375,1.123046875,-0.2734375,-0.439453125
6142,1.123046875,1.025390625,-0.361328125,-0.37109375
6143,1.220703125,1.064453125,-0.1953125,-0.29296875
6144,1.03515625,1.083984375,-0.17578125,-0.234375
6145,1.259765625,1.044921875,-0.244140625,-0.322265625
6146,1.162109375,1.09375,-0.068359375,-0.380859375
6147,1.2109375,1.103515625,-0.185546875,-0.341796875
6148,1.201171875,1.142578125,-0.146484375,-0.3515625
6149,1.19140625,1.1328125,-0.1953125,-0.380859375
6150,1.2109375,1.03515625,-0.13671875,-0.46875
6151,1.15234375,1.025390625,-0.244140625,-0.302734375
6152,1.11328125,1.015625,-0.166015625,-0.361328125
6153,1.171875,1.07421875,-0.146484375,-0.283203125
6154,1.259765625,0.99609375,-0.185546875,-0.33203125
6155,1.240234375,1.171875,-0.0390625,-0.302734375
6156,1.240234375,1.0546875,-0.205078125,-0.4296875
6157,1.259765625,1.015625,-0.15625,-0.2734375
6158,1.201171875,1.142578125,-0.1953125,-0.33203125
6159,1.171875,1.083984375,-0.234375,-0.380859375
6160,1.07421875,1.0546875,-0.283203125,-0.341796875
6161,1.23046875,1.23046875,-0.380859375,-0.341796875
6162,1.123046875,0.9375,-0.224609375,-0.224609375
6163,1.318359375,0.966796875,-0.205078125,-0.33203125
6164,1.1328125,0.927734375,-0.29296875,-0.341796875
6165,1.162109375,0.986328125,-0.33203125,-0.46875
6166,1.044921875,0.986328125,-0.234375,-0.33203125
6167,1.23046875,1.162109375,-0.13671875,-0.29296875
6168,1.15234375,1.005859375,-0.185546875,-0.3515625
6169,1.171875,0.908203125,-0.244140625,-0.41015625
6170,1.240234375,1.025390625,-0.205078125,-0.419921875
6171,1.142578125,1.005859375,-0.2734375,-0.419921875
6172,1.298828125,1.015625,-0.1953125,-0.302734375
6173,1.171875,0.91796875,-0.087890625,-0.3515625
6174,1.220703125,1.064453125,-0.2734375,-0.48828125
6175,1.103515625,1.142578125,-0.185546875,-0.283203125
6176,1.09375,1.1328125,-0.234375,-0.302734375
6177,1.083984375,1.03515625,-0.146484375,-0.33203125
6178,1.2109375,0.95703125,-0.224609375,-0.29296875
6179,1.1328125,1.015625,-0.244140625,-0.263671875
6180,1.09375,1.025390625,-0.244140625,-0.2734375
6181,1.083984375,1.025390625,-0.224609375,-0.263671875
6182,1.15234375,0.99609375,-0.361328125,-0.25390625
6183,1.1328125,0.986328125,-0.302734375,-0.3515625
6184,1.23046875,1.07421875,-0.21484375,-0.25390625
6185,1.201171875,1.0546875,-0.33203125,-0.263671875
6186,1.11328125,1.044921875,-0.41015625,-0.361328125
6187,1.162109375,1.064453125,-0.263671875,-0.322265625
6188,1.142578125,1.044921875,-0.185546875,-0.263671875
6189,1.07421875,0.9765625,-0.25390625,-0.361328125
6190,1.201171875,1.025390625,-0.234375,-0.361328125
6191,1.171875,0.927734375,-0.302734375,-0.380859375
6192,1.171875,0.9765625,-0.390625,-0.390625
6193,1.103515625,0.986328125,-0.126953125,-0.439453125
6194,1.09375,1.064453125,-0.400390625,-0.3125
6195,1.123046875,0.91796875,-0.166015625,-0.41015625
6196,1.083984375,0.947265625,-0.1953125,-0.361328125
6197,1.2109375,0.99609375,-0.166015625,-0.302734375
6198,1.1328125,1.015625,-0.361328125,-0.302734375
6199,1.123046875,1.015625,-0.244140625,-0.380859375
6200,1.142578125,1.09375,-0.263671875,-0.283203125
6201,1.201171875,0.986328125,-0.17578125,-0.234375
6202,1.044921875,0.986328125,-0.234375,-0.33203125
6203,1.09375,0.966796875,-0.234375,-0.322265625
6204,1.201171875,1.083984375,-0.33203125,-0.3125
6205,1.103515625,0.966796875,-0.205078125,-0.25390625
6206,1.142578125,1.123046875,-0.3125,-0.37109375
6207,1.123046875,0.9765625,-0.25390625,-0.166015625
6208,1.171875,0.99609375,-0.25390625,-0.4296875
6209,1.201171875,1.09375,-0.1953125,-0.29296875
6210,1.19140625,0.95703125,-0.17578125,-0.234375
6211,1.11328125,1.015625,-0.17578125,-0.361328125
6212,1.181640625,0.966796875,-0.1953125,-0.234375
6213,1.11328125,0.888671875,-0.205078125,-0.283203125
6214,1.181640625,0.9765625,-0.283203125,-0.068359375
6215,1.19140625,0.9765625,-0.283203125,-0.341796875
6216,1.162109375,0.927734375,-0.263671875,-0.3125
6217,1.2109375,1.005859375,-0.1953125,-0.29296875
6218,1.328125,0.908203125,-0.1953125,-0.3125
6219,1.171875,0.9765625,-0.37109375,-0.33203125
6220,1.09375,1.03515625,-0.244140625,-0.498046875
6221,1.2109375,0.966796875,-0.29296875,-0.29296875
6222,1.2109375,1.025390625,-0.1953125,-0.21484375
6223,1.201171875,1.005859375,-0.263671875,-0.244140625
6224,1.103515625,0.9765625,-0.29296875,-0.3515625
6225,1.19140625,1.09375,-0.107421875,-0.3515625
6226,1.1328125,1.103515625,-0.15625,-0.29296875
6227,1.103515625,1.0546875,-0.087890625,-0.302734375
6228,1.298828125,0.99609375,-0.29296875,-0.390625
6229,1.201171875,1.083984375,-0.166015625,-0.302734375
6230,1.005859375,1.07421875,-0.166015625,-0.263671875
6231,1.2109375,0.8984375,-0.05859375,-0.263671875
6232,1.19140625,1.123046875,-0.126953125,-0.283203125
6233,1.30859375,0.947265625,-0.166015625,-0.244140625
6234,1.2109375,1.044921875,-0.078125,-0.244140625
6235,1.142578125,0.986328125,-0.25390625,-0.5078125
6236,1.181640625,0.986328125,-0.09765625,-0.33203125
6237,1.19140625,1.171875,-0.107421875,-0.25390625
6238,1.220703125,1.103515625,-0.01953125,-0.224609375
6239,1.142578125,1.0546875,-0.146484375,-0.25390625
6240,1.19140625,0.99609375,-0.126953125,-0.322265625
6241,1.09375,1.03515625,-0.234375,-0.244140625
6242,1.162109375,1.005859375,-0.146484375,-0.244140625
6243,1.201171875,1.015625,-0.361328125,-0.25390625
6244,1.142578125,1.103515625,-0.107421875,-0.205078125
6245,1.162109375,1.025390625,-0.263671875,-0.263671875
6246,1.162109375,1.15234375,-0.2734375,-0.21484375
6247,1.162109375,1.09375,-0.205078125,-0.185546875
6248,1.103515625,1.044921875,-0.21484375,-0.3125
6249,1.09375,1.2109375,-0.185546875,-0.3125
6250,1.083984375,1.025390625,-0.244140625,-0.126953125
6251,1.19140625,1.064453125,-0.166015625,-0.322265625
6252,1.1328125,0.95703125,-0.107421875,-0.234375
6253,1.15234375,1.083984375,-0.166015625,-0.107421875
6254,1.279296875,1.103515625,-0.146484375,-0.029296875
6255,1.025390625,1.07421875,-0.322265625,-0.2734375
6256,1.15234375,1.044921875,-0.244140625,-0.1953125
6257,1.09375,1.025390625,-0.087890625,-0.2734375
6258,1.181640625,1.09375,-0.15625,-0.234375
6259,1.181640625,1.123046875,-0.25390625,-0.107421875
6260,1.1328125,1.0546875,-0.185546875,-0.244140625
6261,1.23046875,1.1328125,-0.29296875,-0.25390625
6262,1.19140625,1.1328125,-0.3125,-0.21484375
6263,1.2109375,1.09375,-0.224609375,-0.126953125
6264,1.15234375,1.162109375,-0.283203125,-0.25390625
6265,1.201171875,1.15234375,-0.41015625,-0.33203125
6266,1.298828125,1.025390625,-0.234375,-0.29296875
6267,1.298828125,1.09375,-0.244140625,-0.263671875
6268,1.19140625,1.083984375,-0.126953125,-0.166015625
6269,1.30859375,1.025390625,-0.21484375,-0.126953125
6270,1.240234375,1.103515625,-0.263671875,-0.205078125
6271,1.162109375,1.083984375,-0.21484375,-0.380859375
6272,1.240234375,1.09375,-0.17578125,-0.2734375
6273,1.09375,1.123046875,-0.29296875,-0.21484375
6274,1.2109375,1.044921875,-0.13671875,-0.2734375
6275,1.23046875,1.07421875,-0.29296875,-0.400390625
6276,1.11328125,1.103515625,-0.1953125,-0.244140625
6277,1.220703125,0.99609375,-0.21484375,-0.322265625
6278,1.26953125,1.0546875,-0.244140625,-0.234375
6279,1.298828125,1.123046875,-0.224609375,-0.263671875
6280,1.2109375,1.015625,-0.234375,-0.25390625
6281,1.220703125,1.064453125,-0.263671875,-0.29296875
6282,1.142578125,1.103515625,-0.25390625,-0.263671875
6283,1.19140625,1.15234375,-0.341796875,-0.234375
6284,1.26953125,1.09375,-0.263671875,-0.21484375
6285,1.162109375,1.123046875,-0.2734375,-0.224609375
6286,1.201171875,1.064453125,-0.341796875,-0.224609375
6287,1.103515625,1.064453125,-0.205078125,-0.185546875
6288,1.142578125,1.201171875,-0.2734375,-0.1953125
6289,1.09375,1.103515625,-0.341796875,-0.185546875
6290,1.07421875,1.09375,-0.322265625,-0.126953125
6291,1.201171875,1.142578125,-0.283203125,-0.166015625
6292,1.162109375,1.044921875,-0.400390625,-0.1953125
6293,1.103515625,1.044921875,-0.302734375,-0.048828125
6294,1.11328125,1.0546875,-0.322265625,-0.185546875
6295,1.11328125,1.083984375,-0.2734375,-0.166015625
6296,1.162109375,1.11328125,-0.17578125,-0.146484375
6297,1.19140625,1.220703125,-0.17578125,0.029296875
6298,0.9765625,1.064453125,-0.283203125,-0.234375
6299,1.0546875,1.083984375,-0.390625,-0.380859375
6300,1.201171875,1.103515625,-0.185546875,-0.078125
6301,1.2109375,1.1328125,-0.078125,-0.263671875
6302,1.181640625,1.025390625,-0.234375,-0.3515625
6303,1.171875,1.03515625,-0.244140625,-0.15625
6304,1.19140625,1.103515625,-0.361328125,-0.21484375
6305,1.142578125,1.03515625,-0.263671875,-0.166015625
6306,1.083984375,1.0546875,-0.263671875,-0.126953125
6307,1.171875,1.03515625,-0.302734375,-0.29296875
6308,1.123046875,1.064453125,-0.21484375,-0.21484375
6309,1.162109375,1.09375,-0.234375,-0.244140625
6310,1.171875,1.0546875,-0.21484375,-0.224609375
6311,1.15234375,1.083984375,-0.1171875,-0.234375
6312,1.19140625,1.11328125,-0.17578125,-0.361328125
6313,1.25,1.318359375,-0.1953125,-0.21484375
6314,1.15234375,1.15234375,-0.2734375,-0.263671875
6315,1.25,1.07421875,-0.205078125,-0.244140625
6316,1.26953125,1.123046875,-0.224609375,-0.263671875
6317,1.201171875,1.083984375,-0.166015625,-0.283203125
6318,1.279296875,1.11328125,-0.1953125,-0.224609375
6319,1.2109375,1.083984375,-0.15625,-0.244140625
6320,1.162109375,1.064453125,-0.361328125,-0.13671875
6321,1.123046875,1.142578125,-0.234375,-0.400390625
6322,1.15234375,1.03515625,-0.13671875,-0.224609375
6323,1.181640625,1.064453125,-0.185546875,-0.185546875
6324,1.162109375,1.1328125,-0.185546875,-0.126953125
6325,1.11328125,0.91796875,-0.126953125,-0.2734375
6326,1.201171875,1.103515625,-0.1953125,-0.25390625
6327,1.220703125,1.103515625,-0.13671875,-0.205078125
6328,1.15234375,1.298828125,-0.185546875,-0.234375
6329,1.15234375,1.162109375,-0.205078125,-0.2734375
6330,1.1328125,1.1328125,-0.185546875,-0.205078125
6331,1.123046875,1.19140625,-0.205078125,-0.234375
6332,1.171875,1.181640625,-0.166015625,-0.21484375
6333,1.15234375,1.142578125,-0.1953125,-0.166015625
6334,1.15234375,1.259765625,-0.078125,-0.244140625
6335,1.15234375,1.279296875,-0.3125,-0.25390625
6336,1.142578125,1.103515625,-0.17578125,-0.234375
6337,1.181640625,1.123046875,-0.185546875,-0.234375
6338,1.181640625,1.1328125,-0.17578125,-0.224609375
6339,1.1328125,1.15234375,-0.1953125,-0.1171875
6340,1.171875,1.07421875,-0.29296875,-0.2734375
6341,1.181640625,1.123046875,-0.322265625,-0.13671875
6342,1.162109375,1.201171875,-0.21484375,-0.25390625
6343,1.162109375,1.0546875,-0.3125,-0.2734375
6344,1.19140625,1.1328125,-0.2734375,-0.2734375
6345,1.201171875,1.142578125,-0.205078125,-0.234375
6346,1.201171875,1.19140625,-0.263671875,-0.2734375
6347,1.162109375,1.11328125,-0.29296875,-0.25390625
6348,1.337890625,1.07421875,-0.302734375,-0.126953125
6349,1.142578125,1.171875,-0.29296875,-0.3125
6350,1.15234375,1.15234375,-0.146484375,-0.283203125
6351,1.15234375,1.103515625,-0.13671875,-0.21484375
6352,1.171875,1.328125,-0.1171875,-0.29296875
6353,1.181640625,1.181640625,-0.205078125,-0.283203125
6354,1.142578125,1.162109375,-0.224609375,-0.21484375
6355,1.220703125,1.15234375,-0.205078125,-0.283203125
6356,1.240234375,1.09375,-0.126953125,-0.2734375
6357,1.162109375,1.19140625,-0.25390625,-0.25390625
6358,1.162109375,1.11328125,-0.21484375,-0.29296875
6359,1.162109375,1.2109375,-0.263671875,-0.263671875
6360,1.25,1.201171875,-0.224609375,-0.21484375
6361,1.2890625,1.0546875,-0.166015625,-0.25390625
6362,1.26953125,1.19140625,-0.166015625,-0.25390625
6363,1.1328125,1.19140625,-0.166015625,-0.283203125
6364,1.23046875,1.2109375,-0.126953125,-0.25390625
6365,1.2890625,1.142578125,-0.1953125,-0.25390625
6366,1.2109375,1.103515625,-0.17578125,-0.29296875
6367,1.083984375,1.162109375,-0.33203125,-0.25390625
6368,1.240234375,1.162109375,-0.078125,-0.25390625
6369,1.2109375,1.2109375,-0.244140625,-0.263671875
6370,1.09375,1.19140625,-0.25390625,-0.15625
6371,1.142578125,1.11328125,-0.17578125,-0.25390625
6372,1.162109375,1.103515625,-0.205078125,-0.2734375
6373,1.2109375,1.15234375,-0.2734375,-0.078125
6374,1.09375,1.30859375,-0.1953125,-0.263671875
6375,1.23046875,1.25,-0.17578125,-0.185546875
6376,1.123046875,1.162109375,-0.283203125,-0.29296875
6377,1.2109375,1.201171875,-0.37109375,-0.244140625
6378,1.142578125,1.181640625,-0.2734375,-0.3125
6379,1.201171875,1.181640625,-0.25390625,-0.283203125
6380,1.220703125,1.23046875,-0.25390625,-0.263671875
6381,1.220703125,1.318359375,-0.185546875,-0.25390625
6382,1.2890625,1.23046875,-0.244140625,-0.302734375
6383,1.220703125,1.1328125,-0.2734375,-0.2734375
6384,1.142578125,1.181640625,-0.205078125,-0.166015625
6385,1.083984375,1.220703125,-0.263671875,-0.263671875
6386,1.123046875,1.30859375,-0.2734375,-0.29296875
6387,1.201171875,1.240234375,-0.224609375,-0.302734375
6388,1.162109375,1.240234375,-0.205078125,-0.146484375
6389,1.083984375,1.201171875,-0.263671875,-0.263671875
6390,1.07421875,1.123046875,-0.13671875,-0.2734375
6391,1.03515625,1.259765625,-0.185546875,-0.419921875
6392,1.142578125,1.318359375,-0.205078125,-0.3515625
6393,1.123046875,1.15234375,-0.1953125,-0.322265625
6394,1.142578125,1.318359375,-0.244140625,-0.322265625
6395,1.171875,1.201171875,-0.15625,-0.29296875
6396,1.103515625,1.181640625,-0.3125,-0.25390625
6397,1.23046875,1.201171875,-0.1953125,-0.029296875
6398,1.259765625,1.240234375,-0.21484375,-0.283203125
6399,1.201171875,1.064453125,-0.1953125,-0.29296875
6400,1.083984375,1.2109375,-0.234375,-0.33203125
6401,1.240234375,1.2109375,-0.29296875,-0.25390625
6402,1.19140625,1.123046875,-0.205078125,-0.263671875
6403,1.220703125,1.26953125,-0.234375,-0.21484375
6404,1.23046875,1.09375,-0.29296875,-0.33203125
6405,1.171875,1.083984375,-0.205078125,-0.341796875
6406,1.15234375,1.259765625,-0.224609375,-0.107421875
6407,1.142578125,1.23046875,-0.29296875,-0.283203125
6408,1.2109375,1.25,-0.400390625,-0.263671875
6409,1.142578125,1.171875,-0.3515625,-0.302734375
6410,1.201171875,1.34765625,-0.302734375,-0.322265625
6411,1.201171875,1.162109375,-0.205078125,-0.29296875
6412,1.26953125,1.357421875,-0.25390625,-0.380859375
6413,1.142578125,1.26953125,-0.234375,-0.244140625
6414,1.11328125,1.19140625,-0.29296875,-0.390625
6415,1.171875,1.30859375,-0.283203125,-0.3125
6416,1.083984375,1.337890625,-0.263671875,-0.302734375
6417,1.123046875,1.201171875,-0.341796875,-0.234375
6418,1.201171875,1.240234375,-0.2734375,-0.234375
6419,1.220703125,1.07421875,-0.302734375,-0.2734375
6420,1.142578125,1.2109375,-0.25390625,-0.25390625
6421,1.259765625,1.279296875,-0.107421875,-0.234375
6422,1.240234375,1.19140625,-0.244140625,-0.37109375
6423,1.201171875,1.201171875,-0.25390625,-0.33203125
6424,1.162109375,1.25,-0.21484375,-0.283203125
6425,1.11328125,1.259765625,-0.244140625,-0.15625
6426,1.07421875,1.181640625,-0.126953125,-0.283203125
6427,1.201171875,1.11328125,-0.13671875,-0.33203125
6428,0.87890625,1.220703125,-0.322265625,-0.224609375
6429,1.09375,1.181640625,-0.33203125,-0.37109375
6430,1.07421875,1.1328125,-0.21484375,-0.15625
6431,1.240234375,1.25,-0.234375,-0.46875
6432,1.044921875,1.259765625,-0.341796875,-0.33203125
6433,1.142578125,1.25,-0.263671875,-0.185546875
6434,1.03515625,1.2109375,-0.1953125,-0.224609375
6435,1.123046875,1.142578125,-0.2734375,-0.283203125
6436,1.1328125,1.25,-0.29296875,-0.4296875
6437,1.09375,1.220703125,-0.2734375,-0.517578125
6438,1.142578125,1.25,-0.419921875,-0.3515625
6439,1.25,1.162109375,-0.33203125,-0.2734375
6440,1.298828125,1.19140625,-0.2734375,-0.322265625
6441,1.259765625,1.318359375,-0.263671875,-0.224609375
6442,1.240234375,1.279296875,-0.37109375,-0.390625
6443,1.201171875,1.123046875,-0.244140625,-0.341796875
6444,1.162109375,1.259765625,-0.283203125,-0.21484375
6445,1.2109375,1.240234375,-0.380859375,-0.390625
6446,1.201171875,1.23046875,-0.341796875,-0.283203125
6447,1.09375,1.181640625,-0.361328125,-0.244140625
6448,1.240234375,1.2109375,-0.2734375,-0.205078125
6449,1.259765625,1.26953125,-0.2734375,-0.25390625
6450,1.298828125,1.09375,-0.17578125,-0.33203125
6451,1.23046875,1.15234375,-0.146484375,-0.263671875
6452,1.26953125,1.23046875,-0.205078125,-0.29296875
6453,1.279296875,1.220703125,-0.17578125,-0.322265625
6454,1.298828125,1.201171875,-0.3125,-0.322265625
6455,1.240234375,1.201171875,-0.1953125,-0.322265625
6456,1.259765625,1.25,-0.21484375,-0.29296875
6457,1.26953125,1.3671875,-0.205078125,-0.2734375
6458,1.220703125,1.25,-0.1953125,-0.205078125
6459,1.279296875,1.337890625,-0.25390625,-0.302734375
6460,1.298828125,1.240234375,-0.25390625,-0.29296875
6461,1.357421875,1.220703125,-0.17578125,-0.37109375
6462,1.26953125,1.2890625,-0.17578125,-0.322265625
6463,1.34765625,1.07421875,-0.185546875,-0.29296875
6464,1.259765625,1.25,-0.234375,-0.224609375
6465,1.259765625,1.15234375,-0.25390625,-0.33203125
6466,1.259765625,1.2109375,-0.244140625,-0.263671875
6467,1.328125,1.34765625,-0.283203125,-0.3515625
6468,1.23046875,1.2109375,-0.263671875,-0.41015625
6469,1.279296875,1.279296875,-0.244140625,-0.380859375
6470,1.240234375,1.25,-0.25390625,-0.33203125
6471,1.3671875,1.25,-0.21484375,-0.33203125
6472,1.318359375,1.25,-0.2734375,-0.4296875
6473,1.259765625,1.23046875,-0.224609375,-0.439453125
6474,1.220703125,1.19140625,-0.29296875,-0.341796875
6475,1.279296875,1.25,-0.244140625,-0.44921875
6476,1.220703125,1.25,-0.234375,-0.390625
6477,1.3671875,1.171875,-0.263671875,-0.380859375
6478,1.25,1.25,-0.263671875,-0.3515625
6479,1.328125,1.23046875,-0.126953125,-0.400390625
6480,1.30859375,1.2109375,-0.283203125,-0.537109375
6481,1.26953125,1.23046875,-0.341796875,-0.29296875
6482,1.337890625,1.2109375,-0.185546875,-0.25390625
6483,1.2890625,1.201171875,-0.224609375,-0.37109375
6484,1.279296875,1.25,-0.146484375,-0.390625
6485,1.298828125,1.2109375,-0.15625,-0.498046875
6486,1.40625,1.259765625,-0.224609375,-0.263671875
6487,1.259765625,1.34765625,-0.1953125,-0.380859375
6488,1.318359375,1.23046875,-0.283203125,-0.3515625
6489,1.38671875,1.201171875,-0.234375,-0.224609375
6490,1.337890625,1.1328125,-0.068359375,-0.361328125
6491,1.259765625,1.220703125,-0.2734375,-0.498046875
6492,1.279296875,1.162109375,-0.263671875,-0.380859375
6493,1.26953125,1.240234375,-0.05859375,-0.341796875
6494,1.201171875,1.0546875,-0.205078125,-0.44921875
6495,1.30859375,1.240234375,-0.185546875,-0.517578125
6496,1.142578125,1.23046875,-0.25390625,-0.322265625
6497,1.2109375,1.259765625,-0.234375,-0.498046875
6498,1.337890625,1.19140625,-0.224609375,-0.341796875
6499,1.19140625,1.1328125,-0.361328125,-0.341796875
6500,1.240234375,1.142578125,-0.1171875,-0.25390625
6501,1.23046875,1.19140625,-0.205078125,-0.283203125
6502,1.328125,1.162109375,-0.3125,-0.380859375
6503,1.19140625,1.19140625,-0.234375,-0.322265625
6504,1.240234375,1.201171875,-0.302734375,-0.341796875
6505,1.11328125,1.09375,-0.302734375,-0.380859375
6506,1.19140625,1.11328125,-0.234375,-0.2734375
6507,1.25,1.181640625,-0.2734375,-0.46875
6508,1.083984375,1.123046875,-0.419921875,-0.380859375
6509,1.201171875,1.171875,-0.41015625,-0.380859375
6510,1.181640625,1.171875,-0.2734375,-0.341796875
6511,1.181640625,1.19140625,-0.33203125,-0.33203125
6512,1.103515625,1.162109375,-0.283203125,-0.341796875
6513,1.220703125,1.23046875,-0.33203125,-0.283203125
6514,1.171875,1.11328125,-0.3125,-0.41015625
6515,1.201171875,1.25,-0.146484375,-0.341796875
6516,1.015625,1.162109375,-0.37109375,-0.361328125
6517,1.162109375,1.23046875,-0.3125,-0.37109375
6518,1.181640625,1.142578125,-0.4296875,-0.390625
6519,1.171875,1.181640625,-0.185546875,-0.5078125
6520,1.19140625,1.23046875,-0.33203125,-0.390625
6521,1.19140625,1.30859375,-0.244140625,-0.283203125
6522,1.2109375,1.171875,-0.29296875,-0.2734375
6523,1.123046875,1.162109375,-0.2734375,-0.361328125
6524,1.220703125,0.908203125,-0.263671875,-0.380859375
6525,1.2890625,1.220703125,-0.25390625,-0.263671875
6526,1.2109375,1.07421875,-0.15625,-0.33203125
6527,1.220703125,1.103515625,-0.15625,-0.341796875
6528,1.26953125,1.220703125,-0.234375,-0.41015625
6529,1.26953125,1.171875,-0.234375,-0.41015625
6530,1.2109375,1.1328125,-0.234375,-0.400390625
6531,1.103515625,1.2109375,-0.244140625,-0.419921875
6532,1.26953125,1.337890625,-0.205078125,-0.390625
6533,1.171875,1.0546875,-0.322265625,-0.390625
6534,1.103515625,1.19140625,-0.263671875,-0.302734375
6535,1.162109375,1.0546875,-0.2734375,-0.390625
6536,1.171875,1.201171875,-0.283203125,-0.41015625
6537,1.0546875,1.201171875,-0.205078125,-0.41015625
6538,1.083984375,1.171875,-0.283203125,-0.3515625
6539,1.09375,1.201171875,-0.302734375,-0.3125
6540,1.162109375,1.171875,-0.341796875,-0.46875
6541,1.15234375,1.26953125,-0.2734375,-0.3125
6542,1.162109375,1.142578125,-0.234375,-0.390625
6543,1.171875,1.19140625,-0.302734375,-0.33203125
6544,0.95703125,1.123046875,-0.263671875,-0.322265625
6545,1.181640625,1.298828125,-0.17578125,-0.33203125
6546,1.220703125,1.279296875,-0.21484375,-0.341796875
6547,1.162109375,1.318359375,-0.263671875,-0.2734375
6548,1.15234375,1.181640625,-0.37109375,-0.361328125
6549,1.162109375,1.25,-0.205078125,-0.46875
6550,1.220703125,1.142578125,-0.234375,-0.33203125
6551,1.201171875,1.259765625,-0.21484375,-0.322265625
6552,1.142578125,1.30859375,-0.13671875,-0.3515625
6553,1.09375,1.279296875,-0.224609375,-0.33203125
6554,1.11328125,1.2109375,-0.166015625,-0.341796875
6555,1.07421875,1.2109375,-0.1953125,-0.3125
6556,1.064453125,1.259765625,-0.263671875,-0.537109375
6557,1.1328125,1.2890625,-0.185546875,-0.37109375
6558,1.181640625,1.259765625,-0.2734375,-0.400390625
6559,1.07421875,1.26953125,-0.234375,-0.48828125
6560,1.123046875,1.328125,-0.166015625,-0.33203125
6561,1.15234375,1.23046875,-0.224609375,-0.4296875
6562,1.220703125,1.240234375,-0.234375,-0.2734375
6563,1.259765625,1.240234375,-0.146484375,-0.302734375
6564,1.25,1.2109375,-0.283203125,-0.3515625
6565,1.220703125,1.142578125,-0.17578125,-0.400390625
6566,1.181640625,1.181640625,-0.21484375,-0.33203125
6567,1.23046875,1.162109375,-0.17578125,-0.322265625
6568,1.26953125,1.123046875,-0.224609375,-0.09765625
6569,1.328125,1.11328125,-0.185546875,-0.3125
6570,1.259765625,1.083984375,-0.166015625,-0.380859375
6571,1.23046875,1.103515625,-0.25390625,-0.322265625
6572,1.298828125,1.11328125,-0.224609375,-0.3515625
6573,1.318359375,1.181640625,-0.21484375,-0.302734375
6574,1.279296875,1.103515625,-0.283203125,-0.41015625
6575,1.162109375,1.15234375,-0.1171875,-0.400390625
6576,1.201171875,1.123046875,-0.400390625,-0.263671875
6577,1.15234375,1.142578125,-0.166015625,-0.46875
6578,1.181640625,1.11328125,-0.283203125,-0.33203125
6579,1.26953125,1.142578125,-0.283203125,-0.322265625
6580,1.201171875,1.083984375,-0.234375,-0.33203125
6581,1.201171875,1.162109375,-0.17578125,-0.322265625
6582,1.259765625,1.07421875,-0.1171875,-0.3125
6583,1.171875,1.064453125,-0.244140625,-0.341796875
6584,1.318359375,1.15234375,-0.205078125,-0.390625
6585,1.2109375,1.064453125,-0.224609375,-0.361328125
6586,1.34765625,1.064453125,-0.21484375,-0.41015625
6587,1.025390625,1.103515625,-0.21484375,-0.33203125
6588,1.2109375,1.083984375,-0.068359375,-0.244140625
6589,1.30859375,1.123046875,-0.166015625,-0.17578125
6590,1.025390625,1.083984375,-0.234375,-0.390625
6591,1.2890625,1.123046875,-0.21484375,-0.322265625
6592,1.220703125,1.064453125,-0.234375,-0.33203125
6593,1.220703125,1.123046875,-0.263671875,-0.341796875
6594,1.201171875,1.025390625,-0.17578125,-0.341796875
6595,1.142578125,1.03515625,-0.13671875,-0.44921875
6596,1.1328125,0.99609375,-0.224609375,-0.2734375
6597,1.1328125,1.025390625,-0.25390625,-0.3515625
6598,1.142578125,1.044921875,-0.2734375,-0.21484375
6599,1.201171875,1.025390625,-0.21484375,-0.263671875
6600,1.19140625,1.03515625,-0.185546875,-0.302734375
6601,1.23046875,0.99609375,-0.126953125,-0.126953125
6602,1.181640625,0.99609375,-0.244140625,-0.37109375
6603,1.2109375,1.142578125,-0.33203125,-0.380859375
6604,1.220703125,1.005859375,-0.283203125,-0.29296875
6605,1.171875,0.966796875,-0.224609375,-0.146484375
6606,1.162109375,1.0546875,-0.2734375,-0.263671875
6607,1.201171875,1.103515625,-0.341796875,-0.185546875
6608,1.34765625,1.09375,-0.263671875,-0.283203125
6609,1.15234375,1.103515625,-0.166015625,-0.263671875
6610,1.15234375,0.91796875,-0.17578125,-0.3515625
6611,1.240234375,0.986328125,-0.25390625,-0.146484375
6612,1.1328125,1.015625,-0.380859375,-0.2734375
6613,1.19140625,1.005859375,-0.1171875,-0.2734375
6614,1.162109375,0.966796875,-0.244140625,-0.41015625
6615,1.15234375,0.95703125,-0.322265625,-0.3125
6616,1.142578125,1.025390625,-0.322265625,-0.25390625
6617,1.15234375,0.95703125,-0.224609375,-0.25390625
6618,1.279296875,1.11328125,-0.224609375,-0.25390625
6619,1.123046875,0.947265625,-0.25390625,-0.322265625
6620,1.064453125,1.044921875,-0.263671875,-0.3515625
6621,1.123046875,0.9375,-0.234375,-0.29296875
6622,1.142578125,1.005859375,0,-0.33203125
6623,1.083984375,1.025390625,-0.283203125,-0.15625
6624,1.0546875,1.005859375,-0.283203125,-0.361328125
6625,1.1328125,1.0546875,-0.29296875,-0.29296875
6626,1.2109375,0.95703125,-0.263671875,-0.46875
6627,1.1328125,0.947265625,-0.302734375,-0.2734375
6628,1.162109375,1.03515625,-0.322265625,-0.2734375
6629,1.123046875,0.966796875,-0.263671875,-0.263671875
6630,1.171875,1.005859375,-0.263671875,-0.263671875
6631,1.142578125,0.947265625,-0.185546875,-0.33203125
6632,1.11328125,1.03515625,-0.224609375,-0.234375
6633,1.23046875,0.91796875,-0.15625,-0.400390625
6634,1.171875,0.908203125,-0.263671875,-0.322265625
6635,1.328125,1.083984375,-0.21484375,-0.25390625
6636,1.240234375,1.015625,-0.244140625,-0.33203125
6637,1.171875,1.025390625,-0.244140625,-0.3515625
6638,1.025390625,1.005859375,-0.234375,-0.41015625
6639,1.279296875,0.830078125,-0.263671875,-0.2734375
6640,1.19140625,1.044921875,-0.341796875,-0.29296875
6641,1.142578125,1.015625,-0.263671875,-0.419921875
6642,1.25,0.849609375,-0.185546875,-0.341796875
6643,1.19140625,0.9375,-0.3515625,-0.3125
6644,1.162109375,0.99609375,-0.2734375,-0.3515625
6645,1.25,1.09375,-0.283203125,-0.3125
6646,1.201171875,0.966796875,-0.166015625,-0.263671875
6647,1.162109375,1.044921875,-0.29296875,-0.25390625
6648,1.25,0.95703125,-0.263671875,-0.33203125
6649,1.19140625,1.07421875,-0.244140625,-0.234375
6650,1.19140625,1.015625,-0.283203125,-0.37109375
6651,1.23046875,1.044921875,-0.29296875,-0.29296875
6652,1.171875,0.9765625,-0.29296875,-0.224609375
6653,1.09375,1.064453125,-0.205078125,-0.205078125
6654,1.181640625,1.083984375,-0.2734375,-0.3125
6655,1.2890625,1.044921875,-0.341796875,-0.21484375
6656,1.07421875,0.9765625,-0.283203125,-0.341796875
6657,1.1328125,1.015625,-0.244140625,-0.33203125
6658,1.19140625,0.95703125,-0.205078125,-0.3125
6659,1.259765625,1.03515625,-0.1953125,-0.302734375
6660,1.2109375,0.986328125,-0.15625,-0.21484375
6661,1.26953125,1.044921875,-0.322265625,-0.263671875
6662,1.298828125,0.9765625,-0.17578125,-0.341796875
6663,1.19140625,0.986328125,-0.17578125,-0.263671875
6664,1.220703125,1.171875,-0.107421875,-0.263671875
6665,1.23046875,1.025390625,-0.234375,-0.25390625
6666,1.34765625,1.09375,-0.17578125,-0.2734375
6667,1.220703125,1.064453125,-0.146484375,-0.283203125
6668,1.181640625,1.07421875,-0.17578125,-0.244140625
6669,1.279296875,1.142578125,-0.17578125,-0.322265625
6670,1.171875,1.083984375,-0.107421875,-0.205078125
6671,1.201171875,1.064453125,-0.05859375,-0.205078125
6672,1.11328125,1.181640625,-0.13671875,-0.185546875
6673,1.07421875,0.9765625,-0.33203125,-0.29296875
6674,1.279296875,1.0546875,-0.322265625,-0.29296875
6675,1.11328125,1.1328125,-0.244140625,-0.234375
6676,1.15234375,1.142578125,-0.029296875,-0.263671875
6677,1.2109375,1.03515625,-0.13671875,-0.2734375
6678,1.23046875,1.0546875,-0.185546875,-0.21484375
6679,1.162109375,1.162109375,-0.224609375,-0.244140625
6680,1.2890625,1.142578125,-0.25390625,-0.234375
6681,1.181640625,1.025390625,-0.205078125,-0.37109375
6682,1.23046875,1.15234375,-0.205078125,-0.244140625
6683,1.142578125,1.09375,-0.126953125,-0.341796875
6684,1.328125,1.123046875,-0.1953125,-0.478515625
6685,1.220703125,1.103515625,-0.263671875,-0.234375
6686,1.220703125,1.103515625,-0.2734375,-0.283203125
6687,1.23046875,1.171875,-0.17578125,-0.3125
6688,1.328125,1.220703125,-0.1953125,-0.234375
6689,1.23046875,1.11328125,-0.166015625,-0.21484375
6690,1.1328125,1.083984375,-0.1953125,-0.263671875
6691,1.181640625,1.15234375,-0.13671875,-0.185546875
6692,1.171875,1.142578125,-0.244140625,-0.224609375
6693,1.2109375,1.1328125,-0.205078125,-0.283203125
6694,1.201171875,1.1328125,-0.244140625,-0.234375
6695,1.220703125,1.005859375,-0.205078125,-0.224609375
6696,1.19140625,1.11328125,-0.166015625,-0.234375
6697,1.1328125,1.0546875,-0.302734375,-0.21484375
6698,1.181640625,1.0546875,-0.2734375,-0.283203125
6699,1.123046875,1.09375,-0.224609375,-0.17578125
6700,1.279296875,1.123046875,-0.25390625,-0.302734375
6701,1.23046875,1.142578125,-0.185546875,-0.25390625
6702,1.30859375,1.123046875,-0.17578125,-0.17578125
6703,1.181640625,1.15234375,-0.21484375,-0.234375
6704,1.2109375,1.03515625,-0.224609375,-0.244140625
6705,1.15234375,1.044921875,-0.341796875,-0.46875
6706,1.376953125,1.171875,-0.166015625,-0.283203125
6707,1.220703125,1.07421875,-0.21484375,-0.224609375
6708,1.26953125,1.11328125,-0.185546875,-0.1953125
6709,1.240234375,1.26953125,-0.234375,-0.234375
6710,1.2109375,0.966796875,-0.0390625,-0.2734375
6711,1.171875,1.15234375,-0.146484375,-0.380859375
6712,1.123046875,1.03515625,-0.1953125,-0.25390625
6713,1.2109375,1.044921875,-0.341796875,-0.25390625
6714,1.240234375,1.15234375,-0.3125,-0.224609375
6715,1.0546875,0.95703125,-0.263671875,-0.2734375
6716,1.25,1.23046875,-0.283203125,-0.224609375
6717,1.083984375,1.142578125,-0.29296875,-0.01953125
6718,1.25,1.025390625,-0.302734375,-0.146484375
6719,1.19140625,0.99609375,-0.234375,-0.224609375
6720,1.2109375,1.11328125,-0.44921875,-0.185546875
6721,1.15234375,1.103515625,-0.2734375,-0.15625
6722,1.0546875,0.927734375,-0.166015625,-0.224609375
6723,1.23046875,1.142578125,-0.244140625,-0.185546875
6724,1.279296875,1.083984375,-0.205078125,-0.009765625
6725,1.23046875,1.015625,-0.341796875,-0.2734375
6726,1.11328125,1.07421875,-0.29296875,-0.29296875
6727,1.09375,1.0546875,-0.234375,-0.166015625
6728,1.171875,1.11328125,-0.263671875,-0.185546875
6729,1.03515625,1.015625,-0.244140625,-0.25390625
6730,1.318359375,1.15234375,-0.185546875,-0.224609375
6731,1.123046875,1.015625,-0.283203125,-0.234375
6732,1.103515625,1.064453125,-0.283203125,-0.234375
6733,1.220703125,1.09375,-0.15625,-0.185546875
6734,1.201171875,1.103515625,-0.1953125,-0.205078125
6735,1.2109375,1.201171875,-0.17578125,-0.107421875
6736,1.123046875,1.123046875,-0.29296875,-0.17578125
6737,1.103515625,1.103515625,-0.3125,-0.234375
6738,1.09375,1.044921875,-0.234375,-0.146484375
6739,1.19140625,1.1328125,-0.185546875,-0.390625
6740,1.171875,1.1328125,-0.1953125,-0.1953125
6741,1.103515625,1.11328125,-0.234375,-0.361328125
6742,1.11328125,1.123046875,-0.166015625,-0.13671875
6743,1.11328125,1.30859375,-0.146484375,-0.244140625
6744,1.220703125,1.2109375,-0.283203125,-0.25390625
6745,1.162109375,1.09375,-0.166015625,-0.17578125
6746,1.15234375,1.083984375,-0.146484375,-0.1953125
6747,1.181640625,1.07421875,-0.17578125,-0.2734375
6748,1.064453125,1.181640625,-0.263671875,-0.244140625
6749,1.171875,1.09375,-0.087890625,-0.1953125
6750,1.142578125,1.1328125,-0.2734375,-0.224609375
6751,1.123046875,1.142578125,-0.15625,-0.29296875
6752,1.03515625,1.2109375,-0.234375,-0.166015625
6753,1.123046875,1.201171875,-0.263671875,-0.15625
6754,1.23046875,1.123046875,-0.185546875,-0.17578125
6755,1.15234375,1.1328125,-0.048828125,-0.25390625
6756,1.1328125,1.19140625,-0.107421875,-0.224609375
6757,1.220703125,1.11328125,-0.205078125,-0.3515625
6758,1.240234375,1.162109375,-0.25390625,-0.263671875
6759,1.240234375,0.859375,-0.224609375,-0.13671875
6760,1.220703125,1.103515625,-0.21484375,-0.21484375
6761,1.103515625,1.07421875,-0.1953125,-0.234375
6762,1.171875,1.064453125,-0.05859375,-0.29296875
6763,1.2109375,1.142578125,-0.15625,-0.21484375
6764,1.162109375,1.044921875,-0.17578125,-0.224609375
6765,1.15234375,1.181640625,-0.1953125,-0.244140625
6766,1.201171875,1.123046875,-0.205078125,-0.25390625
6767,1.19140625,1.1328125,-0.166015625,-0.25390625
6768,1.1328125,1.123046875,-0.419921875,-0.1953125
6769,1.19140625,1.103515625,-0.21484375,0
6770,1.015625,1.025390625,-0.2734375,-0.21484375
6771,1.123046875,1.03515625,-0.185546875,-0.244140625
6772,1.279296875,1.09375,-0.3515625,-0.21484375
6773,1.11328125,1.162109375,-0.224609375,-0.263671875
6774,1.240234375,1.11328125,-0.21484375,-0.25390625
6775,1.40625,1.19140625,-0.25390625,-0.185546875
6776,1.337890625,1.171875,-0.283203125,-0.234375
6777,1.201171875,1.11328125,-0.400390625,-0.25390625
6778,1.15234375,1.181640625,-0.341796875,-0.29296875
6779,1.1328125,1.201171875,-0.25390625,-0.361328125
6780,1.171875,1.2890625,-0.2734375,-0.341796875
6781,1.201171875,1.171875,-0.380859375,-0.205078125
6782,1.201171875,1.19140625,-0.302734375,-0.185546875
6783,1.19140625,1.142578125,-0.25390625,-0.15625
6784,1.240234375,1.220703125,-0.0390625,-0.2734375
6785,1.044921875,1.103515625,-0.17578125,-0.244140625
6786,1.26953125,1.220703125,-0.17578125,-0.244140625
6787,1.259765625,1.162109375,-0.146484375,-0.146484375
6788,1.26953125,1.171875,-0.1953125,-0.234375
6789,1.19140625,1.142578125,-0.244140625,-0.17578125
6790,1.142578125,1.220703125,-0.1953125,-0.1953125
6791,1.240234375,1.201171875,-0.21484375,-0.3125
6792,1.181640625,1.162109375,-0.21484375,-0.263671875
6793,1.19140625,1.23046875,-0.21484375,-0.21484375
6794,1.26953125,1.23046875,-0.234375,-0.15625
6795,1.162109375,1.23046875,-0.15625,-0.263671875
6796,1.240234375,1.162109375,-0.13671875,-0.205078125
6797,1.30859375,1.181640625,-0.283203125,-0.205078125
6798,1.220703125,1.162109375,-0.322265625,-0.25390625
6799,1.25,1.2890625,-0.078125,-0.17578125
6800,1.142578125,1.19140625,-0.244140625,0
6801,1.240234375,1.38671875,-0.2734375,-0.244140625
6802,1.23046875,1.2109375,-0.244140625,-0.25390625
6803,1.2890625,1.2109375,-0.244140625,-0.380859375
6804,1.396484375,1.2109375,-0.13671875,-0.283203125
6805,1.25,1.15234375,-0.078125,-0.234375
6806,1.2109375,1.19140625,-0.234375,-0.3515625
6807,1.26953125,1.2890625,-0.21484375,-0.17578125
6808,1.26953125,1.123046875,-0.185546875,-0.205078125
6809,1.240234375,1.240234375,-0.2734375,-0.244140625
6810,1.2109375,1.064453125,-0.33203125,-0.29296875
6811,1.23046875,1.171875,-0.166015625,-0.390625
6812,1.19140625,1.201171875,-0.224609375,-0.13671875
6813,1.123046875,1.259765625,-0.29296875,-0.2734375
6814,1.171875,1.19140625,-0.302734375,-0.33203125
6815,1.03515625,1.19140625,-0.244140625,-0.234375
6816,1.25,1.1328125,-0.244140625,-0.25390625
6817,1.19140625,1.23046875,-0.25390625,-0.302734375
6818,1.19140625,1.25,-0.166015625,-0.234375
6819,1.064453125,1.40625,-0.21484375,-0.29296875
6820,1.1328125,1.279296875,-0.302734375,-0.29296875
6821,1.181640625,1.220703125,-0.21484375,-0.068359375
6822,1.279296875,1.142578125,-0.234375,-0.21484375
6823,1.171875,1.259765625,-0.185546875,-0.2734375
6824,1.15234375,1.279296875,-0.234375,-0.302734375
6825,1.171875,1.19140625,-0.263671875,-0.25390625
6826,1.171875,1.181640625,-0.2734375,-0.283203125
6827,1.064453125,1.19140625,-0.244140625,-0.21484375
6828,1.162109375,1.298828125,-0.234375,-0.283203125
6829,1.19140625,1.181640625,-0.244140625,-0.283203125
6830,1.298828125,1.171875,-0.244140625,-0.0390625
6831,1.23046875,1.19140625,-0.234375,-0.3125
6832,1.19140625,1.2890625,-0.205078125,-0.302734375
6833,1.1328125,1.240234375,-0.25390625,-0.37109375
6834,1.201171875,1.15234375,-0.21484375,-0.29296875
6835,1.15234375,1.171875,-0.1953125,-0.3125
6836,1.15234375,1.2109375,-0.146484375,-0.234375
6837,1.09375,1.30859375,-0.263671875,-0.29296875
6838,1.162109375,1.259765625,-0.3515625,-0.29296875
6839,1.23046875,1.201171875,-0.283203125,-0.283203125
6840,1.171875,1.162109375,-0.244140625,-0.263671875
6841,1.201171875,1.279296875,-0.29296875,-0.341796875
6842,1.15234375,1.23046875,-0.283203125,-0.1171875
6843,1.201171875,1.26953125,-0.283203125,-0.244140625
6844,1.1328125,1.279296875,-0.3515625,-0.244140625
6845,1.162109375,1.19140625,-0.3125,-0.224609375
6846,1.083984375,1.181640625,-0.263671875,-0.2734375
6847,1.1328125,1.1328125,-0.17578125,-0.234375
6848,1.181640625,1.240234375,-0.283203125,-0.224609375
6849,1.09375,1.181640625,-0.244140625,-0.322265625
6850,1.2109375,1.162109375,-0.15625,-0.1953125
6851,1.09375,1.220703125,-0.21484375,-0.41015625
6852,1.15234375,1.26953125,-0.21484375,-0.29296875
6853,1.23046875,1.171875,-0.322265625,-0.283203125
6854,1.1328125,1.181640625,-0.21484375,-0.1953125
6855,1.064453125,1.201171875,-0.166015625,-0.2734375
6856,1.11328125,1.181640625,-0.087890625,-0.33203125
6857,1.162109375,1.171875,-0.341796875,-0.25390625
6858,1.15234375,1.171875,-0.263671875,-0.5078125
6859,1.25,1.09375,-0.224609375,-0.244140625
6860,1.1328125,1.015625,-0.263671875,-0.302734375
6861,1.064453125,1.171875,-0.185546875,-0.205078125
6862,1.220703125,1.19140625,-0.380859375,-0.283203125
6863,1.25,1.23046875,-0.380859375,-0.322265625
6864,1.083984375,1.162109375,-0.29296875,-0.361328125
6865,1.19140625,1.42578125,-0.15625,-0.322265625
6866,1.220703125,1.23046875,-0.166015625,-0.37109375
6867,1.201171875,1.162109375,-0.224609375,-0.361328125
6868,1.171875,1.123046875,-0.25390625,-0.224609375
6869,1.11328125,1.07421875,-0.263671875,-0.341796875
6870,1.142578125,1.201171875,-0.244140625,-0.37109375
6871,1.318359375,1.15234375,-0.205078125,-0.263671875
6872,1.240234375,1.23046875,-0.17578125,-0.25390625
6873,1.23046875,1.240234375,-0.263671875,-0.25390625
6874,1.240234375,1.26953125,-0.302734375,-0.283203125
6875,1.240234375,1.25,-0.224609375,-0.263671875
6876,1.298828125,1.240234375,-0.3515625,-0.234375
6877,1.19140625,1.318359375,-0.185546875,-0.29296875
6878,1.26953125,1.240234375,-0.302734375,-0.283203125
6879,1.34765625,1.19140625,-0.224609375,-0.380859375
6880,1.298828125,1.298828125,-0.185546875,-0.29296875
6881,1.25,1.279296875,-0.33203125,-0.263671875
6882,1.142578125,1.23046875,-0.17578125,-0.400390625
6883,1.171875,1.162109375,-0.15625,-0.29296875
6884,1.30859375,1.259765625,-0.3125,-0.302734375
6885,1.298828125,1.23046875,-0.1953125,-0.166015625
6886,1.3671875,1.201171875,-0.224609375,-0.3125
6887,1.318359375,1.09375,-0.1953125,-0.302734375
6888,1.40625,1.19140625,-0.13671875,-0.37109375
6889,1.30859375,1.328125,-0.234375,-0.3125
6890,1.26953125,1.240234375,-0.2734375,-0.29296875
6891,1.259765625,1.220703125,-0.126953125,-0.3515625
6892,1.34765625,1.2890625,-0.1953125,-0.3125
6893,1.318359375,1.15234375,-0.2734375,-0.341796875
6894,1.30859375,1.1328125,-0.1953125,-0.322265625
6895,1.298828125,1.2890625,-0.29296875,-0.3125
6896,1.240234375,1.201171875,-0.15625,-0.283203125
6897,1.298828125,1.201171875,-0.244140625,-0.234375
6898,1.259765625,1.162109375,-0.21484375,-0.283203125
6899,1.240234375,1.123046875,-0.3515625,-0.361328125
6900,1.318359375,1.279296875,-0.1953125,-0.263671875
6901,1.171875,1.279296875,-0.1953125,-0.224609375
6902,1.220703125,1.11328125,-0.048828125,-0.33203125
6903,1.220703125,1.23046875,-0.234375,-0.341796875
6904,1.240234375,0.986328125,-0.25390625,-0.37109375
6905,1.19140625,1.19140625,-0.13671875,-0.37109375
6906,1.259765625,1.201171875,-0.205078125,-0.33203125
6907,1.19140625,1.19140625,-0.263671875,-0.3515625
6908,1.240234375,1.337890625,-0.517578125,-0.361328125
6909,1.162109375,1.09375,-0.17578125,-0.400390625
6910,1.416015625,1.2109375,-0.29296875,-0.302734375
6911,1.23046875,1.15234375,-0.166015625,-0.37109375
6912,1.279296875,1.220703125,-0.244140625,-0.244140625
6913,1.38671875,1.318359375,-0.244140625,-0.439453125
6914,1.26953125,1.1328125,-0.322265625,-0.361328125
6915,1.240234375,1.337890625,-0.37109375,-0.44921875
6916,1.26953125,1.259765625,-0.21484375,-0.439453125
6917,1.318359375,1.26953125,-0.341796875,-0.37109375
6918,1.26953125,1.259765625,-0.2734375,-0.283203125
6919,1.337890625,1.23046875,-0.224609375,-0.33203125
6920,1.396484375,1.083984375,-0.341796875,-0.400390625
6921,1.376953125,1.259765625,-0.166015625,-0.33203125
6922,1.42578125,1.171875,-0.244140625,-0.37109375
6923,1.328125,1.279296875,-0.126953125,-0.4296875
6924,1.298828125,1.220703125,-0.107421875,-0.283203125
6925,1.30859375,1.220703125,-0.224609375,-0.302734375
6926,1.2890625,1.26953125,-0.15625,-0.41015625
6927,1.25,1.328125,-0.21484375,-0.302734375
6928,1.240234375,1.15234375,-0.205078125,-0.458984375
6929,1.123046875,1.201171875,-0.25390625,-0.29296875
6930,1.201171875,1.23046875,-0.33203125,-0.322265625
6931,1.19140625,1.1328125,-0.2734375,-0.341796875
6932,1.23046875,1.162109375,-0.341796875,-0.3515625
6933,1.220703125,1.103515625,-0.21484375,-0.2734375
6934,1.103515625,1.19140625,-0.302734375,-0.185546875
6935,1.259765625,1.19140625,-0.302734375,-0.234375
6936,1.240234375,1.09375,-0.17578125,-0.302734375
6937,1.2109375,1.181640625,-0.234375,-0.29296875
6938,1.2109375,1.044921875,-0.21484375,-0.302734375
6939,1.220703125,1.201171875,-0.29296875,-0.33203125
6940,1.26953125,1.171875,-0.283203125,-0.4296875
6941,1.162109375,1.1328125,-0.244140625,-0.390625
6942,1.1328125,1.34765625,-0.1953125,-0.478515625
6943,1.259765625,1.1328125,-0.244140625,-0.283203125
6944,1.162109375,1.025390625,-0.224609375,-0.37109375
6945,1.181640625,1.044921875,-0.263671875,-0.302734375
6946,1.162109375,1.123046875,-0.205078125,-0.302734375
6947,1.298828125,0.966796875,-0.244140625,-0.3125
6948,1.30859375,1.123046875,-0.2734375,-0.33203125
6949,1.181640625,1.15234375,-0.283203125,-0.419921875
6950,1.142578125,1.103515625,-0.25390625,-0.419921875
6951,1.23046875,1.181640625,-0.2734375,-0.380859375
6952,1.11328125,1.142578125,-0.17578125,-0.322265625
6953,1.123046875,1.15234375,-0.224609375,-0.439453125
6954,1.25,0.95703125,-0.244140625,-0.400390625
6955,1.2109375,1.201171875,-0.234375,-0.361328125
6956,1.318359375,1.03515625,-0.244140625,-0.3515625
6957,1.23046875,1.15234375,-0.283203125,-0.33203125
6958,1.298828125,1.162109375,-0.205078125,-0.41015625
6959,1.083984375,1.2109375,-0.234375,-0.400390625
6960,1.23046875,1.064453125,-0.234375,-0.390625
6961,1.298828125,1.181640625,-0.13671875,-0.634765625
6962,1.220703125,1.162109375,-0.224609375,-0.380859375
6963,1.09375,1.201171875,-0.439453125,-0.478515625
6964,1.171875,1.201171875,-0.33203125,-0.2734375
6965,1.19140625,1.201171875,-0.25390625,-0.33203125
6966,1.123046875,1.171875,-0.224609375,-0.361328125
6967,1.15234375,1.201171875,-0.322265625,-0.439453125
6968,1.09375,1.201171875,-0.25390625,-0.41015625
6969,1.103515625,1.083984375,-0.244140625,-0.25390625
6970,1.201171875,1.201171875,-0.126953125,-0.419921875
6971,1.07421875,1.34765625,-0.25390625,-0.478515625
6972,1.2109375,1.2109375,-0.1171875,-0.361328125
6973,1.162109375,1.25,-0.302734375,-0.283203125
6974,1.171875,1.220703125,-0.224609375,-0.2734375
6975,1.19140625,1.2109375,-0.205078125,-0.37109375
6976,1.19140625,1.2109375,-0.283203125,-0.322265625
6977,1.064453125,1.201171875,-0.224609375,-0.2734375
6978,1.083984375,1.15234375,-0.322265625,-0.41015625
6979,1.181640625,1.201171875,-0.09765625,-0.341796875
6980,1.11328125,1.259765625,-0.234375,-0.4296875
6981,1.181640625,1.298828125,-0.17578125,-0.3515625
6982,1.259765625,1.1328125,-0.283203125,-0.341796875
6983,1.259765625,1.23046875,-0.283203125,-0.498046875
6984,1.259765625,1.162109375,-0.244140625,-0.400390625
6985,1.25,1.181640625,-0.341796875,-0.478515625
6986,1.220703125,1.201171875,-0.244140625,-0.498046875
6987,1.26953125,1.201171875,-0.2734375,-0.41015625
6988,1.220703125,1.083984375,-0.205078125,-0.439453125
6989,1.25,1.19140625,-0.2734375,-0.234375
6990,1.357421875,0.966796875,-0.244140625,-0.361328125
6991,1.279296875,1.123046875,-0.263671875,-0.37109375
6992,1.30859375,1.123046875,-0.25390625,-0.517578125
6993,1.142578125,1.1328125,-0.33203125,-0.4296875
6994,1.142578125,1.23046875,-0.478515625,-0.419921875
6995,1.181640625,1.19140625,-0.224609375,-0.3515625
6996,1.42578125,1.162109375,-0.341796875,-0.33203125
6997,1.181640625,1.337890625,-0.13671875,-0.37109375
6998,1.279296875,1.09375,-0.126953125,-0.56640625
6999,1.34765625,1.11328125,-0.244140625,-0.419921875
7000,1.318359375,0.986328125,-0.2734375,-0.302734375
7001,1.240234375,1.083984375,-0.234375,-0.380859375
7002,1.162109375,1.09375,-0.224609375,-0.361328125
7003,1.25,1.2109375,-0.29296875,-0.400390625
7004,1.30859375,1.083984375,-0.224609375,-0.283203125
7005,1.279296875,0.99609375,-0.205078125,-0.361328125
7006,1.259765625,1.064453125,-0.1953125,-0.380859375
7007,1.30859375,1.083984375,-0.1953125,-0.439453125
7008,1.2109375,1.1328125,-0.21484375,-0.29296875
7009,1.15234375,1.07421875,-0.234375,-0.390625
7010,1.23046875,1.123046875,-0.15625,-0.322265625
7011,1.298828125,1.1328125,-0.283203125,-0.29296875
7012,1.220703125,1.23046875,-0.263671875,-0.25390625
7013,1.171875,1.03515625,-0.1953125,-0.283203125
7014,1.240234375,1.09375,-0.185546875,-0.380859375
7015,1.26953125,1.025390625,-0.126953125,-0.3515625
7016,1.25,1.0546875,-0.244140625,-0.41015625
7017,1.171875,1.2890625,-0.234375,-0.390625
7018,1.2109375,1.025390625,-0.205078125,-0.361328125
7019,1.201171875,1.025390625,-0.25390625,-0.361328125
7020,1.298828125,1.103515625,-0.185546875,-0.361328125
7021,1.23046875,0.986328125,-0.33203125,-0.33203125
7022,1.171875,1.015625,-0.146484375,-0.341796875
7023,1.259765625,1.0546875,-0.17578125,-0.2734375
7024,1.26953125,1.103515625,-0.009765625,-0.263671875
7025,1.19140625,1.09375,-0.126953125,-0.21484375
7026,1.259765625,1.025390625,-0.107421875,-0.17578125
7027,1.30859375,1.171875,-0.25390625,-0.3125
7028,1.162109375,1.03515625,-0.146484375,-0.25390625
7029,1.34765625,1.240234375,-0.1953125,-0.419921875
7030,1.162109375,0.9375,-0.185546875,-0.361328125
7031,1.2109375,1.044921875,-0.322265625,-0.37109375
7032,1.23046875,1.19140625,-0.2734375,-0.3515625
7033,1.2890625,1.0546875,-0.29296875,-0.283203125
7034,1.19140625,1.083984375,-0.283203125,-0.166015625
7035,1.181640625,1.044921875,-0.341796875,-0.3125
7036,1.220703125,1.03515625,-0.283203125,-0.1953125
7037,1.2109375,1.0546875,-0.263671875,-0.21484375
7038,1.1328125,1.064453125,-0.244140625,-0.3125
7039,1.123046875,1.064453125,-0.263671875,-0.3125
7040,1.25,0.99609375,-0.302734375,-0.283203125
7041,1.23046875,0.9765625,-0.25390625,-0.283203125
7042,1.279296875,0.966796875,-0.322265625,-0.361328125
7043,1.318359375,1.064453125,-0.263671875,-0.263671875
7044,1.23046875,1.005859375,-0.2734375,-0.17578125
7045,1.19140625,1.123046875,-0.390625,-0.17578125
7046,1.2109375,1.025390625,-0.166015625,-0.400390625
7047,1.1328125,0.99609375,-0.2734375,-0.302734375
7048,1.19140625,0.966796875,-0.224609375,-0.33203125
7049,1.19140625,0.966796875,-0.234375,-0.244140625
7050,1.25,0.966796875,-0.322265625,-0.3125
7051,1.142578125,1.09375,-0.25390625,-0.283203125
7052,1.2109375,0.927734375,-0.21484375,-0.3125
7053,1.220703125,1.005859375,-0.263671875,-0.3515625
7054,1.162109375,0.947265625,-0.244140625,-0.33203125
7055,1.15234375,1.015625,-0.126953125,-0.341796875
7056,1.220703125,1.025390625,-0.2734375,-0.48828125
7057,1.162109375,1.03515625,-0.3125,-0.283203125
7058,1.162109375,1.044921875,-0.1171875,-0.37109375
7059,1.181640625,1.005859375,-0.25390625,-0.361328125
7060,1.064453125,1.123046875,-0.29296875,-0.283203125
7061,1.19140625,1.0546875,-0.234375,-0.37109375
7062,1.09375,1.025390625,-0.2734375,-0.185546875
7063,1.171875,1.103515625,-0.244140625,-0.2734375
7064,1.15234375,1.083984375,-0.2734375,-0.341796875
7065,1.123046875,0.986328125,-0.17578125,-0.29296875
7066,1.181640625,1.005859375,-0.2734375,-0.361328125
7067,1.2109375,0.849609375,-0.390625,-0.322265625
7068,1.171875,1.064453125,-0.283203125,-0.302734375
7069,1.171875,1.162109375,-0.263671875,-0.302734375
7070,1.201171875,1.025390625,-0.205078125,-0.322265625
7071,1.220703125,1.064453125,-0.205078125,-0.166015625
7072,1.30859375,1.142578125,-0.2734375,-0.361328125
7073,1.201171875,1.083984375,-0.13671875,-0.3125
7074,1.03515625,1.005859375,-0.17578125,-0.33203125
7075,1.19140625,1.1328125,-0.1953125,-0.33203125
7076,1.26953125,1.142578125,-0.25390625,-0.33203125
7077,1.259765625,1.083984375,-0.205078125,-0.263671875
7078,1.103515625,1.044921875,-0.244140625,-0.3125
7079,1.142578125,0.9765625,-0.1953125,-0.283203125
7080,1.201171875,1.025390625,-0.3125,-0.37109375
7081,1.19140625,1.123046875,-0.234375,-0.25390625
7082,1.201171875,1.0546875,-0.263671875,-0.234375
7083,1.15234375,1.07421875,-0.126953125,-0.009765625
7084,1.103515625,1.044921875,-0.283203125,-0.341796875
7085,1.259765625,1.015625,-0.3125,-0.302734375
7086,1.19140625,1.005859375,-0.25390625,-0.126953125
7087,1.26953125,1.015625,-0.1953125,-0.283203125
7088,1.220703125,1.142578125,-0.146484375,-0.283203125
7089,1.201171875,1.03515625,-0.17578125,-0.1953125
7090,1.142578125,1.09375,-0.234375,-0.25390625
7091,1.201171875,1.025390625,-0.2734375,-0.2734375
7092,1.220703125,1.07421875,-0.3515625,-0.21484375
7093,1.357421875,1.09375,-0.224609375,-0.29296875
7094,1.19140625,1.09375,-0.15625,-0.224609375
7095,1.181640625,1.123046875,-0.0390625,-0.244140625
7096,1.220703125,1.005859375,-0.244140625,-0.126953125
7097,1.240234375,1.103515625,-0.17578125,-0.224609375
7098,1.23046875,1.123046875,-0.078125,-0.05859375
7099,1.25,1.083984375,-0.15625,-0.283203125
7100,1.171875,0.99609375,-0.185546875,-0.234375
7101,1.23046875,1.0546875,-0.1953125,-0.3515625
7102,1.2109375,1.07421875,-0.21484375,-0.302734375
7103,1.19140625,0.76171875,-0.283203125,-0.25390625
7104,1.25,1.083984375,-0.21484375,-0.224609375
7105,1.1328125,1.0546875,-0.166015625,-0.234375
7106,1.15234375,1.11328125,-0.029296875,-0.322265625
7107,1.220703125,1.0546875,-0.078125,-0.1953125
7108,1.123046875,1.044921875,-0.224609375,-0.390625
7109,1.171875,1.005859375,-0.224609375,-0.234375
7110,1.259765625,1.142578125,-0.25390625,-0.244140625
7111,1.259765625,1.07421875,-0.244140625,-0.37109375
7112,1.25,1.103515625,-0.13671875,-0.322265625
7113,1.220703125,1.162109375,-0.2734375,-0.283203125
7114,1.025390625,1.07421875,-0.17578125,-0.25390625
7115,1.171875,0.99609375,-0.224609375,-0.302734375
7116,1.220703125,1.0546875,-0.146484375,-0.224609375
7117,1.220703125,1.044921875,-0.185546875,-0.244140625
7118,1.23046875,1.07421875,-0.078125,-0.302734375
7119,1.220703125,1.103515625,-0.244140625,-0.224609375
7120,1.123046875,1.064453125,-0.185546875,-0.126953125
7121,1.171875,1.171875,-0.263671875,-0.21484375
7122,1.162109375,1.1328125,-0.17578125,-0.3125
7123,1.171875,1.103515625,-0.21484375,-0.205078125
7124,1.259765625,1.11328125,-0.146484375,-0.25390625
7125,1.123046875,1.1328125,-0.1953125,-0.205078125
7126,1.1328125,1.15234375,-0.224609375,-0.224609375
7127,1.09375,1.083984375,-0.185546875,-0.2734375
7128,1.19140625,1.0546875,-0.166015625,-0.1953125
7129,1.201171875,1.123046875,-0.283203125,-0.2734375
7130,1.201171875,0.908203125,-0.234375,-0.263671875
7131,1.19140625,1.083984375,-0.322265625,-0.234375
7132,1.2109375,1.083984375,-0.244140625,-0.29296875
7133,1.09375,1.083984375,-0.224609375,-0.234375
7134,1.19140625,1.083984375,-0.205078125,-0.21484375
7135,1.171875,1.09375,-0.234375,-0.33203125
7136,1.3671875,1.0546875,-0.224609375,-0.263671875
7137,1.181640625,1.07421875,-0.302734375,-0.25390625
7138,1.357421875,1.015625,-0.13671875,-0.302734375
7139,1.181640625,1.123046875,-0.21484375,-0.234375
7140,1.162109375,1.03515625,-0.3515625,-0.244140625
7141,1.19140625,1.1328125,-0.2734375,-0.087890625
7142,1.11328125,1.044921875,-0.244140625,-0.234375
7143,1.259765625,0.99609375,-0.224609375,-0.3125
7144,1.11328125,1.162109375,-0.33203125,-0.17578125
7145,1.142578125,1.15234375,-0.29296875,-0.25390625
7146,1.15234375,1.142578125,-0.25390625,-0.234375
7147,1.142578125,1.142578125,-0.283203125,-0.224609375
7148,1.19140625,1.1328125,-0.21484375,-0.234375
7149,1.23046875,1.1328125,-0.33203125,-0.37109375
7150,1.201171875,1.142578125,-0.205078125,-0.29296875
7151,1.142578125,1.19140625,-0.244140625,-0.087890625
7152,1.162109375,1.123046875,-0.341796875,-0.322265625
7153,1.171875,1.11328125,-0.224609375,-0.126953125
7154,1.19140625,1.19140625,-0.322265625,-0.0390625
7155,1.1328125,1.162109375,-0.33203125,-0.341796875
7156,1.123046875,1.083984375,-0.224609375,-0.17578125
7157,1.181640625,1.07421875,-0.25390625,-0.126953125
7158,1.171875,1.103515625,-0.17578125,-0.283203125
7159,1.201171875,1.044921875,-0.234375,-0.224609375
7160,1.279296875,1.162109375,-0.224609375,-0.234375
7161,1.083984375,1.19140625,-0.15625,-0.25390625
7162,1.201171875,1.11328125,-0.166015625,-0.283203125
7163,1.220703125,1.142578125,-0.21484375,-0.1171875
7164,1.171875,1.220703125,-0.185546875,-0.1953125
7165,1.220703125,1.083984375,-0.244140625,-0.224609375
7166,1.2109375,1.171875,-0.224609375,-0.1171875
7167,1.2890625,0.966796875,-0.244140625,-0.234375
7168,1.2109375,1.083984375,-0.283203125,-0.185546875
7169,1.123046875,1.083984375,-0.25390625,-0.25390625
7170,1.220703125,0.966796875,-0.224609375,-0.146484375
7171,1.19140625,1.005859375,-0.21484375,-0.1953125
7172,1.19140625,1.123046875,-0.15625,-0.29296875
7173,1.19140625,1.103515625,-0.2734375,-0.17578125
7174,1.171875,1.11328125,-0.15625,-0.1953125
7175,1.25,1.1328125,-0.17578125,-0.25390625
7176,1.181640625,1.0546875,-0.1171875,-0.234375
7177,1.142578125,1.025390625,-0.17578125,-0.21484375
7178,1.19140625,1.103515625,-0.166015625,-0.400390625
7179,1.171875,1.171875,-0.205078125,-0.224609375
7180,1.2109375,1.259765625,-0.126953125,-0.1953125
7181,1.103515625,1.142578125,-0.205078125,-0.21484375
7182,1.15234375,0.8203125,-0.17578125,-0.322265625
7183,1.15234375,0.9765625,-0.087890625,-0.234375
7184,1.1328125,1.162109375,-0.13671875,-0.009765625
7185,1.2890625,1.220703125,-0.17578125,-0.302734375
7186,1.15234375,1.123046875,-0.17578125,-0.09765625
7187,1.19140625,1.162109375,-0.15625,-0.01953125
7188,1.11328125,1.1328125,-0.15625,-0.25390625
7189,1.240234375,1.2890625,-0.205078125,-0.2734375
7190,1.171875,1.19140625,-0.185546875,-0.283203125
7191,1.025390625,1.11328125,-0.17578125,-0.224609375
7192,1.1328125,1.201171875,-0.166015625,-0.21484375
7193,1.0546875,1.19140625,-0.21484375,-0.205078125
7194,1.357421875,1.11328125,-0.185546875,-0.185546875
7195,1.162109375,1.07421875,-0.1953125,-0.234375
7196,1.09375,1.15234375,-0.166015625,-0.283203125
7197,1.162109375,1.25,-0.1953125,-0.224609375
7198,1.23046875,1.171875,-0.234375,-0.21484375
7199,1.181640625,1.171875,-0.2734375,-0.33203125
7200,1.162109375,1.19140625,-0.15625,-0.263671875
7201,1.15234375,1.201171875,-0.29296875,-0.166015625
7202,1.201171875,1.181640625,-0.29296875,-0.09765625
7203,1.298828125,1.181640625,-0.234375,-0.1953125
7204,1.2890625,1.240234375,-0.21484375,-0.0390625
7205,1.26953125,1.2109375,-0.244140625,-0.25390625
7206,1.328125,1.1328125,-0.283203125,-0.166015625
7207,1.171875,1.2890625,-0.146484375,-0.244140625
7208,1.26953125,1.181640625,-0.185546875,-0.05859375
7209,1.240234375,1.162109375,-0.224609375,-0.1171875
7210,1.240234375,1.2890625,-0.263671875,-0.21484375
7211,1.259765625,1.1328125,-0.1953125,-0.33203125
7212,1.142578125,1.2109375,-0.224609375,-0.37109375
7213,1.298828125,1.103515625,-0.1171875,-0.1953125
7214,1.123046875,1.11328125,-0.146484375,-0.234375
7215,1.2109375,1.11328125,-0.283203125,-0.205078125
7216,1.279296875,1.2890625,-0.126953125,-0.126953125
7217,1.220703125,1.103515625,-0.166015625,-0.21484375
7218,1.259765625,1.123046875,-0.21484375,-0.302734375
7219,1.142578125,1.1328125,-0.205078125,-0.205078125
7220,1.298828125,1.2109375,-0.087890625,-0.263671875
7221,1.23046875,1.11328125,-0.15625,-0.078125
7222,1.19140625,1.162109375,-0.15625,-0.244140625
7223,1.2109375,1.259765625,-0.29296875,-0.25390625
7224,1.240234375,1.19140625,-0.185546875,-0.17578125
7225,1.23046875,1.11328125,-0.166015625,-0.244140625
7226,1.201171875,1.162109375,-0.244140625,-0.244140625
7227,1.30859375,1.15234375,-0.205078125,-0.2734375
7228,1.220703125,1.123046875,-0.146484375,-0.244140625
7229,1.23046875,1.142578125,-0.29296875,-0.244140625
7230,1.259765625,1.23046875,-0.234375,-0.244140625
7231,1.30859375,1.40625,-0.234375,-0.29296875
7232,1.2890625,1.396484375,-0.1953125,-0.1953125
7233,1.201171875,1.171875,-0.166015625,-0.029296875
7234,1.201171875,1.19140625,-0.126953125,-0.283203125
7235,1.23046875,1.240234375,-0.224609375,-0.283203125
7236,1.2890625,1.181640625,-0.3515625,-0.29296875
7237,1.259765625,1.044921875,-0.263671875,-0.205078125
7238,1.220703125,1.23046875,-0.2734375,-0.21484375
7239,1.23046875,1.15234375,-0.234375,-0.29296875
7240,1.083984375,1.09375,-0.205078125,-0.25390625
7241,1.220703125,1.123046875,-0.1171875,-0.1953125
7242,1.26953125,1.171875,-0.234375,-0.029296875
7243,1.220703125,1.220703125,-0.244140625,-0.224609375
7244,1.23046875,1.162109375,-0.126953125,-0.244140625
7245,1.23046875,1.181640625,-0.185546875,-0.302734375
7246,1.23046875,1.171875,-0.21484375,-0.205078125
7247,1.19140625,0.95703125,-0.1953125,-0.234375
7248,1.11328125,1.201171875,-0.17578125,-0.244140625
7249,1.19140625,1.23046875,-0.166015625,-0.1953125
7250,1.2109375,1.19140625,-0.224609375,-0.244140625
7251,1.15234375,1.181640625,-0.25390625,-0.166015625
7252,1.142578125,1.23046875,-0.283203125,-0.244140625
7253,1.279296875,1.201171875,-0.283203125,-0.21484375
7254,1.162109375,1.259765625,-0.09765625,-0.1953125
7255,1.19140625,1.240234375,-0.234375,-0.21484375
7256,1.298828125,1.19140625,-0.2734375,-0.166015625
7257,1.162109375,1.142578125,-0.15625,-0.21484375
7258,1.26953125,1.064453125,-0.17578125,-0.205078125
7259,1.2109375,1.2109375,-0.205078125,-0.224609375
7260,1.162109375,1.357421875,-0.224609375,-0.478515625
7261,1.23046875,1.220703125,-0.205078125,-0.41015625
7262,1.2109375,1.171875,-0.37109375,-0.29296875
7263,1.19140625,1.23046875,-0.2734375,-0.21484375
7264,1.171875,1.2109375,-0.25390625,-0.478515625
7265,1.220703125,1.259765625,-0.224609375,-0.2734375
7266,1.220703125,1.11328125,-0.419921875,-0.25390625
7267,1.2890625,1.220703125,-0.283203125,-0.302734375
7268,1.279296875,1.15234375,-0.146484375,-0.29296875
7269,1.279296875,1.2109375,-0.224609375,-0.25390625
7270,1.123046875,1.201171875,-0.244140625,-0.3125
7271,1.240234375,1.181640625,-0.380859375,-0.3125
7272,1.181640625,1.142578125,-0.234375,-0.107421875
7273,1.15234375,1.2890625,-0.234375,-0.400390625
7274,1.1328125,1.19140625,-0.21484375,-0.2734375
7275,1.1328125,1.19140625,-0.185546875,-0.263671875
7276,1.181640625,1.142578125,-0.3125,-0.419921875
7277,1.240234375,1.15234375,-0.2734375,-0.302734375
7278,1.298828125,1.220703125,-0.361328125,-0.126953125
7279,1.07421875,1.19140625,-0.283203125,-0.205078125
7280,1.15234375,1.240234375,-0.21484375,-0.29296875
7281,1.25,1.103515625,-0.25390625,-0.126953125
7282,1.23046875,1.19140625,-0.322265625,-0.048828125
7283,1.298828125,1.15234375,-0.3515625,-0.234375
7284,1.201171875,1.11328125,-0.205078125,-0.263671875
7285,1.162109375,1.2109375,-0.224609375,-0.1171875
7286,1.259765625,1.2109375,-0.361328125,-0.302734375
7287,1.2109375,1.201171875,-0.283203125,-0.380859375
7288,1.201171875,1.181640625,-0.234375,-0.3125
7289,1.19140625,1.123046875,-0.185546875,-0.33203125
7290,1.201171875,1.15234375,-0.25390625,-0.33203125
7291,1.298828125,1.19140625,-0.234375,-0.52734375
7292,1.171875,1.298828125,-0.25390625,-0.29296875
7293,1.19140625,1.142578125,-0.234375,-0.302734375
7294,1.2109375,1.19140625,-0.244140625,-0.224609375
7295,1.279296875,1.2109375,-0.1953125,-0.302734375
7296,1.201171875,1.2109375,-0.1171875,-0.380859375
7297,1.25,1.171875,-0.205078125,-0.283203125
7298,1.220703125,1.298828125,-0.224609375,-0.33203125
7299,1.142578125,1.11328125,-0.41015625,-0.3515625
7300,1.181640625,1.123046875,-0.29296875,-0.46875
7301,1.23046875,1.201171875,-0.283203125,-0.302734375
7302,1.240234375,1.220703125,-0.29296875,-0.3515625
7303,1.25,1.142578125,-0.185546875,-0.322265625
7304,1.259765625,1.171875,-0.263671875,-0.33203125
7305,1.23046875,1.279296875,-0.205078125,-0.3125
7306,1.19140625,1.279296875,-0.234375,-0.2734375
7307,1.240234375,1.279296875,-0.15625,-0.302734375
7308,1.279296875,1.26953125,-0.29296875,-0.41015625
7309,1.220703125,1.25,-0.33203125,-0.41015625
7310,1.25,1.26953125,-0.21484375,-0.33203125
7311,1.259765625,1.318359375,-0.13671875,-0.322265625
7312,1.337890625,1.25,-0.1953125,-0.3125
7313,1.1328125,1.03515625,-0.078125,-0.400390625
7314,1.2109375,1.328125,-0.205078125,-0.341796875
7315,1.26953125,1.279296875,-0.166015625,-0.263671875
7316,1.3671875,1.19140625,-0.234375,-0.29296875
7317,1.298828125,1.220703125,-0.244140625,-0.3125
7318,1.318359375,1.259765625,-0.205078125,-0.244140625
7319,1.337890625,1.2890625,-0.25390625,-0.2734375
7320,1.30859375,1.318359375,-0.244140625,-0.283203125
7321,1.34765625,1.26953125,-0.283203125,-0.3125
7322,1.25,1.26953125,-0.263671875,-0.283203125
7323,1.318359375,1.279296875,-0.224609375,-0.25390625
7324,1.26953125,1.2109375,-0.21484375,-0.283203125
7325,1.171875,1.240234375,-0.244140625,-0.29296875
7326,1.23046875,1.26953125,-0.1953125,-0.2734375
7327,1.3671875,1.298828125,-0.224609375,-0.41015625
7328,1.25,1.2890625,-0.234375,-0.37109375
7329,1.2109375,1.279296875,-0.302734375,-0.263671875
7330,1.2109375,1.30859375,-0.33203125,-0.1953125
7331,1.240234375,1.298828125,-0.244140625,-0.33203125
7332,1.40625,1.357421875,-0.21484375,-0.380859375
7333,1.298828125,1.298828125,-0.224609375,-0.3125
7334,1.337890625,1.298828125,-0.29296875,-0.341796875
7335,1.23046875,1.2109375,-0.400390625,-0.322265625
7336,1.2109375,1.2890625,-0.302734375,-0.25390625
7337,1.279296875,1.30859375,-0.234375,-0.146484375
7338,1.328125,1.220703125,-0.224609375,-0.3515625
7339,1.220703125,1.26953125,-0.283203125,-0.322265625
7340,1.220703125,1.328125,-0.244140625,-0.4296875
7341,1.318359375,1.201171875,-0.302734375,-0.41015625
7342,1.30859375,1.357421875,-0.390625,-0.380859375
7343,1.240234375,1.259765625,-0.302734375,-0.517578125
7344,1.34765625,1.25,-0.302734375,-0.302734375
7345,1.279296875,1.15234375,-0.263671875,-0.2734375
7346,1.240234375,1.25,-0.25390625,-0.37109375
7347,1.2890625,1.259765625,-0.361328125,-0.263671875
7348,1.30859375,1.171875,-0.244140625,-0.3515625
7349,1.328125,1.259765625,-0.25390625,-0.3515625
7350,1.3671875,1.25,-0.25390625,-0.41015625
7351,1.318359375,1.279296875,-0.283203125,-0.361328125
7352,1.2890625,1.181640625,-0.224609375,-0.4296875
7353,1.259765625,1.220703125,-0.25390625,-0.37109375
7354,1.357421875,1.220703125,-0.15625,-0.2734375
7355,1.279296875,1.171875,-0.2734375,-0.21484375
7356,1.240234375,1.11328125,-0.2734375,-0.3515625
7357,1.279296875,1.240234375,-0.185546875,-0.3125
7358,1.26953125,1.201171875,-0.234375,-0.361328125
7359,1.2890625,1.201171875,-0.29296875,-0.322265625
7360,1.279296875,1.044921875,-0.33203125,-0.37109375
7361,1.259765625,1.25,-0.263671875,-0.21484375
7362,1.171875,1.171875,-0.283203125,-0.302734375
7363,1.23046875,1.19140625,-0.2734375,-0.3125
7364,1.171875,1.181640625,-0.25390625,-0.13671875
7365,1.220703125,1.103515625,-0.29296875,-0.322265625
7366,1.26953125,1.201171875,-0.29296875,-0.361328125
7367,1.3671875,1.162109375,-0.2734375,-0.419921875
7368,1.298828125,1.09375,-0.244140625,-0.341796875
7369,1.220703125,1.142578125,-0.25390625,-0.322265625
7370,1.07421875,1.142578125,-0.205078125,-0.185546875
7371,1.15234375,1.25,-0.263671875,-0.068359375
7372,1.19140625,1.240234375,-0.205078125,-0.390625
7373,1.07421875,1.220703125,-0.29296875,-0.458984375
7374,1.23046875,1.19140625,-0.15625,-0.322265625
7375,1.23046875,1.064453125,-0.37109375,-0.400390625
7376,1.19140625,1.15234375,-0.283203125,-0.439453125
7377,1.15234375,1.162109375,-0.25390625,-0.341796875
7378,1.181640625,1.30859375,-0.224609375,-0.419921875
7379,1.181640625,1.162109375,-0.3125,-0.224609375
7380,1.1328125,1.09375,-0.283203125,-0.322265625
7381,1.142578125,1.34765625,-0.3515625,-0.37109375
7382,1.044921875,1.103515625,-0.48828125,-0.595703125
7383,1.11328125,1.240234375,-0.29296875,-0.498046875
7384,1.19140625,1.103515625,-0.224609375,-0.29296875
7385,1.23046875,1.11328125,-0.244140625,-0.44921875
7386,1.2890625,1.162109375,-0.283203125,-0.546875
7387,1.2890625,1.171875,-0.234375,-0.390625
7388,1.2109375,1.181640625,-0.263671875,-0.33203125
7389,1.201171875,1.259765625,-0.244140625,-0.302734375
7390,1.26953125,1.171875,-0.25390625,-0.390625
7391,1.337890625,1.298828125,-0.185546875,-0.283203125
7392,1.259765625,1.15234375,-0.1953125,-0.400390625
7393,1.25,1.15234375,-0.25390625,-0.341796875
7394,1.298828125,1.259765625,-0.185546875,-0.3515625
7395,1.142578125,1.26953125,-0.15625,-0.283203125
7396,1.2109375,1.162109375,-0.244140625,-0.390625
7397,1.15234375,1.240234375,-0.146484375,-0.33203125
7398,1.220703125,1.181640625,-0.205078125,-0.498046875
7399,1.09375,1.220703125,-0.146484375,-0.41015625
7400,1.15234375,1.240234375,-0.322265625,-0.390625
7401,1.142578125,1.279296875,-0.205078125,-0.37109375
7402,1.162109375,1.298828125,-0.263671875,-0.361328125
7403,1.1328125,1.2109375,-0.166015625,-0.380859375
7404,1.09375,1.2109375,-0.17578125,-0.263671875
7405,1.064453125,1.220703125,-0.244140625,-0.322265625
7406,1.142578125,1.171875,-0.2734375,-0.283203125
7407,1.064453125,1.123046875,-0.390625,-0.439453125
7408,1.23046875,1.318359375,-0.3515625,-0.33203125
7409,1.201171875,1.240234375,-0.341796875,-0.33203125
7410,1.171875,1.2109375,-0.2734375,-0.56640625
7411,1.123046875,1.025390625,-0.29296875,-0.37109375
7412,1.2890625,1.162109375,-0.263671875,-0.400390625
7413,1.240234375,1.19140625,-0.2734375,-0.25390625
7414,1.240234375,1.2109375,-0.234375,-0.37109375
7415,1.259765625,1.25,-0.341796875,-0.29296875
7416,1.2890625,1.181640625,-0.21484375,-0.37109375
7417,1.220703125,1.171875,-0.2734375,-0.390625
7418,1.25,1.11328125,-0.2734375,-0.37109375
7419,1.23046875,1.09375,-0.25390625,-0.361328125
7420,1.337890625,1.19140625,-0.302734375,-0.361328125
7421,1.25,1.0546875,-0.21484375,-0.37109375
7422,1.240234375,1.15234375,-0.25390625,-0.283203125
7423,1.25,1.0546875,-0.21484375,-0.322265625
7424,1.201171875,1.025390625,-0.224609375,-0.380859375
7425,1.2890625,1.142578125,-0.3125,-0.244140625
7426,1.23046875,1.171875,-0.263671875,-0.3515625
7427,1.23046875,1.103515625,-0.322265625,-0.41015625
7428,1.240234375,1.09375,-0.234375,-0.15625
7429,1.181640625,1.11328125,-0.234375,-0.283203125
7430,1.220703125,1.2109375,-0.244140625,-0.341796875
7431,1.005859375,1.064453125,-0.3125,-0.400390625
7432,1.26953125,1.044921875,-0.29296875,-0.322265625
7433,1.23046875,1.11328125,-0.09765625,-0.3515625
7434,1.220703125,1.142578125,-0.263671875,-0.29296875
7435,1.259765625,1.103515625,-0.25390625,-0.361328125
7436,1.19140625,1.005859375,-0.2734375,-0.263671875
7437,1.11328125,1.064453125,-0.33203125,-0.25390625
7438,1.181640625,1.11328125,-0.25390625,-0.400390625
7439,1.171875,0.8984375,-0.1953125,-0.29296875
7440,1.40625,1.171875,-0.263671875,-0.33203125
7441,1.181640625,1.171875,-0.21484375,-0.380859375
7442,1.220703125,1.09375,-0.185546875,-0.3125
7443,1.162109375,1.064453125,-0.1953125,-0.33203125
7444,1.220703125,1.03515625,-0.21484375,-0.341796875
7445,1.2109375,1.0546875,-0.1953125,-0.390625
7446,1.279296875,1.044921875,-0.166015625,-0.390625
7447,1.318359375,1.015625,-0.21484375,-0.41015625
7448,1.220703125,0.95703125,-0.21484375,-0.37109375
7449,1.142578125,1.03515625,-0.166015625,-0.419921875
7450,1.23046875,1.15234375,-0.205078125,-0.361328125
7451,1.220703125,1.044921875,-0.234375,-0.3515625
7452,1.328125,1.005859375,-0.25390625,-0.46875
7453,1.171875,1.005859375,-0.224609375,-0.234375
7454,1.328125,1.03515625,-0.224609375,-0.46875
7455,1.201171875,1.1328125,-0.09765625,-0.126953125
7456,1.15234375,1.005859375,-0.302734375,-0.400390625
7457,1.220703125,1.0546875,-0.1953125,-0.234375
7458,1.181640625,1.005859375,-0.244140625,-0.1171875
7459,1.162109375,0.986328125,-0.146484375,-0.1171875
7460,1.123046875,1.123046875,-0.2734375,-0.3125
7461,1.181640625,1.09375,-0.21484375,-0.341796875
7462,1.19140625,1.005859375,-0.29296875,-0.390625
7463,1.181640625,1.064453125,-0.283203125,-0.244140625
7464,1.240234375,1.005859375,-0.41015625,-0.25390625
7465,1.25,1.07421875,-0.263671875,-0.205078125
7466,1.25,0.986328125,-0.205078125,-0.302734375
7467,1.259765625,0.986328125,-0.3125,-0.21484375
7468,1.25,1.083984375,-0.244140625,-0.33203125
7469,1.25,1.07421875,-0.341796875,-0.302734375
7470,1.25,1.1328125,-0.21484375,-0.263671875
7471,1.220703125,1.044921875,-0.302734375,-0.234375
7472,1.240234375,1.09375,-0.29296875,-0.361328125
7473,1.25,1.044921875,-0.419921875,-0.341796875
7474,1.25,1.1328125,-0.1953125,-0.3125
7475,1.1328125,1.09375,-0.15625,-0.3125
7476,1.240234375,1.083984375,-0.263671875,-0.302734375
7477,1.2890625,1.005859375,-0.09765625,-0.322265625
7478,1.220703125,0.966796875,-0.25390625,-0.283203125
7479,1.23046875,0.947265625,-0.263671875,-0.322265625
7480,1.25,1.083984375,-0.224609375,-0.234375
7481,1.162109375,1.083984375,-0.3125,-0.283203125
7482,1.181640625,1.015625,-0.341796875,-0.2734375
7483,1.142578125,1.11328125,-0.166015625,-0.3125
7484,1.15234375,1.19140625,-0.166015625,-0.283203125
7485,1.201171875,0.986328125,-0.224609375,-0.25390625
7486,1.181640625,0.99609375,-0.224609375,-0.05859375
7487,1.07421875,1.015625,-0.17578125,-0.33203125
7488,1.1328125,0.888671875,-0.29296875,-0.2734375
7489,0.986328125,1.025390625,-0.205078125,-0.244140625
7490,1.162109375,1.064453125,-0.21484375,-0.302734375
7491,1.171875,1.123046875,-0.25390625,-0.263671875
7492,1.162109375,1.064453125,-0.234375,-0.166015625
7493,1.220703125,0.95703125,-0.15625,-0.3125
7494,1.1328125,1.162109375,-0.17578125,-0.2734375
7495,1.19140625,1.07421875,-0.1953125,-0.46875
7496,1.23046875,1.0546875,-0.21484375,-0.283203125
7497,1.19140625,1.220703125,-0.21484375,-0.2734375
7498,1.23046875,1.0546875,-0.244140625,-0.3515625
7499,1.123046875,1.07421875,-0.205078125,-0.33203125
7500,1.25,1.09375,-0.2734375,-0.3515625
7501,1.1328125,1.09375,-0.185546875,-0.126953125
7502,1.435546875,0.908203125,-0.302734375,-0.361328125
7503,1.220703125,0.91796875,-0.087890625,-0.361328125
7504,1.23046875,1.025390625,-0.244140625,-0.283203125
7505,1.328125,1.015625,-0.322265625,-0.205078125
7506,1.162109375,0.927734375,-0.224609375,-0.3515625
7507,1.083984375,1.123046875,-0.185546875,-0.419921875
7508,1.25,1.09375,-0.185546875,-0.390625
7509,1.09375,0.99609375,-0.3515625,-0.3515625
7510,1.181640625,1.015625,-0.185546875,-0.185546875
7511,1.23046875,1.09375,-0.15625,-0.458984375
7512,1.123046875,1.171875,-0.21484375,-0.322265625
7513,1.171875,0.9765625,-0.244140625,-0.4296875
7514,1.083984375,1.064453125,-0.17578125,-0.244140625
7515,1.19140625,1.15234375,-0.048828125,-0.3125
7516,1.23046875,1.025390625,-0.302734375,-0.2734375
7517,1.09375,1.083984375,-0.21484375,-0.224609375
7518,1.083984375,1.044921875,-0.263671875,-0.3125
7519,1.142578125,1.07421875,-0.166015625,-0.341796875
7520,1.15234375,1.19140625,-0.205078125,-0.234375
7521,1.259765625,1.09375,-0.244140625,-0.322265625
7522,1.259765625,1.025390625,-0.2734375,-0.400390625
7523,1.2109375,1.0546875,-0.21484375,-0.361328125
7524,1.2890625,0.99609375,-0.263671875,-0.29296875
7525,1.2109375,1.025390625,-0.1953125,-0.21484375
7526,1.240234375,1.0546875,-0.234375,-0.361328125
7527,1.2890625,1.11328125,-0.322265625,-0.2734375
7528,1.23046875,1.005859375,-0.205078125,-0.1953125
7529,1.2109375,1.083984375,-0.2734375,-0.21484375
7530,1.2109375,1.171875,-0.17578125,-0.205078125
7531,1.259765625,1.1328125,-0.21484375,-0.21484375
7532,1.2109375,1.11328125,-0.25390625,-0.234375
7533,1.19140625,1.0546875,-0.185546875,-0.2734375
7534,1.240234375,0.986328125,-0.126953125,-0.302734375
7535,1.123046875,1.07421875,-0.15625,-0.29296875
7536,1.2890625,1.005859375,-0.21484375,-0.234375
7537,1.23046875,0.95703125,-0.185546875,-0.21484375
7538,1.279296875,1.083984375,-0.185546875,-0.29296875
7539,1.25,1.09375,-0.1953125,-0.29296875
7540,1.15234375,1.07421875,-0.263671875,-0.2734375
7541,1.123046875,1.0546875,-0.166015625,-0.322265625
7542,1.220703125,0.95703125,-0.244140625,-0.263671875
7543,1.240234375,1.19140625,-0.244140625,-0.322265625
7544,1.19140625,1.11328125,-0.29296875,-0.478515625
7545,1.181640625,1.09375,-0.224609375,-0.21484375
7546,1.201171875,0.91796875,-0.29296875,-0.234375
7547,1.142578125,1.0546875,-0.17578125,-0.21484375
7548,1.19140625,1.103515625,-0.205078125,-0.390625
7549,1.220703125,0.8203125,-0.263671875,-0.25390625
7550,1.240234375,1.083984375,-0.1953125,-0.3515625
7551,1.279296875,1.123046875,-0.166015625,-0.2734375
7552,1.123046875,1.03515625,-0.15625,-0.283203125
7553,1.240234375,1.103515625,-0.205078125,-0.224609375
7554,1.171875,1.083984375,-0.13671875,-0.1953125
7555,1.0546875,1.23046875,-0.1953125,-0.263671875
7556,1.2109375,1.142578125,-0.09765625,-0.2734375
7557,1.064453125,1.1328125,-0.205078125,-0.2734375
7558,1.19140625,1.1328125,-0.1171875,-0.205078125
7559,1.1328125,1.123046875,-0.126953125,-0.283203125
7560,1.142578125,1.083984375,-0.224609375,-0.46875
7561,1.240234375,0.99609375,-0.126953125,-0.224609375
7562,1.083984375,1.171875,-0.234375,-0.380859375
7563,1.328125,1.103515625,-0.224609375,-0.302734375
7564,1.25,1.171875,-0.234375,-0.361328125
7565,1.201171875,1.0546875,-0.25390625,-0.25390625
7566,1.0546875,1.142578125,-0.263671875,-0.3125
7567,1.23046875,1.201171875,-0.146484375,-0.17578125
7568,1.1328125,1.07421875,-0.234375,-0.13671875
7569,1.25,1.11328125,-0.2734375,-0.126953125
7570,1.103515625,1.07421875,-0.322265625,-0.1953125
7571,1.103515625,1.083984375,-0.15625,-0.322265625
7572,1.2109375,1.142578125,-0.224609375,-0.146484375
7573,1.25,1.064453125,-0.390625,-0.205078125
7574,1.318359375,1.025390625,-0.25390625,-0.17578125
7575,1.2109375,0.986328125,-0.224609375,-0.126953125
7576,1.2109375,1.142578125,-0.341796875,-0.185546875
7577,1.25,1.11328125,-0.2734375,-0.244140625
7578,1.123046875,1.11328125,-0.263671875,-0.13671875
7579,1.171875,1.015625,-0.224609375,-0.17578125
7580,1.15234375,0.95703125,-0.1171875,-0.234375
7581,1.298828125,1.171875,-0.283203125,-0.390625
7582,1.2109375,1.064453125,-0.3515625,-0.224609375
7583,1.19140625,0.9765625,-0.283203125,-0.185546875
7584,1.025390625,1.064453125,-0.302734375,-0.341796875
7585,1.171875,1.181640625,-0.2734375,-0.25390625
7586,1.201171875,1.09375,-0.234375,-0.341796875
7587,1.240234375,1.025390625,-0.234375,-0.2734375
7588,1.19140625,1.11328125,-0.283203125,-0.2734375
7589,1.220703125,1.064453125,-0.1171875,-0.25390625
7590,1.23046875,1.0546875,-0.234375,-0.185546875
7591,1.240234375,1.103515625,-0.21484375,-0.234375
7592,1.123046875,1.259765625,-0.3125,-0.29296875
7593,1.15234375,1.064453125,-0.244140625,-0.234375
7594,1.220703125,1.064453125,-0.205078125,-0.263671875
7595,1.142578125,0.927734375,-0.087890625,-0.17578125
7596,1.181640625,1.11328125,-0.25390625,-0.146484375
7597,1.19140625,1.09375,-0.341796875,-0.234375
7598,1.171875,1.15234375,-0.25390625,-0.234375
7599,1.07421875,1.123046875,-0.21484375,-0.3515625
7600,1.25,1.201171875,-0.146484375,-0.17578125
7601,1.181640625,1.19140625,-0.205078125,-0.1953125
7602,1.26953125,1.07421875,-0.185546875,-0.21484375
7603,1.15234375,1.015625,-0.224609375,-0.205078125
7604,1.181640625,1.171875,-0.126953125,-0.25390625
7605,1.240234375,1.064453125,-0.21484375,-0.263671875
7606,1.2109375,0.99609375,-0.1953125,-0.205078125
7607,1.171875,1.03515625,-0.126953125,-0.302734375
7608,1.0546875,1.11328125,-0.1953125,-0.1171875
7609,1.19140625,1.07421875,-0.263671875,-0.283203125
7610,1.201171875,1.07421875,-0.205078125,-0.17578125
7611,1.201171875,1.171875,-0.15625,-0.25390625
7612,1.03515625,1.162109375,-0.17578125,-0.224609375
7613,1.11328125,1.11328125,-0.1953125,-0.21484375
7614,1.2109375,1.142578125,-0.302734375,-0.205078125
7615,1.171875,1.09375,-0.205078125,-0.15625
7616,1.259765625,1.03515625,-0.25390625,-0.263671875
7617,1.30859375,1.1328125,-0.1953125,-0.263671875
7618,1.357421875,1.1328125,-0.224609375,-0.2734375
7619,1.162109375,1.279296875,-0.224609375,-0.234375
7620,1.19140625,1.19140625,-0.283203125,-0.0390625
7621,1.0546875,1.123046875,-0.185546875,-0.205078125
7622,1.2109375,1.11328125,-0.234375,-0.234375
7623,1.07421875,1.181640625,-0.205078125,-0.205078125
7624,1.26953125,1.171875,-0.21484375,0
7625,1.19140625,1.123046875,-0.1953125,-0.283203125
7626,1.1328125,1.162109375,-0.1171875,-0.126953125
7627,1.337890625,1.220703125,-0.21484375,-0.263671875
7628,1.1328125,1.181640625,-0.263671875,-0.29296875
7629,1.0546875,1.19140625,-0.25390625,-0.146484375
7630,1.162109375,1.181640625,-0.224609375,-0.166015625
7631,1.23046875,1.0546875,-0.17578125,-0.205078125
7632,1.142578125,1.181640625,-0.185546875,-0.078125
7633,1.11328125,1.064453125,-0.244140625,-0.15625
7634,1.3671875,1.1328125,-0.13671875,-0.205078125
7635,1.259765625,1.220703125,-0.21484375,-0.29296875
7636,1.30859375,1.123046875,-0.15625,-0.2734375
7637,1.259765625,1.142578125,-0.15625,-0.224609375
7638,1.19140625,1.201171875,-0.1171875,-0.146484375
7639,1.201171875,1.181640625,-0.3125,0
7640,1.142578125,1.2890625,-0.283203125,-0.224609375
7641,1.240234375,1.2109375,-0.15625,-0.33203125
7642,1.1328125,1.171875,-0.244140625,-0.224609375
7643,1.279296875,1.2109375,-0.21484375,-0.205078125
7644,1.240234375,1.171875,-0.087890625,-0.1171875
7645,1.279296875,1.1328125,-0.234375,-0.17578125
7646,1.23046875,1.11328125,-0.341796875,-0.224609375
7647,1.240234375,1.19140625,-0.068359375,-0.234375
7648,1.328125,1.171875,-0.263671875,-0.283203125
7649,1.19140625,1.201171875,-0.1953125,-0.224609375
7650,1.26953125,1.064453125,-0.224609375,-0.2734375
7651,1.19140625,1.201171875,-0.185546875,-0.09765625
7652,1.25,1.162109375,-0.17578125,-0.322265625
7653,1.201171875,1.201171875,-0.244140625,-0.302734375
7654,1.181640625,1.15234375,-0.205078125,-0.224609375
7655,1.318359375,1.181640625,-0.234375,-0.25390625
7656,1.220703125,1.142578125,-0.1953125,-0.205078125
7657,1.03515625,1.162109375,-0.244140625,-0.15625
7658,1.298828125,1.220703125,-0.146484375,-0.224609375
7659,1.220703125,1.30859375,-0.166015625,-0.263671875
7660,1.201171875,1.181640625,-0.185546875,-0.234375
7661,1.201171875,1.220703125,-0.17578125,-0.17578125
7662,1.26953125,1.3671875,-0.244140625,-0.224609375
7663,1.123046875,1.19140625,-0.2734375,-0.0390625
7664,1.25,1.2109375,-0.224609375,-0.302734375
7665,1.26953125,1.26953125,-0.17578125,-0.1953125
7666,1.23046875,1.15234375,-0.205078125,-0.439453125
7667,1.181640625,1.11328125,-0.166015625,-0.380859375
7668,1.201171875,1.23046875,-0.13671875,-0.166015625
7669,1.09375,1.240234375,-0.1953125,-0.29296875
7670,1.26953125,1.171875,-0.185546875,-0.283203125
7671,1.181640625,1.162109375,-0.234375,-0.29296875
7672,1.19140625,1.162109375,-0.09765625,-0.234375
7673,1.044921875,1.142578125,-0.205078125,-0.302734375
7674,1.259765625,1.220703125,-0.302734375,-0.283203125
7675,1.240234375,1.25,-0.21484375,-0.1953125
7676,1.181640625,1.181640625,-0.224609375,-0.29296875
7677,1.328125,1.025390625,-0.205078125,-0.263671875
7678,1.298828125,1.201171875,-0.1953125,-0.263671875
7679,1.298828125,1.23046875,-0.234375,-0.322265625
7680,1.19140625,1.171875,-0.3125,-0.25390625
7681,1.201171875,1.26953125,-0.1953125,-0.234375
7682,1.171875,1.19140625,-0.185546875,-0.166015625
7683,1.181640625,1.142578125,-0.048828125,-0.1953125
7684,1.298828125,1.19140625,-0.21484375,-0.224609375
7685,1.318359375,1.23046875,-0.205078125,-0.185546875
7686,1.162109375,1.220703125,-0.3515625,-0.29296875
7687,1.201171875,1.09375,-0.224609375,-0.2734375
7688,1.318359375,1.220703125,-0.234375,-0.2734375
7689,1.1328125,1.240234375,-0.263671875,-0.263671875
7690,1.142578125,1.19140625,-0.3515625,-0.244140625
7691,1.337890625,1.19140625,-0.263671875,-0.15625
7692,1.181640625,1.25,-0.17578125,-0.263671875
7693,1.15234375,1.2109375,-0.29296875,-0.2734375
7694,1.142578125,1.15234375,-0.146484375,-0.33203125
7695,1.083984375,1.26953125,-0.37109375,-0.205078125
7696,1.23046875,1.2109375,-0.3125,-0.25390625
7697,1.23046875,1.23046875,-0.2734375,-0.01953125
7698,1.201171875,1.09375,-0.44921875,-0.21484375
7699,1.23046875,1.2109375,-0.234375,-0.263671875
7700,1.19140625,1.220703125,-0.185546875,-0.33203125
7701,1.240234375,1.171875,-0.322265625,-0.263671875
7702,1.2109375,1.162109375,-0.09765625,-0.205078125
7703,1.123046875,1.2109375,-0.244140625,-0.498046875
7704,1.1328125,1.15234375,-0.205078125,-0.29296875
7705,1.181640625,1.30859375,-0.2734375,-0.205078125
7706,1.103515625,1.240234375,-0.263671875,-0.25390625
7707,1.2890625,1.11328125,-0.25390625,-0.2734375
7708,1.181640625,1.201171875,-0.25390625,-0.2734375
7709,1.19140625,1.2109375,-0.341796875,-0.3125
7710,1.220703125,1.103515625,-0.283203125,-0.244140625
7711,1.181640625,1.171875,-0.263671875,-0.29296875
7712,1.23046875,1.181640625,-0.283203125,-0.29296875
7713,1.181640625,1.23046875,-0.234375,-0.302734375
7714,1.220703125,1.123046875,-0.21484375,-0.3125
7715,1.279296875,1.220703125,-0.17578125,-0.205078125
7716,1.30859375,1.259765625,-0.1953125,-0.224609375
7717,1.240234375,1.07421875,-0.146484375,-0.21484375
7718,1.25,1.240234375,-0.3125,-0.25390625
7719,1.298828125,1.396484375,-0.29296875,-0.205078125
7720,1.2890625,1.162109375,-0.166015625,-0.224609375
7721,1.357421875,1.15234375,-0.25390625,-0.322265625
7722,1.357421875,1.23046875,-0.263671875,-0.2734375
7723,1.259765625,1.181640625,-0.244140625,-0.29296875
7724,1.23046875,1.23046875,-0.17578125,-0.244140625
7725,1.11328125,1.2109375,-0.205078125,-0.234375
7726,1.318359375,1.103515625,-0.244140625,-0.283203125
7727,1.26953125,1.259765625,-0.244140625,-0.205078125
7728,1.2890625,1.123046875,-0.25390625,-0.322265625
7729,1.2890625,1.220703125,-0.009765625,-0.244140625
7730,1.2890625,1.26953125,-0.25390625,-0.41015625
7731,1.142578125,1.220703125,-0.21484375,-0.2734375
7732,1.240234375,1.142578125,-0.0390625,-0.380859375
7733,1.298828125,1.357421875,-0.322265625,-0.166015625
7734,1.34765625,1.142578125,-0.224609375,-0.224609375
7735,1.318359375,1.07421875,-0.15625,-0.25390625
7736,1.25,1.240234375,-0.25390625,-0.419921875
7737,1.376953125,1.2109375,-0.263671875,-0.3125
7738,1.337890625,1.298828125,-0.29296875,-0.322265625
7739,1.318359375,1.25,-0.25390625,-0.224609375
7740,1.1328125,1.30859375,-0.2734375,-0.302734375
7741,1.2890625,1.09375,-0.234375,-0.33203125
7742,1.3671875,1.23046875,-0.3125,-0.458984375
7743,1.357421875,1.240234375,-0.244140625,-0.29296875
7744,1.396484375,1.162109375,-0.234375,-0.400390625
7745,1.34765625,1.201171875,-0.29296875,-0.400390625
7746,1.513671875,1.259765625,-0.21484375,-0.244140625
7747,1.416015625,1.23046875,-0.166015625,-0.322265625
7748,1.40625,1.23046875,-0.341796875,-0.322265625
7749,1.328125,1.259765625,-0.283203125,-0.33203125
7750,1.328125,1.1328125,-0.185546875,-0.380859375
7751,1.3671875,1.19140625,-0.1953125,-0.439453125
7752,1.38671875,1.2109375,-0.244140625,-0.5078125
7753,1.3671875,1.318359375,-0.341796875,-0.244140625
7754,1.416015625,1.240234375,-0.1953125,-0.05859375
7755,1.240234375,1.259765625,-0.302734375,-0.4296875
7756,1.2890625,1.279296875,-0.1953125,-0.341796875
7757,1.396484375,1.2109375,-0.390625,-0.263671875
7758,1.416015625,1.201171875,-0.283203125,-0.29296875
7759,1.23046875,1.279296875,-0.224609375,-0.2734375
7760,1.298828125,1.298828125,-0.322265625,-0.44921875
7761,1.220703125,1.328125,-0.234375,-0.15625
7762,1.25,1.23046875,-0.17578125,-0.361328125
7763,1.2109375,1.240234375,-0.380859375,-0.33203125
7764,1.30859375,1.298828125,-0.263671875,-0.322265625
7765,1.19140625,1.181640625,-0.341796875,-0.3125
7766,1.26953125,1.26953125,-0.21484375,-0.3515625
7767,1.2890625,1.259765625,-0.283203125,-0.41015625
7768,1.38671875,1.25,-0.33203125,-0.283203125
7769,1.240234375,1.328125,-0.244140625,-0.380859375
7770,1.34765625,1.26953125,-0.1953125,-0.087890625
7771,1.337890625,1.279296875,-0.283203125,-0.361328125
7772,1.2890625,1.337890625,-0.3125,-0.390625
7773,1.26953125,1.26953125,-0.283203125,-0.283203125
7774,1.103515625,1.34765625,-0.29296875,-0.3125
7775,1.240234375,1.240234375,-0.185546875,-0.224609375
7776,1.25,1.2890625,-0.2734375,-0.361328125
7777,1.357421875,1.240234375,-0.224609375,-0.33203125
7778,1.25,1.279296875,-0.224609375,-0.37109375
7779,1.26953125,1.181640625,-0.263671875,-0.341796875
7780,1.181640625,1.142578125,-0.283203125,-0.400390625
7781,1.19140625,1.181640625,-0.302734375,-0.322265625
7782,1.171875,1.181640625,-0.302734375,-0.37109375
7783,1.23046875,1.005859375,-0.25390625,-0.361328125
7784,1.259765625,1.298828125,-0.419921875,-0.41015625
7785,1.240234375,1.19140625,-0.33203125,-0.25390625
7786,1.23046875,1.240234375,-0.234375,-0.341796875
7787,1.142578125,1.240234375,-0.29296875,-0.21484375
7788,1.181640625,1.240234375,-0.37109375,-0.439453125
7789,1.11328125,1.2890625,-0.341796875,-0.3125
7790,1.2109375,1.279296875,-0.25390625,-0.3515625
7791,1.0546875,1.162109375,-0.361328125,-0.44921875
7792,1.240234375,1.474609375,-0.361328125,-0.361328125
7793,1.181640625,1.19140625,-0.29296875,-0.361328125
7794,1.19140625,1.220703125,-0.205078125,-0.56640625
7795,1.25,1.259765625,-0.263671875,-0.439453125
7796,1.2890625,1.201171875,-0.146484375,-0.322265625
7797,1.19140625,1.26953125,-0.1171875,-0.478515625
7798,1.201171875,1.1328125,-0.224609375,-0.322265625
7799,1.171875,1.201171875,-0.263671875,-0.4296875
7800,1.19140625,1.25,-0.25390625,-0.234375
7801,1.15234375,1.201171875,-0.244140625,-0.4296875
7802,1.23046875,1.1328125,-0.21484375,-0.46875
7803,1.162109375,1.181640625,-0.224609375,-0.302734375
7804,1.23046875,1.171875,-0.224609375,-0.380859375
7805,1.15234375,1.201171875,-0.244140625,-0.283203125
7806,1.1328125,1.181640625,-0.1171875,-0.361328125
7807,1.19140625,1.19140625,-0.234375,-0.341796875
7808,1.23046875,1.23046875,-0.1953125,-0.322265625
7809,1.142578125,1.26953125,-0.205078125,-0.341796875
7810,1.103515625,1.25,-0.244140625,-0.302734375
7811,1.26953125,1.2109375,-0.3125,-0.419921875
7812,1.220703125,1.220703125,-0.302734375,-0.29296875
7813,1.103515625,1.259765625,-0.29296875,-0.52734375
7814,1.23046875,1.2109375,-0.361328125,-0.380859375
7815,1.279296875,1.26953125,-0.1953125,-0.341796875
7816,1.26953125,1.19140625,-0.244140625,-0.37109375
7817,1.25,1.044921875,-0.09765625,-0.322265625
7818,1.23046875,1.25,-0.322265625,-0.33203125
7819,1.298828125,1.220703125,-0.29296875,-0.419921875
7820,1.259765625,1.23046875,-0.166015625,-0.400390625
7821,1.2890625,1.201171875,-0.244140625,-0.390625
7822,1.171875,1.23046875,-0.322265625,-0.41015625
7823,1.201171875,1.15234375,-0.224609375,-0.361328125
7824,1.26953125,1.259765625,-0.146484375,-0.41015625
7825,1.171875,1.259765625,-0.166015625,-0.33203125
7826,1.279296875,1.25,-0.224609375,-0.302734375
7827,1.240234375,1.2109375,-0.09765625,-0.29296875
7828,1.23046875,1.19140625,-0.25390625,-0.3515625
7829,1.162109375,1.240234375,-0.2734375,-0.380859375
7830,1.15234375,1.19140625,-0.234375,-0.3515625
7831,1.162109375,1.181640625,-0.205078125,-0.341796875
7832,1.25,1.259765625,-0.15625,-0.380859375
7833,1.2109375,1.2109375,-0.146484375,-0.322265625
7834,1.2109375,1.201171875,-0.37109375,-0.37109375
7835,1.15234375,1.259765625,-0.263671875,-0.33203125
7836,1.2109375,1.30859375,-0.37109375,-0.400390625
7837,1.220703125,1.220703125,-0.283203125,-0.556640625
7838,1.1328125,1.26953125,-0.29296875,-0.341796875
7839,1.171875,1.19140625,-0.33203125,-0.3515625
7840,1.279296875,1.15234375,-0.263671875,-0.302734375
7841,1.07421875,1.376953125,-0.224609375,-0.380859375
7842,1.171875,1.07421875,-0.29296875,-0.44921875
7843,1.23046875,1.171875,-0.234375,-0.458984375
7844,1.2890625,1.09375,-0.341796875,-0.361328125
7845,1.19140625,1.201171875,-0.302734375,-0.380859375
7846,1.162109375,1.171875,-0.263671875,-0.400390625
7847,1.181640625,1.1328125,-0.29296875,-0.361328125
7848,1.19140625,1.083984375,-0.3515625,-0.37109375
7849,1.15234375,1.044921875,-0.302734375,-0.52734375
7850,1.162109375,0.95703125,-0.244140625,-0.361328125
7851,1.220703125,1.171875,-0.419921875,-0.341796875
7852,1.298828125,1.123046875,-0.224609375,-0.4296875
7853,1.220703125,1.083984375,-0.263671875,-0.341796875
7854,1.23046875,1.044921875,-0.33203125,-0.390625
7855,1.30859375,1.044921875,-0.234375,-0.439453125
7856,1.30859375,1.064453125,-0.17578125,-0.244140625
7857,1.25,0.95703125,-0.3515625,-0.41015625
7858,1.181640625,1.23046875,-0.341796875,-0.439453125
7859,1.25,1.015625,-0.234375,-0.37109375
7860,1.318359375,1.181640625,-0.4296875,-0.3515625
7861,1.220703125,1.09375,-0.244140625,-0.400390625
7862,1.376953125,0.888671875,-0.2734375,-0.361328125
7863,1.240234375,1.07421875,-0.341796875,-0.283203125
7864,1.259765625,1.064453125,-0.15625,-0.1953125
7865,1.123046875,1.064453125,-0.25390625,-0.302734375
7866,1.396484375,1.025390625,-0.224609375,-0.3125
7867,1.2109375,0.99609375,-0.21484375,-0.37109375
7868,1.38671875,1.09375,-0.205078125,-0.146484375
7869,1.220703125,1.044921875,-0.166015625,-0.283203125
7870,1.181640625,1.025390625,-0.224609375,-0.302734375
7871,1.23046875,1.11328125,-0.25390625,-0.29296875
7872,1.23046875,1.201171875,-0.205078125,-0.361328125
7873,1.23046875,1.005859375,-0.244140625,-0.3515625
7874,1.279296875,1.09375,-0.224609375,-0.283203125
7875,1.240234375,1.0546875,-0.29296875,-0.21484375
7876,1.25,1.11328125,-0.185546875,-0.205078125
7877,1.23046875,1.0546875,-0.224609375,-0.244140625
7878,1.240234375,0.99609375,-0.15625,-0.322265625
7879,1.19140625,0.986328125,-0.244140625,-0.302734375
7880,1.26953125,0.986328125,-0.185546875,-0.263671875
7881,1.201171875,0.888671875,-0.1953125,-0.29296875
7882,1.23046875,1.005859375,-0.244140625,-0.380859375
7883,1.064453125,1.0546875,-0.2734375,-0.390625
7884,1.083984375,1.03515625,-0.185546875,-0.33203125
7885,1.15234375,0.9765625,-0.166015625,-0.263671875
7886,1.1328125,1.025390625,-0.09765625,-0.234375
7887,1.171875,0.986328125,-0.263671875,-0.2734375
7888,1.171875,1.025390625,-0.126953125,-0.263671875
7889,1.171875,0.966796875,-0.15625,-0.25390625
7890,1.25,1.07421875,-0.224609375,-0.302734375
7891,1.162109375,1.005859375,-0.185546875,-0.3125
7892,1.1328125,0.986328125,-0.263671875,-0.224609375
7893,1.201171875,0.99609375,-0.244140625,-0.263671875
7894,1.142578125,1.064453125,-0.37109375,-0.3125
7895,1.1328125,0.91796875,-0.2734375,-0.29296875
7896,1.19140625,0.9375,-0.21484375,-0.2734375
7897,1.25,1.0546875,-0.224609375,-0.2734375
7898,1.396484375,0.99609375,-0.29296875,-0.263671875
7899,1.181640625,0.9375,-0.322265625,-0.29296875
7900,1.181640625,1.0546875,-0.37109375,-0.41015625
7901,1.279296875,0.9765625,-0.205078125,-0.41015625
7902,1.181640625,1.171875,-0.185546875,-0.29296875
7903,1.23046875,0.87890625,-0.13671875,-0.302734375
7904,1.1328125,1.015625,-0.205078125,-0.21484375
7905,1.220703125,1.103515625,-0.21484375,-0.263671875
7906,1.240234375,1.025390625,-0.0390625,-0.41015625
7907,1.328125,1.015625,-0.234375,-0.498046875
7908,1.2890625,1.005859375,-0.224609375,-0.244140625
7909,1.279296875,1.181640625,-0.185546875,-0.361328125
7910,1.23046875,1.11328125,-0.361328125,-0.263671875
7911,1.03515625,1.103515625,-0.234375,-0.25390625
7912,1.25,0.791015625,-0.341796875,-0.29296875
7913,1.15234375,1.025390625,-0.263671875,-0.1953125
7914,1.240234375,0.99609375,-0.205078125,-0.322265625
7915,1.15234375,1.015625,-0.224609375,-0.3125
7916,1.25,1.025390625,-0.09765625,-0.33203125
7917,1.23046875,1.064453125,-0.205078125,-0.33203125
7918,1.201171875,0.908203125,-0.1953125,-0.33203125
7919,1.2890625,0.95703125,-0.21484375,-0.302734375
7920,1.15234375,0.9765625,-0.244140625,-0.390625
7921,1.15234375,0.810546875,-0.341796875,-0.283203125
7922,1.19140625,0.9765625,-0.244140625,-0.33203125
7923,1.142578125,0.947265625,-0.25390625,-0.322265625
7924,1.2109375,0.810546875,-0.341796875,-0.3515625
7925,1.142578125,0.99609375,-0.17578125,-0.517578125
7926,1.25,1.03515625,-0.263671875,-0.263671875
7927,1.162109375,0.986328125,-0.224609375,-0.263671875
7928,1.15234375,0.966796875,-0.205078125,-0.078125
7929,1.2890625,1.025390625,-0.25390625,-0.263671875
7930,1.220703125,0.9375,-0.17578125,-0.29296875
7931,1.201171875,0.966796875,-0.146484375,-0.234375
7932,1.19140625,1.044921875,-0.263671875,-0.2734375
7933,1.279296875,1.005859375,-0.185546875,-0.21484375
7934,1.318359375,0.966796875,-0.15625,-0.29296875
7935,1.103515625,0.95703125,-0.205078125,-0.37109375
7936,1.15234375,0.986328125,-0.1953125,-0.29296875
7937,1.259765625,0.986328125,-0.224609375,-0.1953125
7938,1.171875,0.966796875,-0.244140625,-0.44921875
7939,1.2109375,0.908203125,-0.341796875,-0.322265625
7940,1.201171875,1.005859375,-0.302734375,-0.322265625
7941,1.123046875,1.03515625,-0.224609375,-0.3125
7942,1.2109375,0.9765625,-0.2734375,-0.2734375
7943,1.142578125,1.005859375,-0.234375,-0.21484375
7944,1.103515625,1.03515625,-0.2734375,-0.25390625
7945,1.259765625,1.181640625,-0.4296875,-0.341796875
7946,1.181640625,1.025390625,-0.302734375,-0.322265625
7947,1.2109375,1.025390625,-0.3515625,-0.2734375
7948,1.11328125,1.07421875,-0.234375,-0.33203125
7949,1.15234375,1.11328125,-0.1171875,-0.25390625
7950,1.142578125,1.0546875,-0.1953125,-0.283203125
7951,1.181640625,1.03515625,-0.185546875,-0.29296875
7952,1.11328125,1.025390625,-0.068359375,-0.2734375
7953,1.11328125,1.005859375,-0.21484375,-0.283203125
7954,1.123046875,1.0546875,-0.09765625,-0.263671875
7955,1.1328125,1.171875,-0.21484375,-0.224609375
7956,1.103515625,1.0546875,-0.234375,-0.263671875
7957,1.2109375,1.11328125,-0.224609375,-0.21484375
7958,1.11328125,1.07421875,-0.15625,-0.283203125
7959,1.26953125,1.064453125,-0.185546875,-0.1953125
7960,1.162109375,1.103515625,-0.205078125,-0.244140625
7961,1.15234375,1.044921875,-0.244140625,-0.25390625
7962,1.162109375,1.015625,-0.29296875,-0.185546875
7963,1.123046875,1.30859375,-0.244140625,-0.224609375
7964,1.103515625,1.025390625,-0.263671875,-0.2734375
7965,1.15234375,1.09375,-0.224609375,0
7966,0.9765625,1.03515625,-0.263671875,-0.2734375
7967,1.25,1.103515625,-0.146484375,-0.29296875
7968,1.240234375,1.0546875,-0.21484375,-0.2734375
7969,1.07421875,0.9765625,-0.2734375,-0.29296875
7970,1.142578125,0.986328125,-0.1953125,-0.244140625
7971,1.09375,1.025390625,-0.13671875,-0.33203125
7972,1.171875,0.966796875,-0.29296875,-0.302734375
7973,1.19140625,1.064453125,-0.244140625,-0.205078125
7974,1.044921875,1.03515625,-0.234375,-0.1171875
7975,1.23046875,1.07421875,-0.185546875,-0.21484375
7976,1.162109375,0.8984375,-0.13671875,-0.244140625
7977,1.11328125,1.025390625,-0.17578125,-0.17578125
7978,1.09375,1.2890625,-0.1171875,-0.146484375
7979,1.201171875,1.123046875,-0.185546875,-0.244140625
7980,1.142578125,1.03515625,-0.205078125,-0.283203125
7981,1.11328125,1.064453125,-0.166015625,-0.126953125
7982,1.220703125,1.162109375,-0.361328125,-0.244140625
7983,1.162109375,1.015625,-0.25390625,0.01953125
7984,1.15234375,0.95703125,-0.205078125,-0.234375
7985,1.201171875,1.025390625,-0.107421875,-0.224609375
7986,1.181640625,1.083984375,-0.126953125,-0.244140625
7987,1.15234375,0.9765625,-0.1953125,-0.234375
7988,1.201171875,1.123046875,-0.234375,-0.234375
7989,1.201171875,1.03515625,-0.2734375,-0.234375
7990,1.044921875,1.1328125,-0.2734375,-0.25390625
7991,1.142578125,1.03515625,-0.341796875,-0.263671875
7992,1.23046875,0.986328125,-0.21484375,-0.4296875
7993,1.19140625,1.103515625,-0.21484375,-0.302734375
7994,1.25,0.947265625,-0.3125,-0.25390625
7995,1.103515625,1.11328125,-0.146484375,-0.361328125
7996,1.181640625,1.0546875,-0.283203125,-0.224609375
7997,1.09375,1.11328125,-0.21484375,-0.263671875
7998,1.19140625,1.1328125,-0.322265625,-0.146484375
7999,1.2109375,1.064453125,-0.244140625,-0.09765625
8000,1.201171875,1.103515625,-0.244140625,-0.1953125
8001,1.15234375,1.103515625,-0.33203125,-0.302734375
8002,1.15234375,1.11328125,-0.205078125,-0.419921875
8003,1.171875,1.103515625,-0.263671875,-0.224609375
8004,1.142578125,1.123046875,-0.361328125,-0.224609375
8005,1.171875,1.171875,-0.234375,-0.224609375
8006,1.23046875,1.064453125,-0.107421875,-0.244140625
8007,1.142578125,1.19140625,-0.166015625,-0.166015625
8008,1.25,1.025390625,-0.21484375,-0.166015625
8009,1.15234375,1.03515625,-0.25390625,-0.17578125
8010,1.171875,1.09375,-0.25390625,-0.29296875
8011,1.201171875,1.162109375,-0.205078125,-0.3125
8012,1.23046875,1.0546875,-0.15625,-0.205078125
8013,1.083984375,1.0546875,-0.29296875,-0.234375
8014,1.09375,1.103515625,-0.341796875,-0.224609375
8015,1.0546875,1.09375,-0.302734375,-0.244140625
8016,1.201171875,1.25,-0.263671875,-0.25390625
8017,1.181640625,1.162109375,-0.341796875,-0.478515625
8018,1.201171875,1.201171875,-0.234375,-0.234375
8019,1.201171875,1.11328125,-0.1953125,-0.21484375
8020,1.2109375,1.09375,-0.2734375,-0.390625
8021,1.11328125,1.015625,-0.29296875,-0.234375
8022,1.142578125,1.083984375,-0.234375,-0.166015625
8023,1.142578125,1.15234375,-0.263671875,0.009765625
8024,1.25,1.11328125,-0.244140625,-0.234375
8025,1.181640625,1.015625,-0.361328125,-0.224609375
8026,1.162109375,1.064453125,-0.15625,-0.33203125
8027,1.181640625,1.201171875,-0.322265625,-0.2734375
8028,1.181640625,1.044921875,-0.21484375,-0.244140625
8029,1.123046875,1.11328125,-0.29296875,-0.341796875
8030,1.201171875,1.09375,-0.263671875,-0.25390625
8031,1.09375,1.11328125,-0.146484375,-0.1953125
8032,1.23046875,0.966796875,-0.17578125,-0.283203125
8033,1.103515625,1.083984375,-0.25390625,-0.244140625
8034,1.259765625,1.162109375,-0.1171875,-0.17578125
8035,1.15234375,1.07421875,-0.25390625,-0.17578125
8036,1.1328125,1.2109375,-0.234375,-0.21484375
8037,1.142578125,1.083984375,-0.15625,-0.2734375
8038,1.0546875,1.03515625,-0.224609375,-0.361328125
8039,1.162109375,1.11328125,-0.283203125,-0.224609375
8040,1.162109375,0.927734375,-0.263671875,-0.244140625
8041,1.26953125,1.07421875,-0.21484375,-0.283203125
8042,1.083984375,1.0546875,-0.21484375,-0.29296875
8043,1.2890625,1.07421875,-0.205078125,-0.17578125
8044,1.2109375,1.083984375,-0.341796875,-0.244140625
8045,1.259765625,1.142578125,-0.13671875,-0.185546875
8046,1.142578125,1.025390625,-0.33203125,-0.263671875
8047,1.25,1.09375,-0.25390625,-0.048828125
8048,1.11328125,1.005859375,-0.166015625,-0.244140625
8049,1.15234375,1.123046875,-0.126953125,-0.205078125
8050,1.181640625,1.015625,-0.01953125,-0.234375
8051,1.07421875,1.0546875,-0.224609375,-0.126953125
8052,1.0546875,0.966796875,-0.263671875,-0.244140625
8053,1.07421875,0.99609375,-0.283203125,-0.185546875
8054,1.0546875,1.11328125,-0.205078125,-0.166015625
8055,1.15234375,1.064453125,-0.25390625,-0.2734375
8056,1.142578125,1.09375,-0.15625,-0.17578125
8057,1.0546875,1.09375,-0.21484375,-0.234375
8058,1.123046875,1.162109375,-0.283203125,-0.185546875
8059,1.162109375,1.07421875,-0.107421875,-0.21484375
8060,1.123046875,1.11328125,-0.205078125,-0.224609375
8061,1.083984375,1.015625,-0.185546875,-0.2734375
8062,1.1328125,1.142578125,-0.205078125,-0.361328125
8063,1.2109375,1.19140625,-0.283203125,-0.21484375
8064,1.279296875,1.11328125,-0.2734375,-0.283203125
8065,1.201171875,1.123046875,-0.15625,-0.205078125
8066,1.279296875,1.09375,-0.224609375,-0.17578125
8067,1.220703125,1.064453125,-0.244140625,-0.25390625
8068,1.171875,1.07421875,-0.244140625,-0.146484375
8069,1.23046875,1.083984375,-0.302734375,-0.361328125
8070,1.26953125,1.103515625,-0.263671875,-0.263671875
8071,1.240234375,1.23046875,-0.3125,-0.224609375
8072,1.25,1.142578125,-0.33203125,-0.205078125
8073,0.99609375,1.064453125,-0.224609375,-0.25390625
8074,1.23046875,1.103515625,-0.244140625,-0.146484375
8075,1.171875,1.181640625,-0.3125,-0.1953125
8076,1.318359375,1.171875,-0.224609375,-0.224609375
8077,1.25,1.181640625,-0.234375,-0.25390625
8078,1.15234375,1.201171875,-0.224609375,-0.25390625
8079,1.181640625,0.99609375,-0.21484375,-0.234375
8080,1.2109375,1.328125,-0.341796875,-0.322265625
8081,1.162109375,1.15234375,-0.25390625,-0.25390625
8082,1.0546875,1.201171875,-0.244140625,-0.234375
8083,1.25,1.015625,-0.37109375,-0.3125
8084,1.19140625,1.142578125,-0.234375,-0.3125
8085,1.201171875,1.0546875,-0.15625,-0.283203125
8086,1.2109375,1.2890625,-0.17578125,-0.29296875
8087,1.19140625,1.083984375,-0.166015625,-0.3125
8088,1.19140625,1.171875,-0.166015625,-0.283203125
8089,1.181640625,1.2109375,-0.17578125,-0.244140625
8090,1.201171875,1.201171875,-0.13671875,-0.283203125
8091,1.0546875,1.123046875,-0.205078125,-0.25390625
8092,1.162109375,1.23046875,-0.234375,-0.25390625
8093,1.11328125,1.11328125,-0.107421875,-0.25390625
8094,1.2109375,1.09375,-0.078125,-0.17578125
8095,1.19140625,1.064453125,-0.25390625,-0.302734375
8096,1.259765625,1.044921875,-0.13671875,-0.205078125
8097,1.181640625,1.162109375,-0.166015625,-0.283203125
8098,1.171875,1.11328125,-0.25390625,-0.302734375
8099,1.220703125,1.201171875,-0.146484375,-0.341796875
8100,1.103515625,1.015625,-0.283203125,-0.21484375
8101,1.15234375,1.0546875,-0.166015625,-0.244140625
8102,1.123046875,1.15234375,-0.283203125,-0.17578125
8103,1.259765625,1.26953125,-0.302734375,-0.263671875
8104,1.30859375,1.201171875,-0.33203125,-0.205078125
8105,1.181640625,1.201171875,-0.244140625,-0.146484375
8106,1.181640625,1.220703125,-0.25390625,-0.283203125
8107,1.181640625,1.181640625,-0.419921875,-0.244140625
8108,1.220703125,1.240234375,-0.283203125,-0.21484375
8109,1.259765625,1.19140625,-0.29296875,-0.146484375
8110,1.11328125,1.1328125,-0.390625,-0.263671875
8111,1.279296875,1.162109375,-0.33203125,-0.283203125
8112,1.201171875,1.181640625,-0.25390625,-0.263671875
8113,1.171875,1.2890625,-0.2734375,-0.390625
8114,1.201171875,1.171875,-0.224609375,-0.361328125
8115,1.09375,1.23046875,-0.361328125,-0.283203125
8116,1.23046875,1.2890625,-0.234375,-0.3125
8117,1.201171875,1.083984375,-0.283203125,-0.185546875
8118,1.2109375,1.09375,-0.341796875,-0.05859375
8119,1.220703125,1.142578125,-0.29296875,-0.1953125
8120,1.23046875,1.2109375,-0.244140625,-0.3515625
8121,1.171875,1.19140625,-0.2734375,-0.263671875
8122,1.11328125,1.162109375,-0.224609375,-0.2734375
8123,1.23046875,1.279296875,-0.205078125,-0.302734375
8124,1.201171875,1.220703125,-0.2734375,-0.341796875
8125,1.162109375,1.2109375,-0.205078125,-0.322265625
8126,1.2109375,1.2109375,-0.283203125,-0.341796875
8127,1.181640625,1.162109375,-0.224609375,-0.283203125
8128,1.220703125,1.123046875,-0.29296875,-0.244140625
8129,1.201171875,1.123046875,-0.341796875,-0.283203125
8130,1.181640625,1.123046875,-0.283203125,-0.205078125
8131,1.162109375,1.162109375,-0.29296875,-0.3125
8132,1.220703125,1.2109375,-0.166015625,-0.1953125
8133,1.25,1.2109375,-0.21484375,-0.224609375
8134,1.142578125,1.123046875,-0.205078125,-0.25390625
8135,1.201171875,1.15234375,-0.234375,-0.322265625
8136,1.103515625,1.142578125,-0.224609375,-0.17578125
8137,1.171875,1.103515625,-0.224609375,-0.244140625
8138,1.181640625,1.171875,-0.107421875,-0.3125
8139,1.181640625,1.162109375,-0.2734375,-0.1953125
8140,1.23046875,0.869140625,-0.21484375,-0.3125
8141,1.240234375,1.19140625,-0.234375,-0.33203125
8142,1.201171875,1.201171875,-0.2734375,-0.302734375
8143,1.181640625,1.25,-0.25390625,-0.33203125
8144,1.103515625,1.07421875,-0.3125,-0.302734375
8145,1.083984375,1.142578125,-0.185546875,-0.283203125
8146,1.220703125,1.142578125,-0.283203125,-0.263671875
8147,1.25,1.201171875,-0.29296875,-0.244140625
8148,1.259765625,1.162109375,-0.263671875,-0.283203125
8149,1.279296875,1.123046875,-0.224609375,-0.2734375
8150,1.1328125,1.1328125,-0.341796875,-0.2734375
8151,1.23046875,1.162109375,-0.263671875,-0.1953125
8152,1.26953125,1.044921875,-0.283203125,-0.29296875
8153,1.25,1.07421875,-0.3125,-0.263671875
8154,1.15234375,1.162109375,-0.29296875,-0.17578125
8155,1.201171875,1.19140625,-0.234375,-0.361328125
8156,1.11328125,1.201171875,-0.166015625,-0.2734375
8157,1.357421875,1.240234375,-0.166015625,-0.556640625
8158,1.259765625,1.19140625,-0.234375,-0.21484375
8159,1.2109375,1.162109375,-0.29296875,-0.29296875
8160,1.220703125,1.201171875,-0.341796875,-0.185546875
8161,1.298828125,1.298828125,-0.263671875,-0.302734375
8162,1.40625,1.26953125,-0.3515625,-0.263671875
8163,1.2890625,1.2109375,-0.234375,-0.1953125
8164,1.376953125,1.240234375,-0.263671875,-0.25390625
8165,1.259765625,1.162109375,-0.166015625,-0.244140625
8166,1.23046875,1.162109375,-0.302734375,-0.37109375
8167,1.337890625,1.181640625,-0.166015625,-0.322265625
8168,1.30859375,1.298828125,-0.302734375,-0.302734375
8169,1.220703125,1.240234375,-0.322265625,-0.234375
8170,1.298828125,1.318359375,-0.263671875,-0.25390625
8171,1.3671875,1.064453125,-0.390625,-0.322265625
8172,1.357421875,1.181640625,-0.21484375,-0.1953125
8173,1.298828125,1.2109375,-0.263671875,-0.263671875
8174,1.328125,1.15234375,-0.3125,-0.33203125
8175,1.34765625,1.23046875,-0.37109375,-0.3515625
8176,1.376953125,1.162109375,-0.25390625,-0.537109375
8177,1.42578125,1.201171875,-0.3125,-0.302734375
8178,1.3671875,1.220703125,-0.3125,-0.322265625
8179,1.40625,1.171875,-0.2734375,-0.29296875
8180,1.396484375,1.2109375,-0.234375,-0.400390625
8181,1.357421875,1.171875,-0.361328125,-0.390625
8182,1.435546875,1.2109375,-0.244140625,-0.380859375
8183,1.494140625,1.259765625,-0.283203125,-0.33203125
8184,1.357421875,1.220703125,-0.29296875,-0.322265625
8185,1.26953125,1.23046875,-0.234375,-0.361328125
8186,1.376953125,1.201171875,-0.234375,-0.302734375
8187,1.34765625,1.03515625,-0.3515625,-0.41015625
8188,1.23046875,1.2109375,-0.2734375,-0.3515625
8189,1.34765625,1.181640625,-0.29296875,-0.361328125
8190,1.25,1.2109375,-0.1953125,-0.341796875
8191,1.376953125,1.201171875,-0.283203125,-0.46875
8192,1.2890625,1.181640625,-0.25390625,-0.37109375
8193,1.2890625,1.15234375,-0.341796875,-0.37109375
8194,1.279296875,1.240234375,-0.205078125,-0.37109375
8195,1.259765625,1.162109375,-0.166015625,-0.302734375
8196,1.279296875,1.357421875,-0.234375,-0.4296875
8197,1.279296875,1.34765625,-0.263671875,-0.48828125
8198,1.23046875,1.337890625,-0.3125,-0.361328125
8199,1.2890625,1.2109375,-0.17578125,-0.37109375
8200,1.298828125,1.279296875,-0.21484375,-0.380859375
8201,1.279296875,1.15234375,-0.224609375,-0.361328125
8202,1.25,1.40625,-0.3125,-0.341796875
8203,1.142578125,1.30859375,-0.224609375,-0.41015625
8204,1.09375,1.328125,-0.205078125,-0.5078125
8205,1.19140625,1.26953125,-0.146484375,-0.380859375
8206,1.25,1.2890625,-0.234375,-0.37109375
8207,1.23046875,1.240234375,-0.2734375,-0.37109375
8208,1.2109375,1.30859375,-0.205078125,-0.25390625
8209,1.328125,1.298828125,-0.25390625,-0.322265625
8210,1.103515625,1.259765625,-0.3125,-0.33203125
8211,1.240234375,1.19140625,-0.439453125,-0.33203125
8212,1.26953125,1.201171875,-0.361328125,-0.3515625
8213,1.259765625,1.15234375,-0.380859375,-0.322265625
8214,1.25,1.279296875,-0.302734375,-0.263671875
8215,1.337890625,1.259765625,-0.263671875,-0.556640625
8216,1.42578125,1.23046875,-0.33203125,-0.283203125
8217,1.25,1.357421875,-0.3515625,-0.302734375
8218,1.19140625,1.240234375,-0.5078125,-0.322265625
8219,1.201171875,1.171875,-0.322265625,-0.29296875
8220,1.15234375,1.171875,-0.224609375,-0.3125
8221,1.220703125,1.259765625,-0.2734375,-0.283203125
8222,1.181640625,1.240234375,-0.341796875,-0.361328125
8223,1.26953125,1.15234375,-0.302734375,-0.3125
8224,1.25,1.298828125,-0.283203125,-0.46875
8225,1.07421875,1.162109375,-0.21484375,-0.400390625
8226,1.26953125,1.240234375,-0.29296875,-0.361328125
8227,1.220703125,1.259765625,-0.25390625,-0.458984375
8228,1.26953125,1.19140625,-0.185546875,-0.439453125
8229,1.38671875,1.240234375,-0.283203125,-0.3125
8230,1.318359375,1.11328125,-0.283203125,-0.56640625
8231,1.11328125,1.171875,-0.1953125,-0.361328125
8232,1.23046875,1.2890625,-0.3515625,-0.390625
8233,1.298828125,1.26953125,-0.2734375,-0.458984375
8234,1.318359375,1.279296875,-0.25390625,-0.400390625
8235,1.25,1.171875,-0.17578125,-0.419921875
8236,1.279296875,1.181640625,-0.29296875,-0.48828125
8237,1.30859375,1.19140625,-0.224609375,-0.3125
8238,1.2890625,1.015625,-0.25390625,-0.37109375
8239,1.240234375,1.181640625,-0.33203125,-0.25390625
8240,1.19140625,1.220703125,-0.263671875,-0.361328125
8241,1.25,1.201171875,-0.1953125,-0.37109375
8242,1.318359375,1.220703125,-0.4296875,-0.46875
8243,1.19140625,1.201171875,-0.283203125,-0.234375
8244,1.2109375,1.38671875,-0.3125,-0.322265625
8245,1.171875,1.19140625,-0.13671875,-0.546875
8246,1.181640625,1.171875,-0.21484375,-0.322265625
8247,1.220703125,1.19140625,-0.2734375,-0.439453125
8248,1.240234375,1.279296875,-0.1953125,-0.341796875
8249,1.201171875,1.162109375,-0.33203125,-0.29296875
8250,1.201171875,1.259765625,-0.2734375,-0.390625
8251,1.103515625,1.19140625,-0.1953125,-0.4296875
8252,1.357421875,1.171875,-0.234375,-0.3515625
8253,1.142578125,1.1328125,-0.341796875,-0.37109375
8254,1.259765625,1.162109375,-0.21484375,-0.33203125
8255,1.103515625,1.2109375,-0.25390625,-0.44921875
8256,1.240234375,1.2109375,-0.087890625,-0.380859375
8257,1.220703125,1.2109375,-0.185546875,-0.44921875
8258,1.26953125,1.171875,-0.322265625,-0.1953125
8259,1.220703125,1.26953125,-0.21484375,-0.380859375
8260,1.181640625,1.162109375,-0.25390625,-0.37109375
8261,1.259765625,1.142578125,-0.244140625,-0.44921875
8262,1.23046875,1.34765625,-0.234375,-0.380859375
8263,1.201171875,1.142578125,-0.205078125,-0.41015625
8264,1.142578125,1.171875,-0.244140625,-0.4296875
8265,1.201171875,1.2109375,-0.2734375,-0.3515625
8266,1.19140625,1.123046875,-0.234375,-0.380859375
8267,1.142578125,1.123046875,-0.244140625,-0.380859375
8268,1.162109375,1.015625,-0.283203125,-0.380859375
8269,1.201171875,1.123046875,-0.234375,-0.41015625
8270,1.123046875,1.11328125,-0.3515625,-0.322265625
8271,1.1328125,1.09375,-0.25390625,-0.380859375
8272,1.259765625,1.162109375,-0.2734375,-0.37109375
8273,1.03515625,1.083984375,-0.29296875,-0.48828125
8274,1.416015625,1.025390625,-0.25390625,-0.380859375
8275,1.19140625,1.07421875,-0.224609375,-0.322265625
8276,1.171875,1.181640625,-0.361328125,-0.439453125
8277,1.123046875,1.240234375,-0.3125,-0.4296875
8278,1.2109375,1.19140625,-0.2734375,-0.400390625
8279,1.279296875,1.083984375,-0.185546875,-0.380859375
8280,1.220703125,1.15234375,-0.21484375,-0.390625
8281,1.259765625,0.95703125,-0.224609375,-0.419921875
8282,1.19140625,1.0546875,-0.25390625,-0.25390625
8283,1.15234375,1.11328125,-0.25390625,-0.37109375
8284,1.171875,1.03515625,-0.166015625,-0.341796875
8285,1.123046875,1.005859375,-0.205078125,-0.439453125
8286,1.259765625,0.99609375,-0.1953125,-0.341796875
8287,1.23046875,1.0546875,-0.224609375,-0.302734375
8288,1.181640625,1.0546875,-0.263671875,-0.400390625
8289,1.279296875,1.09375,-0.205078125,-0.283203125
8290,1.19140625,1.005859375,-0.17578125,-0.390625
8291,1.19140625,1.015625,-0.263671875,-0.361328125
8292,1.25,1.15234375,-0.21484375,-0.41015625
8293,1.240234375,1.005859375,-0.224609375,-0.52734375
8294,1.259765625,1.083984375,-0.087890625,-0.263671875
8295,1.240234375,1.025390625,-0.283203125,-0.3515625
8296,1.26953125,1.015625,-0.244140625,-0.302734375
8297,1.23046875,0.95703125,-0.1953125,-0.21484375
8298,1.123046875,0.9375,-0.29296875,-0.458984375
8299,1.220703125,1.03515625,-0.234375,-0.322265625
8300,1.2109375,1.005859375,-0.33203125,-0.48828125
8301,1.19140625,1.03515625,-0.234375,-0.048828125
8302,1.201171875,1.171875,-0.244140625,-0.400390625
8303,1.298828125,1.025390625,-0.25390625,-0.37109375
8304,1.15234375,0.986328125,-0.37109375,-0.33203125
8305,1.2109375,0.87890625,-0.302734375,-0.361328125
8306,1.279296875,1.0546875,-0.146484375,-0.341796875
8307,1.2890625,0.947265625,-0.17578125,-0.224609375
8308,1.2109375,0.95703125,-0.380859375,-0.263671875
8309,1.240234375,1.083984375,-0.078125,-0.205078125
8310,1.162109375,1.07421875,-0.21484375,-0.322265625
8311,1.142578125,1.025390625,-0.185546875,-0.263671875
8312,1.220703125,1.03515625,-0.21484375,-0.302734375
8313,1.2109375,1.07421875,-0.25390625,-0.126953125
8314,1.171875,1.11328125,-0.25390625,-0.302734375
8315,1.181640625,0.99609375,-0.263671875,-0.361328125
8316,1.240234375,1.005859375,-0.283203125,-0.322265625
8317,1.142578125,1.015625,-0.25390625,-0.2734375
8318,1.2109375,1.123046875,-0.244140625,-0.283203125
8319,1.30859375,1.09375,-0.234375,-0.21484375
8320,1.15234375,1.201171875,-0.25390625,-0.302734375
8321,1.240234375,1.015625,-0.205078125,-0.2734375
8322,1.142578125,1.044921875,-0.224609375,-0.302734375
8323,1.181640625,1.123046875,-0.205078125,-0.283203125
8324,1.220703125,0.888671875,-0.263671875,-0.322265625
8325,1.162109375,0.966796875,-0.283203125,-0.33203125
8326,1.19140625,0.91796875,-0.21484375,-0.25390625
8327,1.15234375,0.986328125,-0.2734375,-0.322265625
8328,1.30859375,0.966796875,-0.283203125,-0.29296875
8329,1.201171875,0.9375,-0.263671875,-0.263671875
8330,1.259765625,0.9765625,-0.21484375,-0.361328125
8331,1.2109375,0.966796875,-0.234375,-0.13671875
8332,1.25,0.9765625,-0.302734375,-0.224609375
8333,1.2109375,1.005859375,-0.146484375,-0.3125
8334,1.318359375,1.005859375,-0.322265625,-0.205078125
8335,1.19140625,0.9765625,-0.185546875,-0.3125
8336,1.25,0.966796875,-0.1953125,-0.37109375
8337,1.298828125,1.044921875,-0.283203125,-0.263671875
8338,1.11328125,0.8984375,-0.17578125,-0.244140625
8339,1.15234375,1.201171875,-0.205078125,-0.29296875
8340,1.240234375,1.03515625,-0.185546875,-0.126953125
8341,1.220703125,0.9765625,-0.1953125,-0.205078125
8342,1.1328125,1.044921875,-0.29296875,-0.25390625
8343,1.15234375,1.064453125,-0.244140625,-0.46875
8344,1.09375,0.91796875,-0.185546875,-0.15625
8345,1.220703125,0.927734375,-0.185546875,-0.205078125
8346,1.19140625,0.947265625,-0.302734375,-0.3515625
8347,1.123046875,0.927734375,-0.224609375,-0.390625
8348,1.181640625,0.9765625,-0.166015625,-0.322265625
8349,1.201171875,1.064453125,-0.302734375,-0.244140625
8350,1.0546875,1.03515625,-0.234375,-0.4296875
8351,1.220703125,0.927734375,-0.25390625,-0.2734375
8352,1.23046875,1.015625,-0.21484375,-0.283203125
8353,1.201171875,0.986328125,-0.2734375,-0.400390625
8354,1.171875,1.0546875,-0.46875,-0.234375
8355,1.11328125,1.03515625,-0.205078125,-0.458984375
8356,1.2890625,1.09375,-0.224609375,-0.33203125
8357,1.201171875,1.015625,-0.302734375,-0.361328125
8358,1.2109375,1.083984375,-0.2734375,-0.2734375
8359,1.240234375,1.005859375,-0.263671875,-0.361328125
8360,1.298828125,1.005859375,-0.234375,-0.322265625
8361,1.25,1.0546875,-0.3515625,-0.185546875
8362,1.181640625,1.07421875,-0.2734375,-0.25390625
8363,1.2109375,1.083984375,-0.263671875,-0.283203125
8364,1.2109375,1.044921875,-0.302734375,-0.25390625
8365,1.23046875,1.064453125,-0.1953125,-0.15625
8366,1.240234375,1.025390625,-0.283203125,-0.1953125
8367,1.2109375,1.123046875,-0.263671875,-0.361328125
8368,1.142578125,1.044921875,-0.166015625,-0.2734375
8369,1.15234375,0.9765625,-0.302734375,-0.283203125
8370,1.201171875,1.025390625,-0.25390625,-0.419921875
8371,1.220703125,1.07421875,-0.234375,-0.25390625
8372,1.328125,1.0546875,-0.244140625,-0.244140625
8373,1.11328125,1.09375,0.029296875,-0.244140625
8374,1.279296875,1.03515625,-0.263671875,-0.341796875
8375,1.162109375,0.99609375,-0.17578125,-0.29296875
8376,1.2109375,1.03515625,-0.302734375,-0.361328125
8377,1.162109375,1.03515625,-0.224609375,-0.322265625
8378,1.162109375,1.064453125,-0.126953125,-0.2734375
8379,1.220703125,1.298828125,-0.05859375,-0.322265625
8380,1.220703125,1.025390625,-0.166015625,-0.126953125
8381,1.240234375,1.23046875,-0.1953125,-0.234375
8382,1.123046875,0.947265625,-0.361328125,-0.341796875
8383,1.15234375,1.005859375,-0.1171875,-0.224609375
8384,1.142578125,1.201171875,-0.146484375,-0.263671875
8385,1.19140625,1.09375,-0.166015625,-0.3125
8386,1.1328125,1.025390625,-0.17578125,-0.185546875
8387,1.23046875,0.99609375,-0.048828125,-0.21484375
8388,1.025390625,1.044921875,-0.185546875,-0.29296875
8389,1.19140625,1.025390625,-0.17578125,-0.166015625
8390,1.201171875,1.0546875,-0.185546875,-0.3125
8391,1.171875,0.927734375,-0.205078125,-0.25390625
8392,1.11328125,1.005859375,-0.341796875,-0.25390625
8393,1.240234375,1.09375,-0.29296875,-0.283203125
8394,1.23046875,1.103515625,-0.146484375,-0.29296875
8395,1.19140625,1.0546875,-0.17578125,-0.15625
8396,1.103515625,1.11328125,-0.283203125,-0.2734375
8397,1.103515625,0.9765625,-0.21484375,-0.263671875
8398,1.2109375,1.09375,-0.224609375,-0.48828125
8399,1.19140625,1.064453125,-0.234375,-0.244140625
8400,1.123046875,1.07421875,-0.29296875,-0.3125
8401,1.201171875,1.083984375,-0.2734375,-0.400390625
8402,1.220703125,1.0546875,-0.244140625,-0.244140625
8403,1.162109375,1.064453125,-0.263671875,-0.107421875
8404,1.044921875,1.09375,-0.15625,-0.400390625
8405,1.025390625,1.083984375,-0.1953125,-0.2734375
8406,1.220703125,1.103515625,-0.205078125,-0.224609375
8407,1.083984375,1.07421875,-0.1953125,-0.048828125
8408,1.15234375,1.064453125,-0.185546875,-0.33203125
8409,1.11328125,1.07421875,-0.1171875,-0.21484375
8410,1.23046875,1.142578125,-0.126953125,-0.126953125
8411,1.279296875,0.95703125,-0.185546875,-0.25390625
8412,1.240234375,1.11328125,-0.21484375,-0.205078125
8413,1.279296875,1.03515625,-0.126953125,-0.185546875
8414,1.337890625,1.07421875,-0.15625,-0.29296875
8415,1.23046875,1.103515625,-0.1171875,-0.1953125
8416,1.15234375,1.083984375,-0.244140625,-0.0390625
8417,1.298828125,1.123046875,-0.263671875,-0.302734375
8418,1.2109375,1.123046875,-0.087890625,-0.205078125
8419,1.259765625,1.103515625,-0.126953125,-0.224609375
8420,1.240234375,1.07421875,-0.185546875,-0.185546875
8421,1.279296875,1.083984375,-0.322265625,-0.263671875
8422,1.25,1.0546875,-0.341796875,-0.2734375
8423,1.19140625,1.025390625,-0.263671875,-0.263671875
8424,1.103515625,1.162109375,-0.234375,-0.205078125
8425,1.15234375,1.162109375,-0.234375,-0.244140625
8426,1.123046875,1.07421875,-0.244140625,-0.322265625
8427,1.07421875,1.03515625,-0.341796875,-0.244140625
8428,1.15234375,1.09375,-0.13671875,-0.21484375
8429,1.07421875,1.03515625,-0.244140625,-0.17578125
8430,1.181640625,1.044921875,-0.17578125,-0.29296875
8431,1.162109375,1.07421875,-0.1171875,-0.21484375
8432,1.1328125,1.03515625,-0.263671875,-0.25390625
8433,1.123046875,1.07421875,-0.37109375,-0.3125
8434,1.123046875,1.083984375,-0.224609375,-0.234375
8435,1.2890625,1.142578125,-0.283203125,-0.322265625
8436,1.1328125,1.103515625,-0.322265625,-0.234375
8437,1.1328125,0.87890625,-0.205078125,-0.263671875
8438,1.171875,1.044921875,-0.2734375,-0.234375
8439,1.220703125,1.0546875,-0.322265625,-0.224609375
8440,1.2109375,1.15234375,-0.1953125,-0.263671875
8441,1.26953125,1.123046875,-0.25390625,-0.048828125
8442,1.162109375,1.005859375,-0.341796875,-0.224609375
8443,1.162109375,1.2890625,-0.322265625,-0.1953125
8444,1.25,1.064453125,-0.21484375,-0.33203125
8445,1.181640625,1.11328125,-0.322265625,-0.205078125
8446,1.220703125,1.044921875,-0.4296875,-0.224609375
8447,1.162109375,1.083984375,-0.263671875,-0.146484375
8448,1.171875,1.240234375,-0.263671875,-0.166015625
8449,1.23046875,1.1328125,-0.15625,-0.234375
8450,1.25,1.044921875,-0.29296875,-0.2734375
8451,1.240234375,1.09375,-0.25390625,-0.205078125
8452,1.318359375,1.0546875,-0.068359375,-0.15625
8453,1.220703125,1.123046875,-0.224609375,-0.107421875
8454,1.2109375,0.95703125,-0.322265625,-0.283203125
8455,1.25,1.15234375,-0.205078125,-0.21484375
8456,1.103515625,1.083984375,-0.185546875,-0.234375
8457,1.07421875,0.99609375,-0.1953125,-0.21484375
8458,1.220703125,1.083984375,-0.205078125,-0.21484375
8459,1.240234375,1.064453125,-0.185546875,-0.3125
8460,1.083984375,1.1328125,-0.224609375,-0.25390625
8461,1.11328125,0.810546875,-0.166015625,-0.205078125
8462,1.15234375,1.064453125,-0.126953125,-0.205078125
8463,1.23046875,1.11328125,-0.205078125,-0.234375
8464,1.162109375,1.171875,-0.21484375,-0.25390625
8465,1.2109375,1.19140625,-0.234375,-0.458984375
8466,0.91796875,1.23046875,-0.224609375,-0.13671875
8467,1.240234375,1.162109375,-0.01953125,-0.166015625
8468,1.11328125,1.09375,-0.146484375,-0.21484375
8469,1.025390625,1.19140625,-0.166015625,-0.29296875
8470,1.0546875,1.142578125,-0.205078125,-0.224609375
8471,1.11328125,1.09375,-0.13671875,-0.087890625
8472,1.26953125,1.171875,-0.13671875,-0.234375
8473,1.220703125,1.09375,-0.263671875,-0.244140625
8474,1.240234375,1.044921875,-0.166015625,-0.3125
8475,1.0546875,1.083984375,-0.234375,-0.185546875
8476,1.09375,1.123046875,-0.09765625,-0.234375
8477,1.142578125,1.19140625,-0.1953125,-0.361328125
8478,1.1328125,1.162109375,-0.224609375,-0.390625
8479,1.25,1.123046875,-0.2734375,-0.244140625
8480,1.123046875,1.23046875,-0.166015625,-0.341796875
8481,1.11328125,1.123046875,-0.1953125,-0.1171875
8482,1.015625,1.181640625,-0.224609375,-0.205078125
8483,1.123046875,1.0546875,-0.15625,-0.361328125
8484,1.103515625,1.19140625,-0.15625,-0.146484375
8485,1.1328125,1.11328125,-0.166015625,-0.2734375
8486,1.083984375,1.0546875,-0.3125,-0.146484375
8487,1.19140625,1.07421875,-0.185546875,-0.0390625
8488,1.11328125,1.181640625,-0.234375,-0.234375
8489,1.142578125,1.201171875,-0.185546875,-0.244140625
8490,1.162109375,1.15234375,-0.1953125,-0.25390625
8491,1.162109375,1.19140625,-0.1953125,-0.205078125
8492,1.15234375,1.171875,-0.146484375,-0.244140625
8493,1.123046875,1.23046875,-0.17578125,-0.078125
8494,1.181640625,1.2109375,-0.283203125,-0.244140625
8495,1.142578125,1.162109375,-0.25390625,-0.166015625
8496,1.23046875,1.201171875,-0.1171875,-0.13671875
8497,1.26953125,1.09375,-0.13671875,-0.205078125
8498,1.15234375,1.19140625,-0.224609375,-0.166015625
8499,1.181640625,1.181640625,-0.1953125,-0.185546875
8500,1.15234375,1.3671875,-0.25390625,-0.263671875
8501,1.171875,1.11328125,-0.263671875,-0.25390625
8502,1.19140625,1.171875,-0.205078125,-0.17578125
8503,1.123046875,1.09375,-0.224609375,-0.3125
8504,1.201171875,1.181640625,-0.29296875,-0.29296875
8505,1.171875,1.181640625,-0.166015625,-0.185546875
8506,1.171875,1.19140625,-0.21484375,-0.3125
8507,1.220703125,1.064453125,-0.263671875,-0.224609375
8508,1.26953125,1.201171875,-0.21484375,-0.380859375
8509,1.201171875,0.947265625,-0.25390625,-0.283203125
8510,1.3671875,1.103515625,-0.234375,-0.302734375
8511,1.34765625,1.103515625,-0.21484375,-0.322265625
8512,1.25,1.259765625,-0.1953125,-0.322265625
8513,1.240234375,1.318359375,-0.1953125,-0.224609375
8514,1.25,1.220703125,-0.322265625,-0.302734375
8515,1.1328125,1.171875,-0.205078125,-0.302734375
8516,1.240234375,1.07421875,-0.146484375,-0.21484375
8517,1.30859375,1.11328125,-0.146484375,-0.302734375
8518,1.181640625,1.1328125,-0.1953125,-0.29296875
8519,1.2109375,1.25,-0.009765625,-0.205078125
8520,1.2109375,1.15234375,-0.107421875,-0.17578125
8521,1.162109375,1.171875,-0.15625,-0.25390625
8522,1.240234375,1.2109375,-0.107421875,-0.322265625
8523,1.181640625,1.201171875,-0.1953125,-0.341796875
8524,1.025390625,1.171875,-0.146484375,-0.25390625
8525,1.11328125,1.220703125,-0.107421875,-0.3125
8526,1.259765625,1.240234375,-0.1171875,-0.1953125
8527,1.11328125,1.19140625,-0.107421875,-0.21484375
8528,1.181640625,1.1328125,-0.1171875,-0.1953125
8529,1.083984375,1.11328125,-0.0390625,-0.25390625
8530,1.19140625,1.11328125,-0.146484375,-0.17578125
8531,1.11328125,1.15234375,0.0390625,-0.25390625
8532,1.123046875,1.15234375,-0.205078125,-0.21484375
8533,1.0546875,1.07421875,-0.2734375,-0.33203125
8534,1.11328125,1.30859375,-0.205078125,-0.25390625
8535,1.25,1.19140625,-0.087890625,-0.185546875
8536,1.220703125,1.259765625,-0.205078125,-0.048828125
8537,1.220703125,1.1328125,-0.37109375,-0.25390625
8538,1.279296875,1.240234375,-0.341796875,-0.29296875
8539,1.2890625,1.201171875,-0.263671875,-0.25390625
8540,1.19140625,1.181640625,-0.146484375,-0.2734375
8541,1.220703125,1.201171875,-0.302734375,-0.244140625
8542,1.396484375,1.201171875,-0.2734375,-0.44921875
8543,1.220703125,1.25,-0.1953125,-0.234375
8544,1.220703125,1.181640625,-0.3515625,-0.25390625
8545,1.123046875,1.2109375,-0.3515625,-0.3515625
8546,1.123046875,1.23046875,-0.126953125,-0.361328125
8547,1.19140625,1.162109375,-0.263671875,-0.29296875
8548,1.240234375,1.142578125,-0.25390625,-0.29296875
8549,1.15234375,1.15234375,-0.09765625,-0.25390625
8550,1.259765625,1.240234375,-0.205078125,-0.21484375
8551,1.142578125,1.19140625,-0.244140625,-0.322265625
8552,1.19140625,1.03515625,-0.234375,-0.263671875
8553,1.23046875,1.2109375,-0.234375,-0.21484375
8554,1.2109375,1.15234375,-0.29296875,-0.1953125
8555,1.30859375,1.07421875,-0.302734375,-0.13671875
8556,1.201171875,1.240234375,-0.17578125,-0.263671875
8557,1.103515625,1.201171875,-0.3125,-0.224609375
8558,1.162109375,1.09375,-0.205078125,-0.302734375
8559,1.19140625,1.15234375,-0.17578125,-0.302734375
8560,1.19140625,1.09375,-0.224609375,-0.283203125
8561,1.142578125,1.09375,-0.185546875,-0.29296875
8562,1.162109375,1.171875,-0.380859375,-0.205078125
8563,1.15234375,1.19140625,-0.205078125,-0.283203125
8564,1.220703125,1.0546875,-0.25390625,-0.283203125
8565,1.1328125,1.220703125,-0.13671875,-0.29296875
8566,1.083984375,1.201171875,-0.146484375,-0.302734375
8567,1.171875,1.07421875,-0.244140625,-0.400390625
8568,1.19140625,1.162109375,-0.234375,-0.283203125
8569,1.07421875,1.23046875,-0.205078125,-0.29296875
8570,1.142578125,1.123046875,-0.205078125,-0.37109375
8571,1.11328125,1.11328125,-0.146484375,-0.29296875
8572,1.15234375,1.171875,-0.283203125,-0.341796875
8573,1.015625,1.181640625,-0.244140625,-0.33203125
8574,1.19140625,1.279296875,-0.380859375,-0.33203125
8575,1.123046875,1.201171875,-0.25390625,-0.283203125
8576,1.34765625,1.19140625,-0.234375,-0.380859375
8577,1.201171875,1.240234375,-0.205078125,-0.341796875
8578,1.19140625,1.15234375,-0.166015625,-0.33203125
8579,1.259765625,1.1328125,-0.224609375,-0.341796875
8580,1.201171875,1.171875,-0.458984375,-0.3515625
8581,1.25,1.181640625,-0.224609375,-0.244140625
8582,1.162109375,1.201171875,-0.283203125,-0.107421875
8583,1.259765625,1.181640625,-0.4296875,-0.400390625
8584,1.2109375,1.181640625,-0.302734375,-0.283203125
8585,1.2109375,1.201171875,-0.263671875,-0.3515625
8586,1.220703125,1.09375,-0.3125,-0.400390625
8587,1.337890625,1.123046875,-0.244140625,-0.1953125
8588,1.19140625,1.15234375,-0.234375,-0.322265625
8589,1.318359375,1.11328125,-0.166015625,-0.37109375
8590,1.220703125,1.201171875,-0.244140625,-0.234375
8591,1.34765625,1.171875,-0.302734375,-0.37109375
8592,1.2890625,1.19140625,-0.3125,-0.33203125
8593,1.279296875,1.30859375,-0.17578125,-0.205078125
8594,1.259765625,1.171875,-0.234375,-0.224609375
8595,1.337890625,1.328125,-0.224609375,-0.3125
8596,1.279296875,1.298828125,-0.078125,-0.1953125
8597,1.30859375,1.2109375,-0.224609375,-0.283203125
8598,1.328125,1.25,-0.234375,-0.224609375
8599,1.318359375,1.318359375,-0.302734375,-0.3515625
8600,1.25,1.259765625,-0.263671875,-0.244140625
8601,1.3671875,1.337890625,-0.244140625,-0.283203125
8602,1.279296875,1.171875,-0.166015625,-0.302734375
8603,1.318359375,1.298828125,-0.2734375,-0.17578125
8604,1.328125,1.30859375,-0.322265625,-0.302734375
8605,1.2890625,1.30859375,-0.2734375,-0.33203125
8606,1.34765625,1.201171875,-0.263671875,-0.29296875
8607,1.34765625,1.2109375,-0.361328125,-0.3125
8608,1.357421875,1.2109375,-0.3515625,-0.302734375
8609,1.318359375,1.23046875,-0.21484375,-0.419921875
8610,1.328125,1.34765625,-0.224609375,-0.29296875
8611,1.2890625,1.23046875,-0.2734375,-0.205078125
8612,1.4453125,1.240234375,-0.21484375,-0.146484375
8613,1.376953125,1.2109375,-0.13671875,-0.3125
8614,1.40625,1.23046875,-0.33203125,-0.380859375
8615,1.30859375,1.318359375,-0.33203125,-0.25390625
8616,1.34765625,1.240234375,-0.33203125,-0.341796875
8617,1.3671875,1.25,-0.234375,-0.33203125
8618,1.240234375,1.279296875,-0.244140625,-0.2734375
8619,1.25,1.19140625,-0.25390625,-0.33203125
8620,1.279296875,1.30859375,-0.15625,-0.302734375
8621,1.19140625,1.279296875,-0.205078125,-0.33203125
8622,1.240234375,1.181640625,-0.205078125,-0.29296875
8623,1.2890625,1.201171875,-0.17578125,-0.37109375
8624,1.15234375,1.240234375,-0.263671875,-0.322265625
8625,1.30859375,1.220703125,-0.15625,-0.37109375
8626,1.26953125,1.23046875,-0.234375,-0.341796875
8627,1.328125,1.259765625,-0.234375,-0.615234375
8628,1.240234375,1.220703125,-0.234375,-0.44921875
8629,1.26953125,1.19140625,-0.09765625,-0.33203125
8630,1.279296875,1.2890625,-0.21484375,-0.546875
8631,1.240234375,1.2890625,-0.126953125,-0.341796875
8632,1.259765625,1.123046875,-0.29296875,-0.439453125
8633,1.279296875,1.240234375,-0.146484375,-0.33203125
8634,1.220703125,1.279296875,-0.244140625,-0.400390625
8635,1.15234375,1.40625,-0.361328125,-0.41015625
8636,1.162109375,1.220703125,-0.1171875,-0.37109375
8637,1.201171875,1.416015625,-0.234375,-0.361328125
8638,1.09375,1.181640625,-0.2734375,-0.37109375
8639,1.171875,1.318359375,-0.341796875,-0.419921875
8640,1.162109375,1.42578125,-0.244140625,-0.3515625
8641,1.171875,1.25,-0.13671875,-0.29296875
8642,1.23046875,1.201171875,-0.341796875,-0.3125
8643,1.2109375,1.201171875,-0.205078125,-0.4296875
8644,1.1328125,1.142578125,-0.390625,-0.380859375
8645,1.171875,1.23046875,-0.2734375,-0.322265625
8646,1.19140625,1.328125,-0.3125,-0.361328125
8647,1.19140625,1.1328125,-0.283203125,-0.37109375
8648,1.328125,1.171875,-0.29296875,-0.37109375
8649,1.259765625,1.201171875,-0.33203125,-0.419921875
8650,1.1328125,1.220703125,-0.25390625,-0.3125
8651,1.240234375,1.171875,-0.283203125,-0.29296875
8652,1.220703125,1.201171875,-0.244140625,-0.341796875
8653,1.23046875,1.0546875,-0.13671875,-0.263671875
8654,1.30859375,1.162109375,-0.25390625,-0.29296875
8655,1.220703125,1.142578125,-0.244140625,-0.41015625
8656,1.34765625,1.123046875,-0.3515625,-0.41015625
8657,1.201171875,1.240234375,-0.302734375,-0.3125
8658,1.19140625,1.181640625,-0.205078125,-0.25390625
8659,1.2109375,1.19140625,-0.13671875,-0.419921875
8660,1.181640625,1.123046875,-0.263671875,-0.41015625
8661,1.220703125,1.11328125,-0.244140625,-0.517578125
8662,1.34765625,1.23046875,-0.2734375,-0.361328125
8663,1.201171875,1.15234375,-0.224609375,-0.322265625
8664,1.337890625,1.1328125,-0.244140625,-0.458984375
8665,1.123046875,1.2109375,-0.234375,-0.3125
8666,1.2109375,1.259765625,-0.185546875,-0.37109375
8667,1.25,1.19140625,-0.244140625,-0.44921875
8668,1.30859375,1.11328125,-0.41015625,-0.322265625
8669,1.162109375,1.1328125,-0.46875,-0.33203125
8670,1.318359375,1.2109375,-0.3125,-0.41015625
8671,1.23046875,1.11328125,-0.361328125,-0.458984375
8672,1.142578125,1.23046875,-0.283203125,-0.439453125
8673,1.220703125,1.09375,-0.263671875,-0.390625
8674,1.240234375,1.259765625,-0.244140625,-0.41015625
8675,1.162109375,1.38671875,-0.29296875,-0.41015625
8676,1.142578125,1.2109375,-0.25390625,-0.283203125
8677,1.240234375,1.220703125,-0.234375,-0.361328125
8678,1.15234375,1.25,-0.234375,-0.44921875
8679,1.142578125,1.259765625,-0.3125,-0.2734375
8680,1.15234375,1.259765625,-0.3515625,-0.380859375
8681,1.171875,1.142578125,-0.380859375,-0.41015625
8682,1.23046875,1.201171875,-0.29296875,-0.3515625
8683,1.2109375,1.19140625,-0.205078125,-0.37109375
8684,1.201171875,1.064453125,-0.185546875,-0.380859375
8685,1.171875,1.23046875,-0.29296875,-0.322265625
8686,1.240234375,1.171875,-0.21484375,-0.390625
8687,1.201171875,1.03515625,-0.263671875,-0.380859375
8688,1.07421875,1.162109375,-0.1953125,-0.400390625
8689,1.142578125,1.19140625,-0.2734375,-0.3125
8690,1.171875,1.181640625,-0.234375,-0.400390625
8691,1.259765625,1.15234375,-0.1953125,-0.37109375
8692,1.2109375,0.986328125,-0.205078125,-0.400390625
8693,1.142578125,1.15234375,-0.1953125,-0.302734375
8694,1.142578125,1.259765625,-0.283203125,-0.419921875
8695,1.23046875,1.2890625,-0.224609375,-0.322265625
8696,1.171875,1.142578125,-0.1171875,-0.33203125
8697,1.201171875,1.064453125,-0.263671875,-0.390625
8698,1.09375,1.34765625,-0.263671875,-0.37109375
8699,1.15234375,1.19140625,-0.263671875,-0.3125
8700,1.1328125,1.0546875,-0.322265625,-0.302734375
8701,1.171875,1.11328125,-0.224609375,-0.390625
8702,1.142578125,0.908203125,-0.224609375,-0.37109375
8703,1.220703125,1.07421875,-0.185546875,-0.21484375
8704,1.220703125,1.123046875,-0.25390625,-0.546875
8705,1.337890625,1.279296875,-0.341796875,-0.283203125
8706,1.1328125,1.15234375,-0.341796875,-0.380859375
8707,1.298828125,0.9765625,-0.263671875,-0.3125
8708,1.259765625,1.15234375,-0.302734375,-0.3125
8709,1.171875,1.09375,-0.390625,-0.283203125
8710,1.201171875,1.171875,-0.283203125,-0.322265625
8711,1.201171875,1.07421875,-0.25390625,-0.2734375
8712,1.25,1.064453125,-0.283203125,-0.439453125
8713,1.2890625,1.0546875,-0.166015625,-0.25390625
8714,1.19140625,1.0546875,-0.234375,-0.361328125
8715,1.259765625,1.142578125,-0.166015625,-0.44921875
8716,1.3671875,1.044921875,-0.21484375,-0.390625
8717,1.318359375,1.123046875,-0.185546875,-0.341796875
8718,1.240234375,1.103515625,-0.107421875,-0.263671875
8719,1.2109375,1.11328125,-0.224609375,-0.33203125
8720,1.318359375,1.09375,-0.244140625,-0.29296875
8721,1.25,1.181640625,-0.107421875,-0.3125
8722,1.181640625,0.986328125,-0.234375,-0.5078125
8723,1.162109375,1.1328125,-0.21484375,-0.341796875
8724,1.259765625,1.064453125,-0.146484375,-0.37109375
8725,1.23046875,1.11328125,-0.234375,-0.33203125
8726,1.298828125,1.123046875,-0.302734375,-0.419921875
8727,1.25,1.025390625,-0.263671875,-0.5078125
8728,1.171875,0.986328125,-0.224609375,-0.322265625
8729,1.30859375,1.015625,-0.1953125,-0.380859375
8730,1.162109375,0.966796875,-0.224609375,-0.498046875
8731,1.2109375,1.015625,-0.3125,-0.44921875
8732,1.19140625,0.8984375,-0.185546875,-0.37109375
8733,1.142578125,0.986328125,-0.244140625,-0.361328125
8734,1.181640625,0.966796875,-0.166015625,-0.3125
8735,1.15234375,1.005859375,-0.322265625,-0.37109375
8736,1.23046875,0.9375,-0.37109375,-0.361328125
8737,1.23046875,1.015625,-0.1953125,-0.361328125
8738,1.19140625,1.298828125,-0.21484375,-0.2734375
8739,1.201171875,0.95703125,-0.322265625,-0.33203125
8740,1.171875,0.9375,-0.25390625,-0.283203125
8741,1.0546875,1.083984375,-0.224609375,-0.2734375
8742,1.15234375,1.11328125,-0.361328125,-0.244140625
8743,1.19140625,1.142578125,-0.25390625,-0.17578125
8744,1.25,1.240234375,-0.234375,-0.21484375
8745,1.259765625,1.240234375,-0.3125,-0.15625
8746,1.3671875,1.064453125,-0.263671875,-0.361328125
8747,1.25,0.87890625,-0.1171875,-0.25390625
8748,1.1328125,1.07421875,-0.21484375,-0.263671875
8749,1.15234375,1.07421875,-0.302734375,-0.322265625
8750,1.201171875,0.9765625,-0.25390625,-0.2734375
8751,1.259765625,1.064453125,-0.302734375,-0.263671875
8752,1.201171875,1.044921875,-0.224609375,-0.17578125
8753,1.162109375,1.0546875,-0.21484375,-0.322265625
8754,1.15234375,1.0546875,-0.302734375,-0.322265625
8755,1.337890625,1.103515625,-0.234375,-0.166015625
8756,1.2109375,0.99609375,-0.244140625,-0.2734375
8757,1.259765625,1.171875,-0.234375,-0.361328125
8758,1.083984375,0.99609375,-0.185546875,-0.107421875
8759,1.337890625,1.005859375,-0.205078125,-0.234375
8760,1.181640625,0.95703125,-0.244140625,-0.322265625
8761,1.23046875,0.99609375,-0.1171875,-0.341796875
8762,1.1328125,1.064453125,-0.244140625,-0.3515625
8763,1.2109375,0.91796875,-0.224609375,-0.37109375
8764,1.298828125,0.966796875,-0.224609375,-0.37109375
8765,1.181640625,0.9765625,-0.17578125,-0.33203125
8766,1.19140625,0.986328125,-0.21484375,-0.341796875
8767,1.181640625,1.005859375,-0.25390625,-0.33203125
8768,1.201171875,0.9375,-0.224609375,-0.302734375
8769,1.220703125,0.908203125,-0.146484375,-0.29296875
8770,1.09375,1.025390625,-0.25390625,-0.15625
8771,1.30859375,1.005859375,-0.21484375,-0.234375
8772,1.171875,1.015625,-0.09765625,-0.1953125
8773,1.23046875,1.005859375,-0.341796875,-0.3125
8774,1.318359375,1.07421875,-0.234375,-0.419921875
8775,1.220703125,1.162109375,-0.21484375,-0.25390625
8776,1.23046875,0.966796875,-0.263671875,-0.322265625
8777,1.259765625,0.966796875,-0.234375,-0.263671875
8778,1.2109375,0.9765625,-0.1953125,-0.263671875
8779,1.2109375,0.966796875,-0.29296875,-0.33203125
8780,1.1328125,1.015625,-0.234375,-0.361328125
8781,1.23046875,0.849609375,-0.13671875,-0.33203125
8782,1.201171875,1.03515625,-0.25390625,-0.33203125
8783,1.240234375,1.03515625,-0.263671875,-0.341796875
8784,1.318359375,1.025390625,-0.17578125,-0.419921875
8785,1.201171875,0.947265625,-0.380859375,-0.29296875
8786,1.240234375,1.03515625,-0.224609375,-0.29296875
8787,1.201171875,1.083984375,-0.234375,-0.263671875
8788,1.19140625,1.083984375,-0.087890625,-0.234375
8789,1.181640625,1.015625,-0.33203125,-0.44921875
8790,1.220703125,1.044921875,-0.2734375,-0.283203125
8791,1.181640625,1.03515625,-0.29296875,-0.302734375
8792,1.240234375,1.005859375,-0.283203125,-0.166015625
8793,1.09375,1.005859375,-0.166015625,-0.234375
8794,1.25,1.142578125,-0.146484375,-0.25390625
8795,1.162109375,1.015625,-0.1953125,-0.29296875
8796,1.11328125,0.888671875,-0.13671875,-0.283203125
8797,1.2109375,1.005859375,-0.2734375,-0.244140625
8798,1.083984375,1.03515625,-0.185546875,-0.13671875
8799,1.2890625,1.171875,-0.1953125,-0.29296875
8800,1.142578125,1.015625,-0.3515625,-0.244140625
8801,1.25,1.142578125,-0.283203125,-0.17578125
8802,1.25,1.025390625,-0.17578125,-0.302734375
8803,1.15234375,1.0546875,-0.205078125,-0.17578125
8804,1.181640625,1.123046875,-0.13671875,-0.341796875
8805,1.1328125,1.025390625,-0.126953125,-0.283203125
8806,1.123046875,1.015625,-0.244140625,-0.244140625
8807,1.1328125,1.15234375,-0.244140625,-0.29296875
8808,1.123046875,1.015625,-0.224609375,-0.3125
8809,1.15234375,1.025390625,-0.068359375,-0.234375
8810,1.142578125,1.083984375,-0.21484375,-0.4296875
8811,1.1328125,1.07421875,-0.146484375,-0.224609375
8812,1.181640625,1.03515625,-0.1171875,-0.25390625
8813,1.357421875,1.07421875,-0.224609375,-0.322265625
8814,1.064453125,0.888671875,-0.166015625,-0.234375
8815,1.07421875,0.91796875,-0.263671875,-0.25390625
8816,1.171875,1.025390625,-0.146484375,-0.166015625
8817,1.171875,0.986328125,-0.185546875,-0.29296875
8818,1.171875,1.15234375,-0.205078125,-0.146484375
8819,1.123046875,1.162109375,-0.166015625,-0.2734375
8820,1.09375,1.181640625,-0.087890625,-0.25390625
8821,1.142578125,1.03515625,-0.126953125,-0.244140625
8822,1.201171875,1.0546875,-0.29296875,-0.2734375
8823,1.123046875,1.005859375,-0.234375,-0.5078125
8824,1.23046875,0.927734375,-0.3125,-0.29296875
8825,1.171875,1.064453125,-0.224609375,-0.21484375
8826,1.2890625,1.1328125,-0.224609375,-0.048828125
8827,1.15234375,1.142578125,-0.2734375,-0.283203125
8828,1.162109375,1.064453125,-0.21484375,-0.33203125
8829,1.1328125,1.103515625,-0.224609375,-0.166015625
8830,1.07421875,1.142578125,-0.244140625,-0.25390625
8831,1.181640625,0.99609375,-0.29296875,-0.302734375
8832,1.15234375,1.044921875,-0.3125,-0.322265625
8833,1.181640625,1.11328125,-0.21484375,-0.3125
8834,1.25,1.03515625,-0.09765625,-0.263671875
8835,1.2109375,1.09375,-0.185546875,-0.29296875
8836,1.19140625,1.19140625,-0.361328125,-0.263671875
8837,1.240234375,1.064453125,-0.146484375,-0.361328125
8838,1.201171875,1.11328125,-0.21484375,-0.361328125
8839,1.220703125,1.11328125,-0.166015625,-0.2734375
8840,1.220703125,1.03515625,0.009765625,-0.439453125
8841,1.201171875,1.123046875,-0.17578125,-0.25390625
8842,1.30859375,0.986328125,-0.146484375,-0.3125
8843,1.240234375,1.0546875,-0.302734375,-0.29296875
8844,1.220703125,1.03515625,-0.234375,-0.205078125
8845,1.162109375,0.95703125,-0.205078125,-0.21484375
8846,1.25,1.142578125,-0.322265625,-0.361328125
8847,1.2109375,1.015625,-0.25390625,-0.224609375
8848,1.30859375,1.220703125,-0.263671875,-0.283203125
8849,1.220703125,0.947265625,-0.107421875,-0.2734375
8850,1.220703125,1.142578125,-0.166015625,-0.078125
8851,1.162109375,0.9375,-0.234375,-0.21484375
8852,1.2109375,1.015625,-0.283203125,-0.21484375
8853,1.240234375,1.123046875,-0.25390625,-0.146484375
8854,1.162109375,1.181640625,-0.185546875,-0.17578125
8855,1.162109375,1.11328125,-0.302734375,-0.21484375
8856,1.201171875,1.083984375,-0.322265625,-0.283203125
8857,1.40625,1.26953125,-0.234375,-0.263671875
8858,1.142578125,1.171875,-0.17578125,-0.263671875
8859,1.162109375,1.1328125,-0.33203125,0.05859375
8860,1.23046875,1.015625,-0.29296875,-0.21484375
8861,1.15234375,1.044921875,-0.15625,-0.17578125
8862,1.162109375,1.07421875,-0.244140625,-0.302734375
8863,1.171875,1.015625,-0.263671875,-0.244140625
8864,1.201171875,1.064453125,-0.458984375,-0.185546875
8865,1.07421875,1.11328125,-0.224609375,-0.205078125
8866,1.2109375,1.064453125,-0.29296875,-0.17578125
8867,1.23046875,1.005859375,-0.322265625,-0.283203125
8868,0.95703125,1.0546875,-0.2734375,-0.29296875
8869,1.15234375,1.09375,-0.283203125,-0.234375
8870,1.0546875,1.0546875,-0.244140625,-0.166015625
8871,1.103515625,1.044921875,-0.2734375,-0.37109375
8872,1.19140625,1.025390625,-0.234375,-0.234375
8873,1.123046875,1.181640625,-0.17578125,-0.234375
8874,1.23046875,0.966796875,-0.29296875,-0.3125
8875,1.4453125,1.03515625,-0.263671875,-0.25390625
8876,1.15234375,1.09375,-0.1953125,-0.244140625
8877,1.07421875,1.142578125,-0.205078125,-0.13671875
8878,1.181640625,1.044921875,-0.21484375,-0.21484375
8879,1.220703125,1.162109375,-0.2734375,-0.234375
8880,1.19140625,1.044921875,-0.224609375,-0.283203125
8881,1.181640625,1.103515625,-0.25390625,-0.185546875
8882,1.19140625,0.9765625,-0.185546875,-0.263671875
8883,1.07421875,1.083984375,-0.2734375,-0.458984375
8884,1.26953125,1.025390625,-0.2734375,-0.2734375
8885,1.220703125,1.064453125,-0.419921875,-0.15625
8886,1.171875,1.083984375,-0.263671875,-0.234375
8887,1.103515625,1.0546875,-0.166015625,-0.13671875
8888,1.064453125,1.171875,-0.224609375,-0.205078125
8889,1.181640625,1.083984375,-0.25390625,-0.224609375
8890,1.220703125,1.162109375,-0.224609375,-0.15625
8891,1.1328125,1.083984375,-0.29296875,-0.234375
8892,1.1328125,1.083984375,-0.224609375,-0.13671875
8893,1.25,1.044921875,-0.244140625,-0.234375
8894,1.19140625,1.1328125,-0.380859375,-0.17578125
8895,1.1328125,1.220703125,-0.283203125,-0.3125
8896,1.103515625,1.07421875,-0.15625,-0.361328125
8897,1.123046875,1.181640625,-0.185546875,-0.244140625
8898,1.11328125,1.083984375,-0.15625,-0.29296875
8899,1.1328125,1.123046875,-0.21484375,-0.322265625
8900,1.07421875,1.07421875,-0.1953125,-0.244140625
8901,1.2109375,1.11328125,-0.29296875,-0.29296875
8902,1.0546875,1.15234375,-0.1953125,-0.341796875
8903,1.09375,0.986328125,-0.224609375,-0.283203125
8904,1.220703125,1.1328125,-0.205078125,-0.205078125
8905,1.11328125,1.11328125,-0.224609375,-0.17578125
8906,1.103515625,1.201171875,-0.185546875,-0.302734375
8907,1.15234375,1.064453125,-0.25390625,-0.185546875
8908,1.044921875,1.2109375,-0.2734375,-0.244140625
8909,1.123046875,1.1328125,-0.341796875,-0.224609375
8910,1.1328125,1.19140625,-0.25390625,-0.21484375
8911,1.201171875,1.11328125,-0.25390625,-0.185546875
8912,1.201171875,1.103515625,-0.322265625,-0.263671875
8913,1.2109375,1.044921875,-0.3515625,-0.205078125
8914,1.15234375,1.11328125,-0.21484375,-0.224609375
8915,1.2109375,1.1328125,-0.41015625,-0.25390625
8916,1.2109375,1.19140625,-0.283203125,-0.205078125
8917,1.220703125,1.1328125,-0.17578125,-0.25390625
8918,1.181640625,1.162109375,-0.15625,-0.21484375
8919,1.171875,1.19140625,-0.185546875,-0.21484375
8920,1.142578125,1.103515625,-0.13671875,-0.234375
8921,1.201171875,1.328125,-0.1953125,-0.166015625
8922,1.220703125,1.2109375,-0.234375,-0.21484375
8923,1.1328125,1.171875,-0.15625,-0.25390625
8924,1.25,1.181640625,-0.17578125,-0.283203125
8925,1.171875,1.1328125,-0.205078125,-0.2734375
8926,1.142578125,1.162109375,-0.15625,-0.1171875
8927,1.2109375,1.15234375,-0.185546875,-0.2734375
8928,1.171875,1.26953125,-0.17578125,-0.1953125
8929,1.220703125,1.15234375,-0.126953125,-0.234375
8930,1.2890625,1.19140625,-0.205078125,-0.205078125
8931,1.123046875,1.19140625,-0.09765625,-0.29296875
8932,1.103515625,1.1328125,-0.244140625,-0.29296875
8933,1.25,1.162109375,-0.234375,-0.283203125
8934,1.11328125,1.328125,-0.2734375,-0.205078125
8935,1.142578125,1.23046875,-0.29296875,-0.234375
8936,1.240234375,1.123046875,-0.244140625,-0.234375
8937,1.19140625,1.083984375,-0.234375,-0.341796875
8938,1.123046875,1.2109375,-0.234375,-0.244140625
8939,1.25,1.337890625,-0.205078125,-0.1953125
8940,1.19140625,1.259765625,-0.263671875,-0.234375
8941,1.25,1.201171875,-0.3125,-0.05859375
8942,1.181640625,1.162109375,-0.244140625,-0.44921875
8943,1.279296875,1.103515625,-0.33203125,-0.17578125
8944,1.162109375,1.23046875,-0.283203125,-0.322265625
8945,1.279296875,1.1328125,-0.21484375,-0.302734375
8946,1.30859375,1.1328125,-0.322265625,-0.244140625
8947,1.298828125,1.2109375,-0.25390625,-0.3125
8948,1.279296875,1.083984375,-0.146484375,-0.2734375
8949,1.240234375,1.240234375,-0.205078125,-0.322265625
8950,1.19140625,1.19140625,-0.244140625,-0.224609375
8951,1.103515625,1.1328125,-0.224609375,-0.146484375
8952,1.34765625,1.357421875,-0.17578125,-0.2734375
8953,1.162109375,1.123046875,-0.1953125,-0.205078125
8954,1.171875,1.26953125,-0.244140625,-0.234375
8955,1.19140625,1.201171875,-0.283203125,-0.302734375
8956,1.171875,1.09375,-0.302734375,-0.361328125
8957,1.25,1.123046875,-0.244140625,-0.419921875
8958,1.171875,1.1328125,-0.107421875,-0.2734375
8959,1.201171875,1.181640625,-0.17578125,-0.17578125
8960,1.2109375,1.2109375,-0.234375,-0.4296875
8961,1.083984375,1.2109375,-0.234375,-0.25390625
8962,1.142578125,1.181640625,-0.21484375,-0.166015625
8963,1.09375,1.220703125,-0.244140625,-0.15625
8964,1.19140625,1.220703125,-0.234375,-0.302734375
8965,1.171875,1.064453125,-0.21484375,-0.33203125
8966,1.318359375,1.23046875,-0.244140625,-0.17578125
8967,1.162109375,1.19140625,-0.224609375,-0.33203125
8968,1.2109375,1.19140625,-0.25390625,-0.322265625
8969,1.162109375,1.162109375,-0.244140625,-0.3125
8970,1.2890625,1.181640625,-0.2734375,-0.29296875
8971,1.259765625,1.09375,-0.25390625,-0.244140625
8972,1.19140625,1.25,-0.322265625,-0.146484375
8973,1.220703125,1.2109375,-0.185546875,-0.322265625
8974,1.171875,1.103515625,-0.126953125,-0.390625
8975,1.181640625,1.171875,-0.3125,-0.21484375
8976,1.19140625,1.23046875,-0.185546875,-0.33203125
8977,1.083984375,1.25,-0.2734375,-0.498046875
8978,1.25,1.19140625,-0.2734375,-0.2734375
8979,1.171875,1.298828125,-0.263671875,-0.25390625
8980,1.19140625,1.15234375,-0.146484375,-0.1953125
8981,1.298828125,1.181640625,-0.1953125,-0.166015625
8982,1.220703125,1.09375,-0.33203125,-0.29296875
8983,1.2109375,1.162109375,-0.146484375,-0.3125
8984,1.19140625,1.220703125,-0.234375,-0.205078125
8985,1.298828125,1.2109375,-0.283203125,-0.283203125
8986,1.23046875,1.25,-0.390625,-0.361328125
8987,1.15234375,1.103515625,-0.244140625,-0.166015625
8988,1.2109375,1.181640625,-0.224609375,-0.302734375
8989,1.181640625,1.162109375,-0.283203125,-0.3125
8990,1.2109375,1.162109375,-0.224609375,-0.21484375
8991,1.259765625,1.279296875,-0.3515625,-0.322265625
8992,1.19140625,1.083984375,-0.283203125,-0.2734375
8993,1.181640625,1.240234375,-0.283203125,-0.263671875
8994,1.30859375,1.25,-0.244140625,-0.29296875
8995,1.279296875,1.1328125,-0.146484375,-0.1953125
8996,1.220703125,1.171875,-0.224609375,-0.224609375
8997,1.201171875,1.220703125,-0.244140625,-0.25390625
8998,1.23046875,1.0546875,-0.166015625,-0.3125
8999,1.279296875,1.123046875,-0.146484375,-0.107421875
9000,1.123046875,1.23046875,-0.29296875,-0.25390625
9001,1.240234375,1.25,-0.087890625,-0.33203125
9002,1.142578125,1.25,-0.361328125,-0.25390625
9003,1.09375,1.201171875,-0.29296875,-0.33203125
9004,1.25,1.171875,-0.185546875,-0.302734375
9005,1.2890625,1.30859375,-0.263671875,-0.263671875
9006,1.328125,1.259765625,-0.21484375,-0.322265625
9007,1.23046875,1.181640625,-0.224609375,-0.302734375
9008,1.2890625,1.19140625,-0.341796875,-0.244140625
9009,1.259765625,1.201171875,-0.244140625,-0.263671875
9010,1.201171875,1.11328125,-0.44921875,-0.29296875
9011,1.181640625,1.162109375,-0.302734375,-0.224609375
9012,1.2890625,1.19140625,-0.322265625,-0.283203125
9013,1.162109375,1.15234375,-0.283203125,-0.29296875
9014,1.259765625,1.328125,-0.185546875,-0.205078125
9015,1.3671875,1.23046875,-0.302734375,-0.361328125
9016,1.25,1.19140625,-0.322265625,-0.283203125
9017,1.240234375,1.15234375,-0.166015625,-0.3125
9018,1.298828125,1.240234375,-0.21484375,-0.15625
9019,1.34765625,1.25,-0.029296875,-0.380859375
9020,1.25,1.162109375,-0.087890625,-0.244140625
9021,1.279296875,1.2890625,-0.234375,-0.3125
9022,1.3671875,1.298828125,-0.146484375,-0.3125
9023,1.259765625,1.220703125,-0.185546875,-0.361328125
9024,1.42578125,1.201171875,-0.205078125,-0.185546875
9025,1.357421875,1.11328125,-0.078125,-0.341796875
9026,1.298828125,1.162109375,-0.21484375,-0.361328125
9027,1.298828125,1.201171875,-0.234375,-0.400390625
9028,1.279296875,1.181640625,-0.126953125,-0.3515625
9029,1.2890625,1.201171875,-0.078125,-0.341796875
9030,1.318359375,1.23046875,-0.185546875,-0.224609375
9031,1.337890625,1.25,-0.29296875,-0.302734375
9032,1.298828125,1.201171875,-0.166015625,-0.37109375
9033,1.30859375,1.259765625,-0.2734375,-0.341796875
9034,1.357421875,1.328125,-0.3515625,-0.302734375
9035,1.34765625,1.279296875,-0.234375,-0.322265625
9036,1.279296875,1.25,-0.146484375,-0.478515625
9037,1.259765625,1.240234375,-0.29296875,-0.33203125
9038,1.30859375,1.328125,-0.078125,-0.41015625
9039,1.240234375,1.23046875,-0.283203125,-0.244140625
9040,1.279296875,1.240234375,-0.1953125,-0.3515625
9041,1.259765625,1.328125,-0.25390625,-0.361328125
9042,1.240234375,1.220703125,-0.361328125,-0.390625
9043,1.30859375,1.23046875,-0.263671875,-0.3515625
9044,1.298828125,1.259765625,-0.126953125,-0.380859375
9045,1.298828125,1.240234375,-0.25390625,-0.322265625
9046,1.201171875,1.181640625,-0.21484375,-0.4296875
9047,1.298828125,1.259765625,-0.107421875,-0.341796875
9048,1.376953125,1.240234375,-0.166015625,-0.322265625
9049,1.279296875,1.259765625,-0.21484375,-0.33203125
9050,1.279296875,1.30859375,-0.234375,-0.37109375
9051,1.240234375,1.328125,-0.17578125,-0.3125
9052,1.2109375,1.435546875,-0.234375,-0.341796875
9053,1.2890625,1.220703125,-0.166015625,-0.341796875
9054,1.201171875,1.2890625,-0.107421875,-0.390625
9055,1.376953125,1.416015625,-0.283203125,-0.341796875
9056,1.2890625,1.15234375,-0.263671875,-0.2734375
9057,1.240234375,1.30859375,-0.33203125,-0.29296875
9058,1.298828125,1.15234375,-0.29296875,-0.361328125
9059,1.328125,1.2109375,-0.283203125,-0.302734375
9060,1.328125,1.25,-0.263671875,-0.2734375
9061,1.044921875,1.26953125,-0.224609375,-0.322265625
9062,1.19140625,1.42578125,-0.234375,-0.41015625
9063,1.162109375,1.19140625,-0.25390625,-0.390625
9064,1.201171875,1.2890625,-0.25390625,-0.361328125
9065,1.181640625,1.15234375,-0.1953125,-0.390625
9066,1.23046875,1.220703125,-0.21484375,-0.263671875
9067,1.259765625,1.23046875,-0.263671875,-0.224609375
9068,1.2109375,1.181640625,-0.2734375,-0.400390625
9069,1.23046875,1.2109375,-0.205078125,-0.302734375
9070,1.240234375,1.181640625,-0.244140625,-0.41015625
9071,1.25,1.26953125,-0.166015625,-0.390625
9072,1.201171875,1.142578125,-0.3125,-0.166015625
9073,1.0546875,1.2890625,-0.390625,-0.29296875
9074,1.201171875,1.42578125,-0.37109375,-0.341796875
9075,1.181640625,1.181640625,-0.390625,-0.283203125
9076,1.083984375,1.1328125,-0.3125,-0.244140625
9077,1.181640625,1.2109375,-0.33203125,-0.37109375
9078,1.2109375,1.23046875,-0.263671875,-0.341796875
9079,1.279296875,1.181640625,-0.2734375,-0.478515625
9080,1.162109375,1.240234375,-0.1953125,-0.361328125
9081,1.220703125,1.201171875,-0.234375,-0.400390625
9082,1.162109375,1.201171875,-0.2734375,-0.341796875
9083,1.181640625,1.2109375,-0.33203125,-0.4296875
9084,1.201171875,1.201171875,-0.3125,-0.44921875
9085,1.240234375,1.19140625,-0.29296875,-0.3125
9086,1.19140625,1.1328125,-0.244140625,-0.37109375
9087,1.142578125,1.171875,-0.283203125,-0.361328125
9088,1.25,1.23046875,-0.25390625,-0.3125
9089,1.259765625,1.259765625,-0.205078125,-0.2734375
9090,1.162109375,1.142578125,-0.263671875,-0.46875
9091,1.19140625,1.15234375,-0.33203125,-0.29296875
9092,1.259765625,1.376953125,-0.2734375,-0.302734375
9093,1.19140625,1.23046875,-0.21484375,-0.322265625
9094,1.30859375,1.181640625,-0.185546875,-0.458984375
9095,1.201171875,1.162109375,-0.224609375,-0.361328125
9096,1.2109375,1.2890625,-0.263671875,-0.380859375
9097,1.15234375,1.162109375,-0.283203125,-0.751953125
9098,1.220703125,1.1328125,-0.33203125,-0.361328125
9099,1.103515625,1.1328125,-0.17578125,-0.37109375
9100,1.162109375,1.2109375,-0.2734375,-0.419921875
9101,1.220703125,1.337890625,-0.263671875,-0.33203125
9102,1.19140625,1.1328125,-0.33203125,-0.3515625
9103,1.2890625,1.19140625,-0.25390625,-0.322265625
9104,1.23046875,1.0546875,-0.29296875,-0.25390625
9105,1.23046875,1.123046875,-0.244140625,-0.37109375
9106,1.171875,1.240234375,-0.322265625,-0.361328125
9107,1.25,1.083984375,-0.322265625,-0.41015625
9108,1.240234375,1.123046875,-0.341796875,-0.3515625
9109,1.11328125,1.240234375,-0.29296875,-0.146484375
9110,1.0546875,1.279296875,-0.21484375,-0.400390625
9111,1.23046875,1.103515625,-0.322265625,-0.361328125
9112,1.201171875,1.25,-0.224609375,-0.37109375
9113,1.23046875,1.162109375,-0.25390625,-0.44921875
9114,1.181640625,1.025390625,-0.068359375,-0.41015625
9115,1.181640625,1.171875,-0.2734375,-0.3125
9116,1.240234375,1.15234375,-0.25390625,-0.361328125
9117,1.240234375,1.11328125,-0.25390625,-0.380859375
9118,1.181640625,1.2109375,-0.21484375,-0.205078125
9119,1.2890625,1.123046875,-0.234375,-0.498046875
9120,1.25,1.357421875,-0.1953125,-0.419921875
9121,1.220703125,1.201171875,-0.1953125,-0.3125
9122,1.171875,1.2109375,-0.205078125,-0.3515625
9123,1.337890625,1.26953125,-0.15625,-0.361328125
9124,1.123046875,1.162109375,-0.1953125,-0.37109375
9125,1.220703125,1.1328125,-0.234375,-0.37109375
9126,1.23046875,1.171875,-0.25390625,-0.37109375
9127,1.201171875,1.2109375,-0.21484375,-0.390625
9128,1.19140625,1.201171875,-0.205078125,-0.419921875
9129,1.220703125,1.083984375,-0.244140625,-0.380859375
9130,1.123046875,1.1328125,-0.234375,-0.458984375
9131,1.259765625,1.171875,-0.283203125,-0.283203125
9132,1.240234375,1.11328125,-0.205078125,-0.390625
9133,1.19140625,0.966796875,-0.302734375,-0.322265625
9134,1.279296875,1.103515625,-0.17578125,-0.283203125
9135,1.240234375,1.0546875,-0.234375,-0.380859375
9136,1.25,1.064453125,-0.3125,-0.4296875
9137,1.318359375,1.103515625,-0.234375,-0.302734375
9138,1.2890625,1.15234375,-0.244140625,-0.458984375
9139,1.23046875,1.09375,-0.263671875,-0.3125
9140,1.162109375,1.123046875,-0.21484375,-0.44921875
9141,1.357421875,1.025390625,-0.087890625,-0.25390625
9142,1.240234375,1.083984375,-0.25390625,-0.302734375
9143,1.26953125,1.0546875,-0.17578125,-0.29296875
9144,1.11328125,1.064453125,-0.234375,-0.3125
9145,1.240234375,1.044921875,-0.234375,-0.41015625
9146,1.19140625,1.03515625,-0.21484375,-0.3515625
9147,1.240234375,1.025390625,-0.05859375,-0.341796875
9148,1.162109375,1.09375,-0.185546875,-0.390625
9149,1.171875,1.11328125,-0.21484375,-0.380859375
9150,1.26953125,1.083984375,-0.13671875,-0.341796875
9151,1.19140625,1.07421875,-0.185546875,-0.3515625
9152,1.201171875,1.083984375,-0.205078125,-0.41015625
9153,1.25,1.0546875,-0.13671875,-0.302734375
9154,1.162109375,1.03515625,-0.166015625,-0.390625
9155,1.162109375,1.064453125,-0.21484375,-0.263671875
9156,1.2109375,1.044921875,-0.234375,-0.2734375
9157,1.201171875,1.025390625,-0.234375,-0.33203125
9158,1.171875,1.083984375,-0.25390625,-0.341796875
9159,1.123046875,1.07421875,-0.15625,-0.302734375
9160,1.240234375,1.044921875,-0.283203125,-0.2734375
9161,1.201171875,1.005859375,-0.205078125,-0.390625
9162,1.19140625,1.025390625,-0.21484375,-0.33203125
9163,1.142578125,1.005859375,-0.185546875,-0.341796875
9164,1.240234375,1.025390625,-0.205078125,-0.37109375
9165,1.15234375,1.11328125,-0.244140625,-0.400390625
9166,1.15234375,0.966796875,-0.146484375,-0.33203125
9167,1.2109375,1.1328125,-0.17578125,-0.44921875
9168,1.220703125,1.064453125,-0.15625,-0.3515625
9169,1.142578125,0.908203125,-0.15625,-0.283203125
9170,1.220703125,0.9375,-0.21484375,-0.25390625
9171,1.181640625,1.220703125,-0.21484375,-0.302734375
9172,1.1328125,0.986328125,-0.01953125,-0.322265625
9173,1.171875,1.03515625,-0.21484375,-0.302734375
9174,1.123046875,0.810546875,-0.1953125,-0.205078125
9175,1.2109375,1.171875,-0.234375,-0.302734375
9176,1.171875,0.966796875,-0.302734375,-0.517578125
9177,1.064453125,1.025390625,-0.244140625,-0.361328125
9178,1.23046875,1.162109375,-0.234375,-0.283203125
9179,1.181640625,1.005859375,-0.234375,-0.3515625
9180,1.26953125,0.947265625,-0.283203125,-0.29296875
9181,1.259765625,0.927734375,-0.15625,-0.2734375
9182,1.240234375,1.064453125,-0.322265625,-0.46875
9183,1.240234375,0.9375,-0.283203125,-0.29296875
9184,1.044921875,1.0546875,-0.1953125,-0.3125
9185,1.240234375,0.908203125,-0.21484375,-0.478515625
9186,1.220703125,0.9765625,-0.224609375,-0.3125
9187,1.2109375,0.95703125,-0.33203125,-0.302734375
9188,1.123046875,1.025390625,-0.1953125,-0.3515625
9189,1.03515625,1.09375,-0.2734375,-0.234375
9190,1.142578125,1.0546875,-0.361328125,-0.25390625
9191,1.23046875,0.95703125,-0.185546875,-0.33203125
9192,1.220703125,1.015625,-0.185546875,-0.21484375
9193,1.171875,0.95703125,-0.185546875,-0.37109375
9194,1.142578125,0.91796875,-0.15625,-0.37109375
9195,1.2109375,1.015625,-0.244140625,-0.244140625
9196,1.201171875,0.859375,-0.33203125,-0.322265625
9197,1.123046875,1.15234375,-0.244140625,-0.33203125
9198,1.19140625,0.9375,-0.234375,-0.283203125
9199,1.07421875,1.03515625,-0.29296875,-0.3125
9200,1.201171875,1.03515625,-0.185546875,-0.361328125
9201,1.201171875,1.09375,-0.234375,-0.205078125
9202,1.240234375,1.005859375,-0.3125,-0.302734375
9203,1.26953125,0.99609375,-0.1953125,-0.3125
9204,1.15234375,0.966796875,-0.21484375,-0.05859375
9205,1.1328125,0.99609375,-0.224609375,-0.3515625
9206,1.2109375,1.005859375,-0.29296875,-0.2734375
9207,1.201171875,1.015625,-0.185546875,-0.3125
9208,1.1328125,0.9765625,-0.185546875,-0.41015625
9209,1.23046875,0.986328125,-0.185546875,-0.322265625
9210,1.15234375,1.005859375,-0.234375,-0.3515625
9211,1.19140625,1.015625,-0.1953125,-0.3515625
9212,1.259765625,1.083984375,-0.146484375,-0.380859375
9213,1.318359375,1.064453125,-0.21484375,-0.361328125
9214,1.1328125,1.015625,-0.087890625,-0.322265625
9215,1.181640625,0.908203125,-0.263671875,-0.263671875
9216,1.15234375,0.986328125,-0.17578125,-0.234375
9217,1.09375,0.99609375,-0.341796875,-0.341796875
9218,1.162109375,0.87890625,-0.25390625,-0.29296875
9219,1.23046875,0.947265625,-0.2734375,-0.3125
9220,0.947265625,1.0546875,-0.29296875,-0.263671875
9221,1.19140625,0.947265625,-0.29296875,-0.390625
9222,1.2109375,0.9765625,-0.21484375,-0.302734375
9223,1.15234375,0.99609375,-0.21484375,-0.283203125
9224,1.220703125,1.171875,-0.400390625,-0.322265625
9225,1.171875,0.9765625,-0.283203125,-0.361328125
9226,1.23046875,0.908203125,-0.21484375,-0.41015625
9227,1.171875,0.908203125,-0.166015625,-0.302734375
9228,1.23046875,0.908203125,-0.1953125,-0.234375
9229,1.181640625,1.083984375,-0.302734375,-0.2734375
9230,1.09375,1.123046875,-0.21484375,-0.361328125
9231,1.171875,1.09375,-0.21484375,-0.341796875
9232,1.201171875,1.005859375,-0.1953125,-0.3125
9233,1.1328125,1.015625,-0.107421875,-0.322265625
9234,1.30859375,1.03515625,-0.21484375,-0.419921875
9235,1.2109375,1.201171875,-0.1953125,-0.341796875
9236,1.2109375,1.025390625,-0.390625,-0.361328125
9237,1.1328125,1.083984375,-0.05859375,-0.29296875
9238,1.09375,1.064453125,-0.205078125,-0.3125
9239,1.03515625,1.083984375,-0.205078125,-0.33203125
9240,1.09375,1.064453125,-0.224609375,-0.107421875
9241,1.171875,1.09375,-0.224609375,-0.21484375
9242,1.171875,1.07421875,-0.29296875,-0.302734375
9243,1.064453125,1.103515625,-0.13671875,-0.3125
9244,1.1328125,1.0546875,-0.09765625,-0.283203125
9245,1.19140625,1.07421875,-0.107421875,-0.244140625
9246,1.23046875,1.083984375,-0.224609375,-0.322265625
9247,1.259765625,1.09375,-0.185546875,-0.263671875
9248,1.26953125,1.09375,-0.205078125,-0.234375
9249,1.201171875,1.09375,-0.234375,-0.29296875
9250,1.298828125,1.123046875,-0.1171875,-0.0390625
9251,1.15234375,0.95703125,-0.263671875,-0.283203125
9252,1.25,1.142578125,-0.13671875,-0.4296875
9253,1.2890625,1.09375,-0.283203125,-0.3125
9254,1.15234375,0.966796875,-0.166015625,-0.205078125
9255,1.25,1.11328125,-0.244140625,-0.15625
9256,1.1328125,1.11328125,-0.17578125,-0.341796875
9257,1.1328125,1.03515625,-0.185546875,-0.234375
9258,1.181640625,1.103515625,-0.185546875,-0.25390625
9259,1.083984375,1.09375,-0.166015625,-0.21484375
9260,1.15234375,1.025390625,-0.185546875,-0.2734375
9261,1.240234375,1.0546875,-0.2734375,-0.283203125
9262,1.15234375,1.09375,-0.185546875,-0.41015625
9263,1.25,1.0546875,-0.1953125,-0.21484375
9264,1.2109375,1.11328125,-0.224609375,-0.302734375
9265,1.03515625,1.044921875,-0.15625,-0.3515625
9266,1.1328125,1.015625,-0.107421875,-0.263671875
9267,1.09375,1.0546875,-0.234375,-0.322265625
9268,1.044921875,1.03515625,-0.205078125,-0.13671875
9269,1.201171875,1.03515625,-0.29296875,-0.205078125
9270,1.23046875,1.025390625,-0.185546875,-0.33203125
9271,1.2109375,1.064453125,-0.283203125,-0.166015625
9272,1.162109375,1.07421875,-0.380859375,-0.21484375
9273,1.19140625,1.07421875,-0.25390625,-0.185546875
9274,1.220703125,1.09375,-0.21484375,-0.244140625
9275,1.23046875,1.044921875,-0.205078125,-0.25390625
9276,1.142578125,1.0546875,-0.2734375,-0.29296875
9277,1.09375,1.044921875,-0.224609375,-0.302734375
9278,1.19140625,1.25,-0.244140625,-0.244140625
9279,1.171875,1.005859375,-0.33203125,-0.2734375
9280,1.15234375,1.083984375,-0.29296875,-0.244140625
9281,1.15234375,1.09375,-0.33203125,-0.263671875
9282,1.220703125,1.07421875,-0.17578125,-0.283203125
9283,1.171875,1.11328125,-0.283203125,-0.21484375
9284,1.07421875,1.0546875,-0.322265625,-0.25390625
9285,1.162109375,1.1328125,-0.322265625,-0.1953125
9286,1.259765625,1.064453125,-0.25390625,-0.146484375
9287,1.181640625,0.99609375,-0.29296875,-0.17578125
9288,1.181640625,1.1328125,-0.341796875,-0.1953125
9289,0.99609375,1.11328125,-0.302734375,-0.146484375
9290,1.123046875,1.07421875,-0.33203125,-0.25390625
9291,1.044921875,1.181640625,-0.29296875,-0.185546875
9292,1.171875,1.03515625,-0.25390625,-0.263671875
9293,1.240234375,0.947265625,-0.302734375,-0.21484375
9294,1.181640625,1.181640625,-0.33203125,-0.21484375
9295,1.15234375,1.181640625,-0.283203125,-0.234375
9296,1.279296875,1.23046875,-0.205078125,-0.224609375
9297,1.142578125,0.830078125,-0.17578125,-0.15625
9298,1.15234375,1.044921875,-0.37109375,-0.17578125
9299,1.201171875,1.26953125,-0.263671875,-0.21484375
9300,1.123046875,1.181640625,-0.283203125,-0.234375
9301,1.083984375,1.064453125,-0.3125,-0.17578125
9302,1.15234375,1.1328125,-0.2734375,-0.2734375
9303,1.171875,1.1328125,-0.1953125,-0.234375
9304,1.11328125,1.0546875,-0.3125,-0.25390625
9305,1.171875,0.99609375,-0.25390625,-0.341796875
9306,1.181640625,1.2109375,-0.087890625,-0.224609375
9307,1.123046875,1.09375,-0.361328125,-0.185546875
9308,1.142578125,1.025390625,-0.205078125,-0.263671875
9309,1.2109375,1.15234375,-0.224609375,-0.244140625
9310,1.1328125,1.0546875,-0.205078125,-0.1953125
9311,1.240234375,1.044921875,-0.21484375,-0.361328125
9312,1.259765625,1.0546875,-0.13671875,-0.341796875
9313,1.181640625,1.064453125,-0.15625,-0.263671875
9314,1.201171875,1.064453125,-0.205078125,-0.224609375
9315,1.181640625,1.09375,-0.29296875,-0.2734375
9316,1.1328125,0.966796875,-0.234375,-0.087890625
9317,1.103515625,1.0546875,-0.2734375,-0.283203125
9318,1.123046875,1.015625,-0.2734375,-0.234375
9319,1.11328125,1.123046875,-0.322265625,-0.361328125
9320,1.0546875,1.09375,-0.1953125,-0.33203125
9321,1.201171875,1.1328125,-0.1953125,-0.29296875
9322,1.11328125,1.064453125,-0.166015625,-0.263671875
9323,1.1328125,1.025390625,-0.166015625,-0.302734375
9324,1.11328125,1.103515625,-0.068359375,-0.224609375
9325,1.162109375,1.07421875,-0.185546875,-0.205078125
9326,1.162109375,1.025390625,-0.205078125,-0.234375
9327,1.07421875,0.986328125,-0.166015625,-0.17578125
9328,1.142578125,1.09375,-0.25390625,-0.13671875
9329,1.09375,1.044921875,-0.13671875,-0.380859375
9330,1.171875,1.123046875,-0.1171875,-0.17578125
9331,1.1328125,1.09375,-0.185546875,-0.205078125
9332,1.2109375,1.142578125,-0.29296875,-0.3125
9333,1.103515625,1.083984375,-0.234375,-0.15625
9334,1.2890625,1.015625,-0.1953125,-0.234375
9335,1.103515625,1.103515625,-0.263671875,-0.205078125
9336,1.09375,1.09375,-0.263671875,-0.234375
9337,1.142578125,1.171875,-0.17578125,-0.185546875
9338,1.142578125,1.044921875,-0.21484375,-0.17578125
9339,1.123046875,1.11328125,-0.283203125,-0.2734375
9340,1.240234375,1.044921875,-0.3125,-0.244140625
9341,1.11328125,1.162109375,-0.263671875,-0.1171875
9342,1.298828125,1.162109375,-0.13671875,-0.25390625
9343,1.30859375,1.083984375,-0.341796875,-0.3125
9344,1.279296875,1.162109375,-0.2734375,-0.146484375
9345,1.123046875,1.171875,-0.2734375,-0.205078125
9346,1.19140625,1.201171875,-0.2734375,-0.205078125
9347,1.298828125,1.142578125,-0.283203125,-0.17578125
9348,1.123046875,1.123046875,-0.224609375,-0.17578125
9349,1.23046875,1.162109375,-0.1953125,-0.2734375
9350,1.25,1.171875,-0.185546875,-0.17578125
9351,1.25,1.328125,-0.21484375,-0.244140625
9352,1.328125,1.11328125,-0.087890625,-0.244140625
9353,1.07421875,1.103515625,-0.205078125,-0.13671875
9354,1.181640625,1.142578125,-0.2734375,-0.244140625
9355,1.171875,1.103515625,-0.126953125,-0.322265625
9356,1.09375,1.201171875,-0.244140625,-0.419921875
9357,1.357421875,1.1328125,-0.1953125,-0.244140625
9358,1.328125,1.19140625,-0.234375,-0.33203125
9359,1.123046875,1.220703125,-0.17578125,-0.224609375
9360,1.171875,1.162109375,-0.15625,-0.263671875
9361,1.171875,1.220703125,-0.224609375,-0.234375
9362,1.23046875,1.23046875,-0.263671875,-0.458984375
9363,1.26953125,1.15234375,-0.1953125,-0.322265625
9364,1.162109375,1.298828125,-0.13671875,-0.224609375
9365,1.201171875,1.103515625,-0.224609375,-0.29296875
9366,1.259765625,1.162109375,-0.224609375,-0.25390625
9367,1.2109375,1.15234375,-0.1953125,-0.2734375
9368,1.083984375,1.162109375,-0.224609375,-0.3515625
9369,1.171875,1.07421875,-0.25390625,-0.322265625
9370,1.2109375,1.123046875,-0.283203125,-0.21484375
9371,1.181640625,1.201171875,-0.3125,-0.380859375
9372,1.142578125,1.23046875,-0.283203125,-0.3515625
9373,1.220703125,1.26953125,-0.263671875,-0.2734375
9374,1.0546875,1.25,-0.21484375,-0.263671875
9375,1.220703125,1.181640625,-0.244140625,-0.107421875
9376,1.171875,1.181640625,-0.244140625,-0.29296875
9377,1.240234375,1.044921875,-0.244140625,-0.283203125
9378,1.298828125,1.201171875,-0.25390625,-0.390625
9379,1.25,1.181640625,-0.2734375,-0.322265625
9380,1.240234375,1.0546875,-0.17578125,-0.15625
9381,1.220703125,1.220703125,-0.25390625,-0.13671875
9382,1.23046875,1.279296875,-0.21484375,-0.15625
9383,1.171875,1.162109375,-0.2734375,-0.244140625
9384,1.162109375,1.181640625,-0.302734375,-0.224609375
9385,1.142578125,1.181640625,-0.2734375,-0.234375
9386,1.142578125,1.240234375,-0.380859375,-0.224609375
9387,1.171875,1.19140625,-0.1953125,-0.2734375
9388,1.2109375,1.171875,-0.41015625,-0.234375
9389,1.15234375,1.11328125,-0.283203125,-0.224609375
9390,1.0546875,1.162109375,-0.21484375,-0.33203125
9391,1.2109375,1.220703125,-0.283203125,-0.244140625
9392,1.1328125,1.2109375,-0.3515625,-0.205078125
9393,1.03515625,1.220703125,-0.322265625,-0.205078125
9394,1.162109375,1.171875,-0.166015625,-0.224609375
9395,1.2109375,1.0546875,-0.322265625,-0.3125
9396,1.083984375,1.171875,-0.322265625,-0.126953125
9397,1.2109375,1.1328125,-0.244140625,-0.244140625
9398,1.2109375,1.298828125,-0.361328125,-0.234375
9399,1.26953125,1.123046875,-0.244140625,-0.322265625
9400,1.259765625,1.1328125,-0.263671875,-0.2734375
9401,1.123046875,1.07421875,-0.341796875,-0.2734375
9402,1.220703125,1.23046875,-0.244140625,-0.3515625
9403,1.25,1.259765625,-0.1953125,-0.2734375
9404,1.201171875,1.181640625,-0.3515625,-0.341796875
9405,1.30859375,1.2109375,-0.2734375,-0.322265625
9406,1.19140625,1.201171875,-0.21484375,-0.2734375
9407,1.201171875,1.26953125,-0.37109375,-0.283203125
9408,1.181640625,1.162109375,-0.25390625,-0.2734375
9409,1.19140625,1.201171875,-0.33203125,-0.4296875
9410,1.083984375,1.259765625,-0.400390625,-0.263671875
9411,1.181640625,1.171875,-0.234375,-0.1171875
9412,1.123046875,1.171875,-0.263671875,-0.37109375
9413,1.162109375,1.181640625,-0.341796875,-0.33203125
9414,1.23046875,1.2109375,-0.3125,-0.244140625
9415,1.123046875,1.259765625,-0.263671875,-0.3515625
9416,1.19140625,1.044921875,-0.2734375,-0.263671875
9417,1.07421875,1.162109375,-0.33203125,-0.419921875
9418,1.044921875,1.376953125,-0.25390625,-0.25390625
9419,1.171875,1.23046875,-0.380859375,-0.3515625
9420,1.171875,1.171875,-0.166015625,-0.263671875
9421,1.123046875,1.23046875,-0.2734375,-0.3515625
9422,1.25,1.162109375,-0.17578125,-0.29296875
9423,1.142578125,1.240234375,-0.234375,-0.33203125
9424,1.201171875,1.240234375,-0.244140625,-0.185546875
9425,1.171875,1.083984375,-0.380859375,-0.302734375
9426,1.328125,1.181640625,-0.33203125,-0.107421875
9427,1.19140625,1.09375,-0.185546875,-0.244140625
9428,1.09375,1.142578125,-0.390625,-0.29296875
9429,1.181640625,1.279296875,-0.361328125,-0.17578125
9430,1.1328125,1.259765625,-0.244140625,-0.25390625
9431,1.11328125,1.240234375,-0.244140625,-0.322265625
9432,1.15234375,1.162109375,-0.29296875,-0.263671875
9433,1.025390625,1.162109375,-0.1953125,-0.341796875
9434,1.1328125,1.23046875,-0.302734375,-0.224609375
9435,1.2109375,1.171875,-0.17578125,-0.302734375
9436,1.0546875,1.123046875,-0.244140625,-0.107421875
9437,1.181640625,1.259765625,-0.400390625,-0.302734375
9438,1.26953125,1.162109375,-0.25390625,-0.2734375
9439,1.19140625,1.11328125,-0.283203125,-0.390625
9440,1.298828125,1.07421875,-0.33203125,-0.29296875
9441,1.318359375,1.181640625,-0.361328125,-0.439453125
9442,1.318359375,1.23046875,-0.3125,-0.3125
9443,1.240234375,1.220703125,-0.33203125,-0.341796875
9444,1.279296875,1.15234375,-0.2734375,-0.439453125
9445,1.19140625,1.23046875,-0.33203125,-0.37109375
9446,1.23046875,1.25,-0.078125,-0.1953125
9447,1.298828125,1.220703125,-0.1171875,-0.361328125
9448,1.259765625,1.171875,-0.146484375,-0.390625
9449,1.328125,1.2109375,-0.13671875,-0.322265625
9450,1.279296875,0.966796875,-0.185546875,-0.3515625
9451,1.2890625,1.23046875,-0.234375,-0.263671875
9452,1.30859375,1.220703125,-0.25390625,-0.33203125
9453,1.259765625,1.337890625,-0.33203125,-0.2734375
9454,1.455078125,1.220703125,-0.244140625,-0.46875
9455,1.2890625,1.181640625,-0.205078125,-0.3125
9456,1.328125,1.2109375,-0.068359375,-0.283203125
9457,1.337890625,1.2109375,-0.234375,-0.3515625
9458,1.328125,1.34765625,-0.166015625,-0.25390625
9459,1.30859375,1.220703125,-0.234375,-0.302734375
9460,1.298828125,1.201171875,-0.29296875,-0.29296875
9461,1.328125,1.26953125,-0.244140625,-0.390625
9462,1.357421875,1.25,-0.283203125,-0.400390625
9463,1.40625,1.19140625,-0.244140625,-0.439453125
9464,1.171875,1.23046875,-0.21484375,-0.244140625
9465,1.181640625,1.25,-0.17578125,-0.341796875
9466,1.171875,1.240234375,-0.25390625,-0.341796875
9467,1.2890625,1.1328125,-0.263671875,-0.3515625
9468,1.19140625,1.279296875,-0.17578125,-0.341796875
9469,1.34765625,1.19140625,-0.341796875,-0.2734375
9470,1.34765625,1.23046875,-0.29296875,-0.361328125
9471,1.15234375,1.005859375,-0.126953125,-0.380859375
9472,1.298828125,1.19140625,-0.3515625,-0.283203125
9473,1.328125,1.240234375,-0.283203125,-0.380859375
9474,1.298828125,1.171875,-0.400390625,-0.361328125
9475,1.201171875,1.181640625,-0.17578125,-0.439453125
9476,1.259765625,1.328125,-0.244140625,-0.2734375
9477,1.328125,1.298828125,-0.1953125,-0.302734375
9478,1.26953125,1.220703125,-0.13671875,-0.419921875
9479,1.298828125,1.171875,-0.29296875,-0.37109375
9480,1.38671875,1.201171875,-0.09765625,-0.4296875
9481,1.357421875,1.279296875,-0.234375,-0.5078125
9482,1.123046875,1.162109375,-0.25390625,-0.341796875
9483,1.357421875,1.220703125,-0.244140625,-0.439453125
9484,1.40625,1.2109375,-0.283203125,-0.400390625
9485,1.279296875,1.318359375,-0.244140625,-0.37109375
9486,1.279296875,1.220703125,-0.087890625,-0.341796875
9487,1.279296875,1.23046875,-0.263671875,-0.33203125
9488,1.328125,1.1328125,-0.244140625,-0.419921875
9489,1.220703125,1.240234375,-0.2734375,-0.41015625
9490,1.318359375,1.11328125,-0.21484375,-0.322265625
9491,1.376953125,1.318359375,-0.29296875,-0.380859375
9492,1.318359375,1.2109375,-0.283203125,-0.33203125
9493,1.171875,1.25,-0.322265625,-0.33203125
9494,1.26953125,1.240234375,-0.3125,-0.322265625
9495,1.2109375,1.23046875,-0.361328125,-0.302734375
9496,1.201171875,1.123046875,-0.361328125,-0.341796875
9497,1.298828125,1.142578125,-0.2734375,-0.322265625
9498,1.171875,1.1328125,-0.2734375,-0.361328125
9499,1.11328125,1.103515625,-0.224609375,-0.341796875
9500,1.19140625,1.181640625,-0.283203125,-0.3515625
9501,1.220703125,1.15234375,-0.283203125,-0.3125
9502,1.220703125,1.181640625,-0.166015625,-0.390625
9503,1.171875,1.201171875,-0.263671875,-0.439453125
9504,1.298828125,1.220703125,-0.234375,-0.400390625
9505,1.19140625,1.15234375,-0.234375,-0.4296875
9506,1.2109375,1.181640625,-0.283203125,-0.458984375
9507,1.2890625,1.19140625,-0.400390625,-0.46875
9508,1.220703125,1.142578125,-0.166015625,-0.4296875
9509,1.240234375,1.162109375,-0.224609375,-0.21484375
9510,1.30859375,1.0546875,-0.21484375,-0.37109375
9511,1.181640625,1.103515625,-0.17578125,-0.3515625
9512,1.181640625,1.162109375,-0.263671875,-0.2734375
9513,1.123046875,1.26953125,-0.17578125,-0.3515625
9514,1.15234375,1.26953125,-0.234375,-0.361328125
9515,1.19140625,1.19140625,-0.244140625,-0.546875
9516,1.2109375,1.07421875,-0.33203125,-0.46875
9517,1.181640625,1.171875,-0.263671875,-0.46875
9518,1.064453125,1.2109375,-0.1953125,-0.3515625
9519,1.2890625,1.044921875,-0.205078125,-0.341796875
9520,1.201171875,1.142578125,-0.283203125,-0.546875
9521,1.2109375,1.2109375,-0.263671875,-0.390625
9522,1.240234375,1.162109375,-0.234375,-0.380859375
9523,1.25,1.064453125,-0.21484375,-0.3515625
9524,1.181640625,1.15234375,-0.2734375,-0.44921875
9525,1.23046875,1.2890625,-0.234375,-0.419921875
9526,1.26953125,1.26953125,-0.185546875,-0.400390625
9527,1.09375,1.201171875,-0.224609375,-0.478515625
9528,1.19140625,1.2109375,-0.205078125,-0.37109375
9529,1.259765625,1.2109375,-0.322265625,-0.46875
9530,1.240234375,1.23046875,-0.21484375,-0.41015625
9531,1.2890625,1.259765625,-0.2734375,-0.33203125
9532,1.26953125,1.25,-0.25390625,-0.380859375
9533,1.201171875,1.2109375,-0.244140625,-0.41015625
9534,1.357421875,1.181640625,-0.29296875,-0.37109375
9535,1.181640625,1.15234375,-0.244140625,-0.341796875
9536,1.2109375,1.2109375,-0.2734375,-0.400390625
9537,1.181640625,1.259765625,-0.2734375,-0.390625
9538,1.181640625,1.171875,-0.361328125,-0.380859375
9539,1.181640625,1.220703125,-0.3125,-0.37109375
9540,1.103515625,1.162109375,-0.244140625,-0.3515625
9541,1.15234375,1.1328125,-0.1953125,-0.419921875
9542,1.142578125,1.162109375,-0.263671875,-0.46875
9543,1.123046875,1.1328125,-0.25390625,-0.322265625
9544,1.298828125,1.23046875,0.009765625,-0.41015625
9545,1.2109375,1.201171875,-0.185546875,-0.380859375
9546,1.19140625,1.201171875,-0.166015625,-0.478515625
9547,1.123046875,1.142578125,-0.126953125,-0.33203125
9548,1.11328125,1.201171875,-0.21484375,-0.41015625
9549,1.171875,1.2109375,-0.1953125,-0.25390625
9550,1.19140625,1.181640625,-0.15625,-0.380859375
9551,1.259765625,1.123046875,-0.3125,-0.4296875
9552,1.337890625,1.064453125,-0.283203125,-0.341796875
9553,1.279296875,1.0546875,-0.234375,-0.419921875
9554,1.201171875,1.1328125,-0.283203125,-0.341796875
9555,1.376953125,1.15234375,-0.224609375,-0.29296875
9556,1.19140625,1.044921875,-0.21484375,-0.41015625
9557,1.240234375,1.123046875,-0.263671875,-0.33203125
9558,1.220703125,1.103515625,-0.283203125,-0.52734375
9559,1.2890625,1.171875,-0.05859375,-0.44921875
9560,1.201171875,1.171875,-0.29296875,-0.244140625
9561,1.259765625,1.083984375,-0.234375,-0.41015625
9562,1.19140625,1.240234375,-0.263671875,-0.419921875
9563,1.220703125,1.09375,-0.244140625,-0.283203125
9564,1.2890625,1.044921875,-0.244140625,-0.302734375
9565,1.2109375,1.162109375,-0.29296875,-0.400390625
9566,1.19140625,1.025390625,-0.2734375,-0.302734375
9567,1.220703125,1.0546875,-0.29296875,-0.44921875
9568,1.220703125,1.1328125,-0.2734375,-0.37109375
9569,1.240234375,1.123046875,-0.33203125,-0.380859375
9570,1.201171875,1.064453125,-0.263671875,-0.400390625
9571,1.162109375,1.025390625,-0.234375,-0.390625
9572,1.25,1.025390625,-0.21484375,-0.390625
9573,1.240234375,1.083984375,-0.322265625,-0.263671875
9574,1.3671875,1.044921875,-0.1171875,-0.29296875
9575,1.201171875,1.11328125,-0.09765625,-0.41015625
9576,1.220703125,1.1328125,-0.21484375,-0.302734375
9577,1.25,1.044921875,-0.1953125,-0.322265625
9578,1.162109375,1.015625,-0.21484375,-0.302734375
9579,1.15234375,0.986328125,-0.185546875,-0.380859375
9580,1.26953125,1.123046875,-0.146484375,-0.33203125
9581,1.19140625,0.986328125,-0.185546875,-0.29296875
9582,1.162109375,0.986328125,-0.234375,-0.1171875
9583,1.201171875,0.869140625,-0.244140625,-0.33203125
9584,1.181640625,0.966796875,-0.283203125,-0.2734375
9585,1.240234375,1.005859375,-0.1171875,-0.087890625
9586,1.19140625,0.95703125,-0.146484375,-0.37109375
9587,1.279296875,1.025390625,-0.21484375,-0.33203125
9588,1.2109375,1.025390625,-0.185546875,-0.2734375
9589,1.162109375,1.11328125,-0.087890625,-0.283203125
9590,1.259765625,1.0546875,-0.13671875,-0.29296875
9591,1.09375,1.0546875,-0.234375,-0.322265625
9592,1.162109375,1.07421875,-0.185546875,-0.3125
9593,0.986328125,0.9375,-0.17578125,-0.25390625
9594,1.162109375,1.11328125,-0.263671875,-0.224609375
9595,1.11328125,1.005859375,-0.13671875,-0.322265625
9596,1.2109375,1.0546875,-0.234375,-0.302734375
9597,1.26953125,1.03515625,-0.341796875,-0.224609375
9598,1.23046875,1.025390625,-0.17578125,-0.263671875
9599,1.201171875,0.99609375,-0.263671875,-0.322265625
9600,1.103515625,1.07421875,-0.302734375,-0.29296875
9601,1.142578125,1.005859375,-0.283203125,-0.244140625
9602,1.103515625,1.083984375,-0.205078125,-0.322265625
9603,1.181640625,1.11328125,-0.302734375,-0.439453125
9604,1.162109375,0.966796875,-0.234375,-0.3515625
9605,1.11328125,0.927734375,-0.205078125,-0.3125
9606,1.15234375,0.908203125,-0.458984375,-0.37109375
9607,1.15234375,0.9765625,-0.185546875,-0.3125
9608,1.259765625,1.11328125,-0.361328125,-0.322265625
9609,1.171875,0.986328125,-0.224609375,-0.37109375
9610,1.1328125,0.9375,-0.25390625,-0.322265625
9611,1.19140625,0.849609375,-0.244140625,-0.3515625
9612,1.15234375,0.99609375,-0.09765625,-0.33203125
9613,1.240234375,0.947265625,-0.25390625,-0.25390625
9614,1.19140625,1.005859375,-0.29296875,-0.33203125
9615,1.11328125,0.99609375,-0.25390625,-0.478515625
9616,1.11328125,1.005859375,-0.2734375,-0.361328125
9617,1.201171875,1.0546875,-0.21484375,-0.3515625
9618,1.25,1.09375,-0.15625,-0.341796875
9619,1.171875,0.99609375,-0.25390625,-0.33203125
9620,1.103515625,0.9765625,-0.166015625,-0.2734375
9621,1.220703125,0.947265625,-0.25390625,-0.234375
9622,1.259765625,0.9765625,-0.3125,-0.341796875
9623,1.171875,0.9765625,-0.29296875,-0.283203125
9624,1.07421875,1.005859375,-0.263671875,-0.400390625
9625,1.201171875,1.015625,-0.21484375,-0.380859375
9626,1.23046875,0.908203125,-0.234375,-0.341796875
9627,1.1328125,0.986328125,-0.21484375,-0.3515625
9628,1.171875,1.005859375,-0.21484375,-0.419921875
9629,1.15234375,1.103515625,-0.3125,-0.33203125
9630,1.201171875,1.0546875,-0.146484375,-0.390625
9631,1.259765625,1.005859375,-0.166015625,-0.44921875
9632,1.181640625,0.99609375,-0.107421875,-0.2734375
9633,1.240234375,1.03515625,-0.224609375,-0.400390625
9634,1.23046875,1.07421875,-0.3125,-0.29296875
9635,1.279296875,1.083984375,-0.17578125,-0.380859375
9636,1.298828125,1.025390625,-0.3515625,-0.390625
9637,1.25,1.083984375,-0.224609375,-0.380859375
9638,1.19140625,1.03515625,-0.17578125,-0.37109375
9639,1.25,0.83984375,-0.2734375,-0.380859375
9640,1.2109375,1.03515625,-0.21484375,-0.5859375
9641,1.19140625,1.064453125,-0.166015625,-0.3515625
9642,1.220703125,0.859375,-0.341796875,-0.341796875
9643,1.162109375,0.986328125,-0.2734375,-0.419921875
9644,1.083984375,1.0546875,-0.1953125,-0.2734375
9645,1.142578125,1.0546875,-0.302734375,-0.2734375
9646,1.162109375,1.044921875,-0.29296875,-0.3125
9647,1.15234375,1.0546875,-0.2734375,-0.3125
9648,0.986328125,0.91796875,-0.17578125,-0.283203125
9649,1.083984375,0.986328125,-0.166015625,-0.302734375
9650,1.03515625,0.91796875,-0.224609375,-0.29296875
9651,1.171875,1.19140625,-0.107421875,-0.205078125
9652,1.19140625,1.03515625,-0.3125,-0.341796875
9653,0.8984375,0.947265625,-0.21484375,-0.2734375
9654,1.11328125,0.947265625,-0.185546875,-0.37109375
9655,1.1328125,1.015625,-0.283203125,-0.05859375
9656,1.240234375,1.015625,-0.1953125,-0.3125
9657,1.142578125,1.142578125,-0.146484375,-0.29296875
9658,1.1328125,0.99609375,-0.29296875,-0.33203125
9659,1.083984375,0.908203125,-0.21484375,-0.322265625
9660,1.123046875,1.11328125,-0.13671875,-0.33203125
9661,1.171875,1.015625,-0.166015625,-0.224609375
9662,1.103515625,0.87890625,-0.224609375,-0.2734375
9663,1.171875,1.11328125,-0.25390625,-0.244140625
9664,1.162109375,1.025390625,-0.302734375,-0.234375
9665,1.07421875,1.09375,-0.205078125,-0.283203125
9666,1.25,1.142578125,-0.15625,-0.2734375
9667,1.0546875,1.044921875,-0.234375,-0.390625
9668,1.298828125,1.181640625,-0.244140625,-0.29296875
9669,1.123046875,1.03515625,-0.21484375,-0.21484375
9670,1.23046875,0.95703125,-0.029296875,-0.322265625
9671,1.162109375,1.044921875,-0.107421875,-0.244140625
9672,1.103515625,1.09375,-0.09765625,-0.21484375
9673,1.2109375,0.966796875,-0.09765625,-0.302734375
9674,1.171875,0.927734375,-0.146484375,-0.244140625
9675,1.162109375,1.064453125,-0.244140625,-0.29296875
9676,1.220703125,1.0546875,-0.107421875,-0.234375
9677,1.201171875,0.966796875,-0.15625,-0.41015625
9678,1.162109375,1.123046875,-0.205078125,-0.29296875
9679,1.15234375,1.03515625,-0.126953125,-0.2734375
9680,1.19140625,1.005859375,-0.185546875,-0.263671875
9681,1.15234375,1.083984375,-0.166015625,-0.2734375
9682,1.171875,0.9765625,-0.09765625,-0.205078125
9683,1.162109375,1.064453125,-0.17578125,-0.224609375
9684,1.1328125,0.986328125,-0.13671875,-0.29296875
9685,1.15234375,1.07421875,-0.107421875,-0.341796875
9686,1.15234375,1.044921875,-0.1953125,-0.1953125
9687,1.2109375,1.03515625,-0.205078125,-0.15625
9688,1.162109375,1.09375,-0.09765625,-0.263671875
9689,1.103515625,1.103515625,-0.205078125,-0.166015625
9690,1.09375,1.064453125,-0.224609375,-0.25390625
9691,1.1328125,1.11328125,-0.21484375,-0.13671875
9692,1.171875,1.083984375,-0.1171875,-0.283203125
9693,1.162109375,0.947265625,-0.244140625,-0.2734375
9694,1.201171875,1.181640625,-0.126953125,-0.1171875
9695,1.083984375,1.083984375,-0.244140625,-0.048828125
9696,1.064453125,1.09375,-0.29296875,-0.25390625
9697,1.1328125,1.162109375,-0.3125,-0.2734375
9698,1.162109375,1.0546875,-0.263671875,-0.205078125
9699,1.1328125,1.11328125,-0.29296875,-0.205078125
9700,1.15234375,1.044921875,-0.3515625,-0.205078125
9701,1.044921875,1.083984375,-0.25390625,-0.107421875
9702,1.142578125,1.0546875,-0.29296875,-0.33203125
9703,1.201171875,0.9375,-0.244140625,-0.263671875
9704,1.142578125,1.103515625,-0.29296875,-0.361328125
9705,1.15234375,1.064453125,-0.224609375,-0.283203125
9706,1.19140625,1.103515625,-0.166015625,-0.3515625
9707,1.259765625,1.044921875,-0.244140625,-0.29296875
9708,1.30859375,1.03515625,-0.166015625,-0.33203125
9709,1.23046875,1.1328125,-0.25390625,-0.3515625
9710,1.162109375,1.0546875,-0.283203125,-0.25390625
9711,1.2890625,1.09375,-0.263671875,-0.25390625
9712,1.11328125,1.15234375,-0.322265625,-0.166015625
9713,1.298828125,0.99609375,-0.263671875,-0.3515625
9714,1.19140625,1.1328125,-0.263671875,-0.1953125
9715,1.1328125,1.064453125,-0.302734375,-0.25390625
9716,1.181640625,1.005859375,-0.21484375,-0.146484375
9717,1.38671875,0.9765625,-0.283203125,-0.322265625
9718,1.162109375,1.15234375,-0.302734375,-0.224609375
9719,1.083984375,1.064453125,-0.234375,-0.205078125
9720,1.23046875,1.083984375,-0.3125,-0.33203125
9721,1.30859375,0.888671875,-0.341796875,-0.21484375
9722,1.09375,1.015625,-0.341796875,-0.283203125
9723,1.25,1.11328125,-0.29296875,-0.25390625
9724,1.123046875,1.025390625,-0.283203125,-0.25390625
9725,1.15234375,1.07421875,-0.205078125,-0.263671875
9726,1.044921875,1.171875,-0.224609375,-0.21484375
9727,1.123046875,1.015625,-0.3515625,-0.25390625
9728,1.220703125,1.09375,-0.185546875,-0.21484375
9729,1.201171875,1.083984375,-0.21484375,-0.087890625
9730,1.142578125,1.025390625,-0.15625,-0.146484375
9731,1.19140625,1.044921875,-0.17578125,-0.1171875
9732,1.162109375,1.044921875,-0.244140625,-0.1171875
9733,1.171875,0.888671875,-0.029296875,-0.234375
9734,1.19140625,1.025390625,-0.21484375,-0.2734375
9735,1.15234375,1.025390625,-0.21484375,-0.2734375
9736,1.171875,1.03515625,-0.283203125,-0.185546875
9737,1.1328125,1.064453125,-0.302734375,-0.263671875
9738,1.123046875,1.0546875,-0.185546875,-0.087890625
9739,1.15234375,1.103515625,-0.17578125,-0.1953125
9740,1.07421875,1.083984375,-0.107421875,-0.185546875
9741,1.240234375,1.123046875,-0.15625,-0.3125
9742,1.064453125,1.1328125,-0.1953125,-0.302734375
9743,1.19140625,0.9765625,-0.25390625,-0.2734375
9744,1.07421875,1.142578125,-0.224609375,-0.37109375
9745,1.142578125,1.11328125,-0.234375,-0.33203125
9746,1.171875,1.162109375,-0.263671875,-0.224609375
9747,1.26953125,1.103515625,-0.185546875,-0.244140625
9748,1.19140625,1.005859375,-0.29296875,-0.263671875
9749,1.171875,1.123046875,-0.185546875,-0.224609375
9750,1.2109375,1.11328125,-0.205078125,-0.166015625
9751,1.181640625,1.1328125,-0.166015625,-0.263671875
9752,1.2109375,1.09375,-0.25390625,-0.283203125
9753,1.1328125,1.09375,-0.283203125,-0.37109375
9754,1.181640625,1.005859375,-0.09765625,-0.2734375
9755,1.162109375,1.123046875,-0.146484375,-0.21484375
9756,1.15234375,1.103515625,-0.234375,-0.302734375
9757,1.142578125,0.95703125,-0.234375,-0.244140625
9758,1.142578125,1.07421875,-0.2734375,-0.3125
9759,1.162109375,1.142578125,-0.1953125,-0.1953125
9760,1.09375,1.083984375,-0.1953125,-0.21484375
9761,1.1328125,1.15234375,-0.107421875,-0.205078125
9762,1.03515625,1.19140625,-0.17578125,-0.048828125
9763,1.044921875,1.181640625,-0.1953125,-0.205078125
9764,1.142578125,1.11328125,-0.166015625,-0.21484375
9765,1.142578125,1.15234375,-0.361328125,-0.322265625
9766,1.064453125,1.103515625,-0.29296875,-0.244140625
9767,1.162109375,1.171875,-0.234375,-0.17578125
9768,1.11328125,1.123046875,-0.166015625,-0.341796875
9769,1.181640625,1.259765625,-0.37109375,-0.185546875
9770,1.26953125,1.2109375,-0.302734375,-0.263671875
9771,1.259765625,1.181640625,-0.33203125,-0.205078125
9772,1.337890625,1.1328125,-0.25390625,-0.25390625
9773,1.26953125,1.337890625,-0.185546875,-0.25390625
9774,1.19140625,1.123046875,-0.21484375,-0.234375
9775,1.240234375,1.123046875,-0.302734375,-0.244140625
9776,1.142578125,1.15234375,-0.1953125,-0.21484375
9777,1.240234375,1.2109375,-0.390625,-0.341796875
9778,1.455078125,1.103515625,-0.1953125,-0.244140625
9779,1.259765625,1.1328125,-0.146484375,-0.166015625
9780,1.201171875,1.162109375,-0.2734375,-0.25390625
9781,1.318359375,1.162109375,-0.283203125,-0.44921875
9782,1.2109375,1.2109375,-0.166015625,-0.2734375
9783,1.26953125,1.19140625,-0.1953125,-0.478515625
9784,1.298828125,1.162109375,-0.244140625,-0.146484375
9785,1.25,1.19140625,-0.107421875,-0.283203125
9786,1.19140625,1.162109375,-0.234375,-0.33203125
9787,1.220703125,1.162109375,-0.166015625,-0.3125
9788,1.15234375,1.142578125,-0.13671875,-0.224609375
9789,1.181640625,1.19140625,-0.205078125,-0.17578125
9790,1.171875,1.2109375,-0.21484375,-0.361328125
9791,1.171875,1.103515625,-0.244140625,-0.302734375
9792,1.201171875,1.162109375,-0.224609375,-0.3515625
9793,1.123046875,1.240234375,-0.25390625,-0.234375
9794,1.23046875,1.162109375,-0.09765625,-0.29296875
9795,1.201171875,1.064453125,-0.3125,-0.361328125
9796,1.201171875,1.318359375,-0.234375,-0.380859375
9797,1.259765625,1.26953125,-0.13671875,-0.2734375
9798,1.2109375,1.064453125,-0.17578125,-0.205078125
9799,1.2109375,1.240234375,-0.224609375,-0.263671875
9800,1.11328125,1.15234375,-0.185546875,-0.283203125
9801,1.181640625,1.171875,-0.302734375,-0.185546875
9802,1.103515625,1.240234375,-0.166015625,-0.09765625
9803,1.240234375,1.103515625,-0.244140625,-0.29296875
9804,1.23046875,1.279296875,-0.1953125,-0.341796875
9805,1.259765625,1.19140625,-0.3125,-0.17578125
9806,1.25,1.142578125,-0.166015625,-0.21484375
9807,1.201171875,1.1328125,-0.1953125,-0.205078125
9808,1.044921875,1.240234375,-0.3125,-0.2734375
9809,1.2109375,1.19140625,-0.224609375,-0.244140625
9810,1.19140625,1.142578125,-0.2734375,-0.3125
9811,1.171875,1.1328125,-0.283203125,-0.498046875
9812,1.19140625,1.064453125,-0.21484375,-0.25390625
9813,1.23046875,1.09375,-0.1953125,-0.3515625
9814,1.083984375,1.19140625,-0.15625,-0.244140625
9815,1.064453125,1.123046875,-0.263671875,-0.263671875
9816,1.171875,1.142578125,-0.283203125,-0.283203125
9817,1.2109375,1.142578125,-0.25390625,-0.21484375
9818,1.259765625,1.171875,-0.21484375,-0.302734375
9819,1.259765625,1.23046875,-0.322265625,-0.224609375
9820,1.171875,1.162109375,-0.21484375,-0.107421875
9821,1.03515625,1.23046875,-0.322265625,-0.29296875
9822,1.201171875,1.19140625,-0.2734375,-0.302734375
9823,1.279296875,1.19140625,-0.17578125,-0.341796875
9824,1.19140625,1.171875,-0.283203125,-0.21484375
9825,1.142578125,1.30859375,-0.2734375,-0.29296875
9826,1.23046875,1.19140625,-0.224609375,-0.380859375
9827,1.26953125,1.142578125,-0.283203125,-0.33203125
9828,1.15234375,1.279296875,-0.3125,-0.302734375
9829,1.220703125,1.1328125,-0.263671875,-0.400390625
9830,1.1328125,1.142578125,-0.234375,-0.234375
9831,1.123046875,1.220703125,-0.33203125,-0.302734375
9832,1.240234375,1.2109375,-0.21484375,-0.234375
9833,1.162109375,1.26953125,-0.234375,-0.263671875
9834,1.083984375,0.99609375,-0.17578125,-0.302734375
9835,1.25,1.162109375,-0.146484375,-0.224609375
9836,1.201171875,1.201171875,-0.3125,-0.25390625
9837,1.142578125,1.181640625,-0.302734375,-0.2734375
9838,1.19140625,1.123046875,-0.185546875,-0.2734375
9839,1.005859375,1.162109375,-0.25390625,-0.263671875
9840,1.201171875,1.23046875,-0.380859375,-0.3125
9841,1.142578125,1.23046875,-0.25390625,-0.2734375
9842,1.162109375,1.26953125,-0.224609375,-0.29296875
9843,1.162109375,1.162109375,-0.15625,-0.380859375
9844,1.123046875,1.142578125,-0.302734375,-0.3125
9845,1.1328125,1.25,-0.283203125,-0.25390625
9846,1.240234375,1.181640625,-0.244140625,-0.3125
9847,1.26953125,1.123046875,-0.1953125,-0.078125
9848,1.328125,1.15234375,-0.1953125,-0.2734375
9849,1.083984375,1.220703125,-0.263671875,-0.283203125
9850,1.07421875,1.19140625,-0.263671875,-0.09765625
9851,1.19140625,1.19140625,-0.17578125,-0.283203125
9852,1.201171875,1.083984375,-0.205078125,-0.390625
9853,1.2109375,1.240234375,-0.05859375,-0.185546875
9854,1.11328125,1.19140625,-0.244140625,-0.390625
9855,1.328125,1.103515625,-0.302734375,-0.322265625
9856,1.171875,1.26953125,-0.2734375,-0.302734375
9857,1.2109375,1.19140625,-0.244140625,-0.322265625
9858,1.2109375,1.09375,-0.17578125,-0.3125
9859,1.142578125,1.2109375,-0.234375,-0.419921875
9860,1.162109375,1.142578125,-0.2734375,-0.400390625
9861,1.279296875,1.30859375,-0.322265625,-0.244140625
9862,1.2109375,1.2109375,-0.21484375,-0.400390625
9863,1.259765625,1.220703125,-0.263671875,-0.576171875
9864,1.26953125,1.26953125,-0.390625,-0.283203125
9865,1.181640625,1.220703125,-0.13671875,-0.33203125
9866,1.30859375,1.171875,-0.263671875,-0.224609375
9867,1.26953125,1.19140625,-0.3125,-0.361328125
9868,1.279296875,1.25,-0.1953125,-0.41015625
9869,1.240234375,1.162109375,-0.25390625,-0.263671875
9870,1.298828125,1.181640625,-0.33203125,-0.33203125
9871,1.298828125,1.15234375,-0.3125,-0.283203125
9872,1.19140625,1.34765625,-0.29296875,-0.25390625
9873,1.279296875,1.25,-0.380859375,-0.3515625
9874,1.2109375,1.259765625,-0.25390625,-0.302734375
9875,1.279296875,1.23046875,-0.25390625,-0.41015625
9876,1.30859375,1.23046875,-0.17578125,-0.3125
9877,1.26953125,1.26953125,-0.1953125,-0.41015625
9878,1.19140625,1.2890625,-0.29296875,-0.380859375
9879,1.357421875,1.220703125,-0.244140625,-0.361328125
9880,1.26953125,1.30859375,-0.25390625,-0.33203125
9881,1.25,1.181640625,-0.33203125,-0.439453125
9882,1.328125,1.328125,-0.2734375,-0.419921875
9883,1.337890625,1.142578125,-0.1171875,-0.3125
9884,1.30859375,1.201171875,-0.234375,-0.1171875
9885,1.38671875,1.25,-0.205078125,-0.322265625
9886,1.2890625,1.2109375,-0.205078125,-0.3515625
9887,1.279296875,1.298828125,-0.17578125,-0.29296875
9888,1.240234375,1.259765625,-0.205078125,-0.33203125
9889,1.328125,1.171875,-0.09765625,-0.322265625
9890,1.337890625,1.298828125,-0.3125,-0.234375
9891,1.3671875,1.279296875,-0.29296875,-0.361328125
9892,1.201171875,1.25,-0.3515625,-0.341796875
9893,1.38671875,1.259765625,-0.25390625,-0.263671875
9894,1.30859375,1.2109375,-0.283203125,-0.46875
9895,1.2890625,1.240234375,-0.29296875,-0.3125
9896,1.337890625,1.298828125,-0.3125,-0.44921875
9897,1.26953125,1.533203125,-0.283203125,-0.302734375
9898,1.259765625,1.19140625,-0.44921875,-0.29296875
9899,1.23046875,1.2109375,-0.205078125,-0.380859375
9900,1.240234375,1.25,-0.3125,-0.419921875
9901,1.25,1.201171875,-0.322265625,-0.380859375
9902,1.298828125,1.2109375,-0.302734375,-0.419921875
9903,1.2890625,1.279296875,-0.283203125,-0.3125
9904,1.26953125,0.966796875,-0.17578125,-0.439453125
9905,1.30859375,1.1328125,-0.244140625,-0.380859375
9906,1.220703125,1.3671875,-0.205078125,-0.302734375
9907,1.259765625,1.123046875,-0.1171875,-0.37109375
9908,1.3671875,1.171875,-0.146484375,-0.380859375
9909,1.259765625,1.30859375,-0.17578125,-0.25390625
9910,1.26953125,1.318359375,-0.17578125,-0.390625
9911,1.337890625,1.181640625,-0.224609375,-0.44921875
9912,1.240234375,1.2109375,-0.25390625,-0.361328125
9913,1.30859375,1.19140625,-0.3125,-0.419921875
9914,1.220703125,1.19140625,-0.107421875,-0.33203125
9915,1.2890625,1.181640625,-0.1953125,-0.4296875
9916,1.318359375,1.26953125,-0.1171875,-0.390625
9917,1.23046875,1.298828125,-0.126953125,-0.3515625
9918,1.240234375,1.259765625,-0.25390625,-0.478515625
9919,1.259765625,1.15234375,-0.146484375,-0.380859375
9920,1.279296875,1.26953125,-0.078125,-0.380859375
9921,1.201171875,1.279296875,-0.25390625,-0.1171875
9922,1.25,1.2109375,-0.15625,-0.380859375
9923,1.23046875,1.15234375,-0.29296875,-0.4296875
9924,1.26953125,1.15234375,-0.33203125,-0.400390625
9925,1.2109375,1.25,-0.185546875,-0.3125
9926,1.2109375,1.19140625,-0.244140625,-0.2734375
9927,1.142578125,1.15234375,-0.302734375,-0.3125
9928,1.25,1.03515625,-0.33203125,-0.341796875
9929,1.23046875,1.171875,-0.29296875,-0.322265625
9930,1.337890625,1.181640625,-0.29296875,-0.341796875
9931,1.19140625,1.15234375,-0.224609375,-0.361328125
9932,1.259765625,1.279296875,-0.322265625,-0.33203125
9933,1.220703125,1.201171875,-0.224609375,-0.537109375
9934,1.328125,1.09375,-0.3125,-0.33203125
9935,1.23046875,1.142578125,-0.205078125,-0.46875
9936,1.1328125,1.201171875,-0.21484375,-0.3125
9937,1.23046875,0.947265625,-0.283203125,-0.322265625
9938,1.181640625,1.123046875,-0.205078125,-0.419921875
9939,1.005859375,1.162109375,-0.17578125,-0.5078125
9940,1.064453125,1.171875,-0.234375,-0.341796875
9941,1.181640625,1.162109375,-0.107421875,-0.390625
9942,1.23046875,1.103515625,-0.13671875,-0.46875
9943,1.30859375,1.19140625,-0.41015625,-0.41015625
9944,1.123046875,1.103515625,-0.390625,-0.41015625
9945,1.0546875,1.103515625,-0.234375,-0.390625
9946,1.083984375,1.259765625,-0.244140625,-0.37109375
9947,1.162109375,1.201171875,-0.234375,-0.322265625
9948,1.09375,1.181640625,-0.21484375,-0.322265625
9949,1.19140625,1.181640625,-0.263671875,-0.380859375
9950,1.30859375,1.416015625,-0.283203125,-0.419921875
9951,1.26953125,1.2109375,-0.3125,-0.458984375
9952,1.162109375,1.11328125,-0.25390625,-0.44921875
9953,1.1328125,1.11328125,-0.107421875,-0.390625
9954,1.201171875,1.15234375,-0.283203125,-0.107421875
9955,1.2109375,1.328125,-0.25390625,-0.46875
9956,1.2109375,1.123046875,-0.33203125,-0.380859375
9957,1.201171875,1.2109375,-0.322265625,-0.48828125
9958,1.259765625,1.279296875,-0.166015625,-0.390625
9959,1.220703125,1.19140625,-0.29296875,-0.44921875
9960,1.1328125,1.19140625,-0.29296875,-0.439453125
9961,1.328125,1.181640625,-0.33203125,-0.419921875
9962,1.171875,1.23046875,-0.1953125,-0.458984375
9963,1.220703125,1.23046875,-0.185546875,-0.390625
9964,1.162109375,1.2109375,-0.21484375,-0.419921875
9965,1.1328125,1.1328125,-0.205078125,-0.400390625
9966,1.318359375,1.171875,-0.1171875,-0.185546875
9967,1.09375,1.19140625,-0.283203125,-0.4296875
9968,1.171875,1.181640625,-0.3515625,-0.390625
9969,1.220703125,1.162109375,-0.126953125,-0.46875
9970,1.23046875,1.162109375,-0.234375,-0.439453125
9971,1.259765625,1.23046875,-0.224609375,-0.37109375
9972,1.220703125,1.083984375,-0.15625,-0.33203125
9973,1.240234375,1.2109375,-0.205078125,-0.517578125
9974,1.07421875,1.220703125,-0.44921875,-0.390625
9975,1.123046875,1.171875,-0.234375,-0.5078125
9976,1.15234375,1.1328125,-0.244140625,-0.17578125
9977,1.2109375,1.298828125,-0.29296875,-0.41015625
9978,1.15234375,1.083984375,-0.25390625,-0.3515625
9979,1.201171875,1.171875,-0.3125,-0.2734375
9980,1.279296875,1.162109375,-0.244140625,-0.3515625
9981,1.220703125,1.083984375,-0.263671875,-0.322265625
9982,1.201171875,1.103515625,-0.244140625,-0.29296875
9983,1.15234375,1.025390625,-0.29296875,-0.33203125
9984,1.220703125,1.15234375,-0.2734375,-0.419921875
9985,1.1328125,1.044921875,-0.322265625,-0.25390625
9986,1.19140625,1.025390625,-0.283203125,-0.37109375
9987,1.201171875,1.0546875,-0.283203125,-0.419921875
9988,1.26953125,1.0546875,-0.29296875,-0.52734375
9989,1.181640625,1.1328125,-0.3125,-0.37109375
9990,1.142578125,1.1328125,-0.263671875,-0.380859375
9991,1.15234375,1.064453125,-0.21484375,-0.37109375
9992,1.201171875,1.26953125,-0.302734375,-0.4296875
9993,1.23046875,1.0546875,-0.224609375,-0.322265625
9994,1.0546875,1.015625,-0.234375,-0.322265625
9995,1.19140625,1.083984375,-0.3125,-0.390625
9996,1.19140625,1.015625,-0.283203125,-0.380859375
9997,1.25,1.09375,-0.29296875,-0.361328125
9998,1.09375,1.064453125,-0.2734375,-0.302734375
9999,1.240234375,1.064453125,-0.13671875,-0.302734375
10000,1.181640625,1.064453125,-0.244140625,-0.517578125
10001,1.259765625,0.859375,-0.2734375,-0.33203125
10002,1.220703125,0.91796875,-0.17578125,-0.283203125
10003,1.2109375,0.966796875,-0.3125,-0.33203125
10004,1.09375,1.064453125,-0.283203125,-0.29296875
10005,1.181640625,1.005859375,-0.224609375,-0.33203125
10006,1.1328125,1.07421875,-0.185546875,-0.439453125
10007,1.240234375,1.259765625,-0.244140625,-0.33203125
10008,1.19140625,1.19140625,-0.234375,-0.380859375
10009,1.23046875,1.09375,-0.1953125,-0.48828125
10010,1.103515625,1.25,-0.1953125,-0.322265625
10011,1.201171875,0.78125,-0.283203125,-0.380859375
10012,1.15234375,0.95703125,-0.283203125,-0.205078125
10013,1.220703125,0.99609375,-0.13671875,-0.419921875
10014,1.23046875,1.09375,-0.17578125,-0.322265625
10015,1.328125,1.005859375,-0.185546875,-0.390625
10016,1.123046875,1.181640625,-0.15625,-0.3515625
10017,1.171875,0.91796875,-0.3125,-0.33203125
10018,1.171875,1.0546875,-0.234375,-0.341796875
10019,1.26953125,0.869140625,-0.21484375,-0.361328125
10020,1.240234375,0.95703125,-0.146484375,-0.283203125
10021,1.0546875,0.9375,-0.234375,-0.3125
10022,1.103515625,0.87890625,-0.224609375,-0.234375
10023,1.142578125,1.0546875,-0.361328125,-0.244140625
10024,1.181640625,1.083984375,-0.1171875,-0.2734375
10025,1.064453125,1.11328125,-0.205078125,-0.224609375
10026,1.19140625,0.95703125,-0.185546875,-0.29296875
10027,1.123046875,1.142578125,-0.224609375,-0.37109375
10028,1.19140625,0.927734375,-0.234375,-0.107421875
10029,1.123046875,1.064453125,-0.17578125,-0.263671875
10030,1.2109375,1.025390625,-0.302734375,-0.283203125
10031,1.103515625,1.1328125,-0.263671875,-0.341796875
10032,1.19140625,0.99609375,-0.361328125,-0.234375
10033,1.19140625,1.0546875,-0.33203125,-0.263671875
10034,1.123046875,1.123046875,-0.2734375,-0.390625
10035,1.162109375,1.064453125,-0.25390625,-0.341796875
10036,1.25,1.11328125,-0.244140625,-0.263671875
10037,1.23046875,1.0546875,-0.3125,-0.3515625
10038,1.23046875,1.044921875,-0.224609375,-0.341796875
10039,1.328125,0.908203125,-0.2734375,-0.576171875
10040,1.181640625,1.025390625,-0.263671875,-0.3125
10041,1.171875,0.8203125,-0.2734375,-0.3125
10042,1.181640625,1.015625,-0.21484375,-0.33203125
10043,1.279296875,1.044921875,-0.25390625,-0.478515625
10044,1.2109375,0.99609375,-0.283203125,-0.37109375
10045,1.201171875,1.0546875,-0.25390625,-0.37109375
10046,1.298828125,0.927734375,-0.244140625,-0.390625
10047,1.09375,0.99609375,-0.25390625,-0.3515625
10048,1.064453125,0.95703125,-0.341796875,-0.3515625
10049,1.162109375,0.9765625,-0.244140625,-0.244140625
10050,1.201171875,0.859375,-0.341796875,-0.263671875
10051,1.181640625,0.927734375,-0.29296875,-0.361328125
10052,1.376953125,1.025390625,-0.17578125,-0.205078125
10053,1.09375,1.005859375,-0.33203125,-0.1953125
10054,1.1328125,1.07421875,-0.21484375,-0.244140625
10055,1.123046875,1.005859375,-0.146484375,-0.126953125
10056,0.986328125,0.9765625,-0.126953125,-0.263671875
10057,1.1328125,1.03515625,-0.224609375,-0.37109375
10058,1.142578125,1.005859375,-0.21484375,-0.419921875
10059,1.123046875,0.986328125,-0.205078125,-0.33203125
10060,1.1328125,1.03515625,-0.21484375,-0.205078125
10061,1.083984375,1.044921875,-0.234375,-0.4296875
10062,1.09375,0.87890625,-0.234375,-0.3125
10063,1.2890625,0.99609375,-0.146484375,-0.3125
10064,1.162109375,0.966796875,-0.25390625,-0.29296875
10065,1.26953125,1.025390625,-0.21484375,-0.283203125
10066,1.259765625,1.015625,-0.17578125,-0.302734375
10067,1.23046875,1.044921875,-0.244140625,-0.302734375
10068,1.396484375,1.0546875,-0.2734375,-0.380859375
10069,1.23046875,1.0546875,-0.1953125,-0.302734375
10070,1.162109375,1.025390625,-0.126953125,-0.25390625
10071,1.23046875,1.015625,-0.2734375,-0.263671875
10072,1.30859375,0.9765625,-0.185546875,-0.341796875
10073,1.220703125,1.0546875,-0.21484375,-0.234375
10074,1.162109375,1.005859375,-0.1171875,-0.400390625
10075,1.259765625,1.123046875,-0.224609375,-0.302734375
10076,0.99609375,1.064453125,-0.234375,-0.302734375
10077,1.142578125,1.0546875,-0.205078125,-0.33203125
10078,1.1328125,0.986328125,-0.263671875,-0.302734375
10079,1.220703125,1.005859375,-0.1953125,-0.263671875
10080,1.03515625,1.044921875,-0.234375,-0.283203125
10081,1.064453125,1.19140625,-0.205078125,-0.29296875
10082,1.19140625,1.005859375,-0.21484375,-0.1171875
10083,1.123046875,1.064453125,-0.21484375,-0.5078125
10084,1.181640625,1.123046875,-0.234375,-0.37109375
10085,1.19140625,1.083984375,-0.1953125,-0.390625
10086,1.123046875,1.1328125,-0.205078125,-0.3515625
10087,1.1328125,0.986328125,-0.1953125,-0.380859375
10088,1.09375,1.0546875,-0.263671875,-0.21484375
10089,1.1328125,1.044921875,-0.29296875,-0.3125
10090,1.26953125,0.869140625,-0.2734375,-0.3125
10091,1.181640625,1.064453125,-0.29296875,-0.25390625
10092,1.220703125,1.11328125,-0.21484375,-0.25390625
10093,1.25,0.947265625,-0.09765625,-0.1953125
10094,1.07421875,1.03515625,-0.13671875,-0.341796875
10095,1.142578125,1.103515625,-0.224609375,-0.21484375
10096,1.123046875,1.083984375,-0.2734375,-0.29296875
10097,1.083984375,1.005859375,-0.322265625,-0.283203125
10098,1.181640625,0.9765625,-0.17578125,-0.078125
10099,1.103515625,1.044921875,-0.302734375,-0.185546875
10100,1.1328125,1.09375,-0.283203125,-0.3125
10101,1.19140625,1.03515625,-0.224609375,-0.380859375
10102,1.1328125,1.044921875,-0.234375,-0.29296875
10103,1.25,1.044921875,-0.078125,-0.263671875
10104,1.25,1.09375,-0.1953125,-0.166015625
10105,1.15234375,1.064453125,-0.224609375,-0.244140625
10106,1.337890625,0.99609375,-0.380859375,-0.390625
10107,1.2109375,1.09375,-0.21484375,-0.234375
10108,1.376953125,1.11328125,-0.205078125,-0.283203125
10109,1.19140625,1.2109375,-0.2734375,-0.2734375
10110,1.23046875,1.083984375,-0.21484375,-0.25390625
10111,1.19140625,0.947265625,-0.234375,-0.302734375
10112,1.220703125,1.083984375,-0.21484375,-0.322265625
10113,1.396484375,1.064453125,-0.13671875,-0.322265625
10114,1.09375,1.15234375,-0.29296875,-0.3515625
10115,1.123046875,1.07421875,-0.224609375,-0.29296875
10116,1.220703125,0.966796875,-0.17578125,-0.25390625
10117,1.15234375,1.083984375,-0.234375,-0.341796875
10118,1.19140625,0.859375,-0.087890625,-0.341796875
10119,1.15234375,1.09375,-0.205078125,-0.37109375
10120,1.19140625,1.23046875,-0.078125,-0.3125
10121,1.171875,1.15234375,-0.224609375,-0.33203125
10122,1.201171875,1.1328125,-0.087890625,-0.5859375
10123,1.30859375,1.064453125,-0.1171875,-0.3125
10124,1.162109375,1.015625,-0.09765625,-0.283203125
10125,1.123046875,1.064453125,-0.185546875,-0.361328125
10126,1.09375,1.064453125,-0.205078125,-0.234375
10127,1.1328125,1.07421875,-0.302734375,-0.244140625
10128,1.23046875,1.083984375,-0.29296875,-0.234375
10129,1.240234375,1.044921875,-0.322265625,-0.302734375
10130,1.23046875,1.0546875,-0.2734375,-0.21484375
10131,1.26953125,1.11328125,-0.25390625,-0.166015625
10132,1.09375,1.083984375,-0.224609375,-0.234375
10133,1.142578125,1.15234375,-0.146484375,-0.1953125
10134,1.171875,1.03515625,-0.15625,-0.146484375
10135,1.2109375,1.19140625,-0.25390625,-0.185546875
10136,1.11328125,1.171875,-0.33203125,-0.283203125
10137,1.23046875,1.044921875,-0.1953125,-0.283203125
10138,1.171875,1.005859375,-0.244140625,-0.244140625
10139,1.23046875,1.142578125,-0.15625,-0.21484375
10140,1.240234375,1.044921875,-0.25390625,-0.263671875
10141,1.11328125,0.986328125,-0.224609375,-0.13671875
10142,1.25,1.123046875,-0.1953125,-0.244140625
10143,1.2109375,1.1328125,-0.234375,-0.25390625
10144,1.162109375,1.11328125,-0.2734375,-0.068359375
10145,1.23046875,1.123046875,-0.3515625,-0.21484375
10146,1.2890625,1.0546875,-0.263671875,-0.126953125
10147,1.25,0.869140625,-0.29296875,-0.01953125
10148,1.201171875,1.103515625,-0.390625,-0.25390625
10149,1.171875,1.171875,-0.29296875,-0.322265625
10150,1.220703125,1.083984375,-0.283203125,-0.15625
10151,1.357421875,1.09375,-0.283203125,-0.3125
10152,1.2109375,1.142578125,-0.3125,-0.33203125
10153,1.220703125,1.171875,-0.17578125,-0.29296875
10154,1.123046875,1.015625,-0.234375,-0.21484375
10155,1.162109375,1.005859375,-0.1953125,-0.2734375
10156,1.25,1.064453125,-0.234375,-0.2734375
10157,1.240234375,1.025390625,-0.21484375,-0.25390625
10158,1.181640625,1.171875,-0.302734375,-0.380859375
10159,1.15234375,1.03515625,-0.21484375,-0.33203125
10160,1.142578125,1.064453125,-0.166015625,-0.234375
10161,1.181640625,1.064453125,-0.126953125,-0.21484375
10162,1.220703125,1.044921875,-0.234375,-0.13671875
10163,1.123046875,0.908203125,-0.33203125,-0.244140625
10164,1.171875,1.083984375,-0.263671875,-0.3125
10165,1.220703125,1.103515625,-0.224609375,-0.205078125
10166,1.11328125,1.09375,-0.3125,-0.224609375
10167,1.2109375,1.201171875,-0.224609375,-0.17578125
10168,1.220703125,1.103515625,-0.13671875,-0.29296875
10169,1.240234375,0.99609375,-0.1171875,-0.17578125
10170,1.19140625,1.162109375,-0.1171875,-0.205078125
10171,1.220703125,1.162109375,-0.234375,-0.078125
10172,1.25,1.1328125,-0.205078125,-0.205078125
10173,1.2109375,0.986328125,-0.17578125,-0.1953125
10174,1.318359375,1.09375,-0.2734375,-0.29296875
10175,1.26953125,1.064453125,-0.25390625,-0.224609375
10176,1.220703125,1.11328125,-0.3125,-0.234375
10177,1.142578125,1.07421875,-0.234375,-0.341796875
10178,1.337890625,1.07421875,-0.15625,-0.21484375
10179,1.220703125,1.15234375,-0.2734375,-0.29296875
10180,1.142578125,1.15234375,-0.302734375,-0.3125
10181,1.181640625,1.005859375,-0.283203125,-0.185546875
10182,1.201171875,1.181640625,-0.33203125,-0.2734375
10183,1.25,1.142578125,-0.107421875,-0.263671875
10184,1.1328125,0.908203125,-0.146484375,-0.205078125
10185,1.220703125,1.103515625,-0.17578125,-0.25390625
10186,1.162109375,1.19140625,-0.224609375,-0.419921875
10187,1.15234375,1.07421875,-0.13671875,-0.2734375
10188,1.015625,1.25,-0.17578125,-0.302734375
10189,1.181640625,1.162109375,-0.185546875,-0.205078125
10190,1.2890625,1.025390625,-0.205078125,-0.2734375
10191,1.2109375,1.279296875,-0.09765625,-0.283203125
10192,1.30859375,1.1328125,-0.17578125,-0.15625
10193,1.171875,1.162109375,-0.078125,-0.2734375
10194,1.142578125,1.123046875,-0.15625,-0.322265625
10195,1.1328125,1.181640625,-0.15625,-0.1953125
10196,1.03515625,1.142578125,-0.13671875,-0.146484375
10197,1.171875,1.07421875,-0.33203125,-0.283203125
10198,1.171875,1.220703125,-0.263671875,-0.244140625
10199,0.95703125,1.19140625,-0.224609375,-0.263671875
10200,1.23046875,1.416015625,-0.205078125,-0.234375
10201,1.279296875,1.15234375,-0.166015625,-0.263671875
10202,1.259765625,1.11328125,-0.263671875,-0.283203125
10203,1.1328125,1.123046875,-0.3125,-0.244140625
10204,1.2109375,1.083984375,-0.21484375,-0.29296875
10205,1.201171875,1.2109375,-0.224609375,-0.29296875
10206,1.23046875,1.103515625,-0.15625,-0.185546875
10207,1.15234375,1.279296875,-0.380859375,-0.166015625
10208,1.23046875,1.142578125,-0.205078125,-0.234375
10209,1.2109375,1.11328125,-0.33203125,-0.224609375
10210,1.23046875,1.142578125,-0.2734375,-0.185546875
10211,1.181640625,1.259765625,-0.17578125,-0.17578125
10212,1.23046875,1.26953125,-0.341796875,-0.234375
10213,1.162109375,1.162109375,-0.29296875,-0.17578125
10214,1.181640625,1.171875,-0.205078125,-0.224609375
10215,1.181640625,1.15234375,0,-0.224609375
10216,1.15234375,1.15234375,-0.283203125,-0.126953125
10217,1.1328125,1.15234375,-0.205078125,-0.205078125
10218,1.240234375,1.162109375,-0.3125,-0.302734375
10219,1.30859375,1.15234375,-0.21484375,-0.25390625
10220,1.2109375,1.15234375,-0.1171875,-0.3125
10221,1.142578125,1.11328125,-0.283203125,-0.234375
10222,1.19140625,1.1328125,-0.302734375,-0.2734375
10223,1.220703125,1.15234375,-0.205078125,-0.3515625
10224,1.171875,1.259765625,-0.1171875,-0.224609375
10225,1.171875,1.30859375,-0.166015625,-0.302734375
10226,1.181640625,1.201171875,-0.185546875,-0.322265625
10227,1.162109375,1.03515625,-0.107421875,-0.283203125
10228,1.201171875,1.142578125,-0.009765625,-0.302734375
10229,1.201171875,1.181640625,-0.185546875,-0.17578125
10230,1.23046875,1.1328125,-0.341796875,-0.302734375
10231,1.23046875,1.103515625,-0.13671875,-0.15625
10232,1.25,1.11328125,-0.1953125,-0.234375
10233,1.23046875,1.376953125,-0.1953125,-0.37109375
10234,1.19140625,1.1328125,-0.13671875,-0.29296875
10235,1.201171875,1.220703125,-0.146484375,-0.322265625
10236,1.25,1.162109375,-0.1171875,-0.283203125
10237,1.23046875,1.103515625,-0.3125,-0.2734375
10238,1.123046875,1.171875,-0.244140625,-0.302734375
10239,1.181640625,1.15234375,-0.2734375,-0.302734375
10240,1.23046875,1.2109375,-0.244140625,-0.17578125
10241,1.201171875,1.19140625,-0.283203125,-0.517578125
10242,1.240234375,1.123046875,-0.263671875,-0.283203125
10243,1.181640625,1.23046875,-0.263671875,-0.244140625
10244,1.142578125,1.162109375,-0.205078125,-0.21484375
10245,1.298828125,0.859375,-0.17578125,-0.33203125
10246,1.201171875,1.15234375,-0.21484375,-0.263671875
10247,1.09375,1.19140625,-0.1953125,-0.390625
10248,1.23046875,1.23046875,-0.3125,-0.29296875
10249,1.2890625,1.2109375,-0.283203125,-0.244140625
10250,1.162109375,1.19140625,-0.224609375,-0.380859375
10251,1.201171875,1.142578125,-0.25390625,-0.244140625
10252,1.11328125,1.23046875,-0.263671875,-0.234375
10253,1.15234375,1.181640625,-0.21484375,-0.37109375
10254,1.083984375,1.240234375,-0.29296875,-0.244140625
10255,1.23046875,1.26953125,-0.3515625,-0.283203125
10256,1.162109375,1.2109375,-0.400390625,-0.224609375
10257,1.07421875,1.0546875,-0.3125,-0.29296875
10258,1.279296875,1.25,-0.2734375,-0.224609375
10259,1.123046875,1.19140625,-0.13671875,-0.37109375
10260,1.26953125,1.279296875,-0.302734375,-0.2734375
10261,1.064453125,1.23046875,-0.17578125,-0.234375
10262,1.103515625,1.2890625,-0.234375,-0.01953125
10263,1.220703125,1.123046875,-0.224609375,-0.283203125
10264,1.0546875,1.23046875,-0.322265625,-0.302734375
10265,1.201171875,1.171875,-0.234375,-0.29296875
10266,1.220703125,1.259765625,-0.25390625,-0.25390625
10267,1.23046875,1.2109375,-0.29296875,-0.25390625
10268,1.142578125,1.1328125,-0.380859375,-0.341796875
10269,1.220703125,1.2109375,-0.185546875,-0.341796875
10270,1.240234375,1.25,-0.33203125,-0.224609375
10271,1.171875,1.103515625,-0.15625,-0.224609375
10272,1.07421875,1.298828125,-0.25390625,-0.3515625
10273,1.07421875,1.23046875,-0.283203125,-0.283203125
10274,1.181640625,1.09375,-0.205078125,-0.29296875
10275,1.240234375,1.2109375,-0.2734375,-0.361328125
10276,1.15234375,1.15234375,-0.302734375,-0.3125
10277,1.15234375,1.259765625,-0.322265625,-0.29296875
10278,1.19140625,1.123046875,-0.244140625,-0.21484375
10279,1.09375,1.2890625,-0.09765625,-0.244140625
10280,1.15234375,1.103515625,-0.146484375,-0.439453125
10281,1.201171875,1.259765625,-0.25390625,-0.439453125
10282,1.181640625,1.2109375,-0.146484375,-0.263671875
10283,1.171875,1.240234375,-0.322265625,-0.224609375
10284,1.23046875,1.181640625,-0.244140625,-0.341796875
10285,1.171875,1.279296875,-0.244140625,-0.322265625
10286,1.240234375,1.220703125,-0.146484375,-0.3125
10287,1.142578125,1.220703125,-0.244140625,-0.302734375
10288,1.19140625,1.181640625,-0.1953125,-0.21484375
10289,1.318359375,1.201171875,-0.205078125,-0.33203125
10290,1.15234375,1.26953125,-0.205078125,-0.341796875
10291,1.26953125,1.240234375,-0.25390625,-0.21484375
10292,1.23046875,1.11328125,-0.302734375,-0.25390625
10293,1.220703125,1.25,-0.2734375,-0.283203125
10294,1.11328125,1.2890625,-0.263671875,-0.3515625
10295,1.181640625,1.11328125,-0.09765625,-0.224609375
10296,1.240234375,1.181640625,-0.224609375,-0.234375
10297,1.240234375,1.19140625,-0.234375,-0.29296875
10298,1.220703125,1.240234375,-0.400390625,-0.3125
10299,1.240234375,1.240234375,-0.25390625,-0.048828125
10300,1.181640625,1.34765625,-0.244140625,-0.322265625
10301,1.25,1.30859375,-0.13671875,-0.263671875
10302,1.2109375,1.15234375,-0.2734375,-0.29296875
10303,1.220703125,1.220703125,-0.21484375,-0.41015625
10304,1.259765625,1.15234375,-0.244140625,-0.21484375
10305,1.240234375,1.259765625,-0.244140625,-0.380859375
10306,1.25,1.181640625,-0.21484375,-0.302734375
10307,1.171875,1.03515625,-0.224609375,-0.400390625
10308,1.15234375,1.220703125,-0.244140625,-0.52734375
10309,1.123046875,1.220703125,-0.341796875,-0.25390625
10310,1.201171875,1.142578125,-0.380859375,-0.400390625
10311,1.240234375,1.181640625,-0.263671875,-0.322265625
10312,1.181640625,1.07421875,-0.224609375,-0.33203125
10313,1.318359375,1.2109375,-0.25390625,-0.322265625
10314,1.337890625,1.181640625,-0.25390625,-0.48828125
10315,1.357421875,1.240234375,-0.244140625,-0.302734375
10316,1.298828125,1.25,-0.3125,-0.33203125
10317,1.30859375,1.1328125,-0.25390625,-0.322265625
10318,1.40625,1.220703125,-0.244140625,-0.234375
10319,1.34765625,1.19140625,-0.17578125,-0.380859375
10320,1.30859375,1.2109375,-0.17578125,-0.390625
10321,1.34765625,0.986328125,-0.146484375,-0.322265625
10322,1.240234375,1.25,-0.166015625,-0.29296875
10323,1.279296875,1.201171875,-0.224609375,-0.2734375
10324,1.376953125,1.181640625,-0.263671875,-0.37109375
10325,1.26953125,1.171875,-0.2734375,-0.3515625
10326,1.259765625,1.279296875,-0.166015625,-0.185546875
10327,1.240234375,1.26953125,-0.1953125,-0.185546875
10328,1.23046875,1.11328125,-0.302734375,-0.302734375
10329,1.2109375,1.181640625,-0.283203125,-0.478515625
10330,1.201171875,1.1328125,-0.263671875,-0.361328125
10331,1.337890625,1.240234375,-0.3125,-0.37109375
10332,1.25,1.240234375,-0.33203125,-0.361328125
10333,1.26953125,1.201171875,-0.1953125,-0.322265625
10334,1.259765625,1.259765625,-0.234375,-0.3515625
10335,1.25,1.25,-0.244140625,-0.244140625
10336,1.23046875,1.201171875,-0.224609375,-0.33203125
10337,1.279296875,1.19140625,-0.05859375,-0.302734375
10338,1.25,1.15234375,-0.107421875,-0.380859375
10339,1.298828125,1.19140625,-0.224609375,-0.380859375
10340,1.30859375,1.259765625,-0.234375,-0.341796875
10341,1.2109375,1.279296875,-0.2734375,-0.1953125
10342,1.201171875,1.26953125,-0.224609375,-0.44921875
10343,1.337890625,1.259765625,-0.341796875,-0.361328125
10344,1.279296875,1.11328125,-0.283203125,-0.41015625
10345,1.19140625,1.142578125,-0.205078125,-0.37109375
10346,1.220703125,1.2109375,-0.41015625,-0.37109375
10347,1.26953125,1.1328125,-0.224609375,-0.390625
10348,1.298828125,1.220703125,-0.283203125,-0.283203125
10349,1.259765625,1.25,-0.25390625,-0.322265625
10350,1.23046875,1.19140625,-0.33203125,-0.380859375
10351,1.162109375,1.162109375,-0.2734375,-0.390625
10352,1.201171875,1.19140625,-0.244140625,-0.390625
10353,1.240234375,1.19140625,-0.166015625,-0.380859375
10354,1.162109375,1.181640625,-0.2734375,-0.380859375
10355,1.34765625,1.171875,-0.234375,-0.37109375
10356,1.19140625,1.240234375,-0.263671875,-0.322265625
10357,1.337890625,1.240234375,-0.283203125,-0.166015625
10358,1.25,1.171875,-0.224609375,-0.458984375
10359,1.26953125,1.11328125,-0.37109375,-0.37109375
10360,1.19140625,1.181640625,-0.283203125,-0.4296875
10361,1.162109375,1.142578125,-0.25390625,-0.361328125
10362,1.1328125,1.064453125,-0.09765625,-0.37109375
10363,1.162109375,1.15234375,-0.263671875,-0.400390625
10364,1.2109375,1.15234375,-0.17578125,-0.3125
10365,1.23046875,1.19140625,-0.3515625,-0.400390625
10366,1.259765625,1.19140625,-0.234375,-0.41015625
10367,1.2890625,1.19140625,-0.146484375,-0.341796875
10368,1.123046875,1.201171875,-0.234375,-0.390625
10369,1.171875,1.181640625,-0.224609375,-0.322265625
10370,1.181640625,1.201171875,-0.166015625,-0.37109375
10371,1.1328125,1.298828125,-0.17578125,-0.37109375
10372,1.162109375,1.201171875,-0.126953125,-0.498046875
10373,1.142578125,1.171875,-0.283203125,-0.322265625
10374,1.23046875,1.181640625,-0.205078125,-0.37109375
10375,1.220703125,1.201171875,-0.263671875,-0.41015625
10376,1.142578125,1.09375,-0.15625,-0.37109375
10377,1.11328125,1.171875,-0.185546875,-0.322265625
10378,1.171875,1.201171875,-0.283203125,-0.361328125
10379,1.103515625,1.123046875,-0.29296875,-0.390625
10380,1.25,1.396484375,-0.25390625,-0.263671875
10381,1.220703125,1.19140625,-0.244140625,-0.146484375
10382,1.162109375,1.0546875,-0.283203125,-0.361328125
10383,1.201171875,1.142578125,-0.224609375,-0.341796875
10384,1.19140625,1.23046875,-0.263671875,-0.41015625
10385,1.2109375,1.2109375,-0.263671875,-0.33203125
10386,1.26953125,1.279296875,-0.107421875,-0.37109375
10387,1.19140625,1.25,-0.21484375,-0.41015625
10388,1.19140625,1.2109375,-0.21484375,-0.478515625
10389,1.171875,1.279296875,-0.234375,-0.37109375
10390,1.201171875,1.162109375,-0.29296875,-0.390625
10391,1.2109375,1.240234375,-0.1953125,-0.478515625
10392,1.15234375,1.279296875,-0.21484375,-0.361328125
10393,1.23046875,1.298828125,-0.126953125,-0.2734375
10394,1.142578125,1.279296875,-0.185546875,-0.4296875
10395,1.142578125,1.19140625,-0.21484375,-0.37109375
10396,1.142578125,1.09375,-0.244140625,-0.44921875
10397,1.2890625,1.123046875,-0.21484375,-0.17578125
10398,1.25,1.26953125,-0.244140625,-0.341796875
10399,1.171875,1.162109375,-0.234375,-0.419921875
10400,1.220703125,1.162109375,-0.17578125,-0.302734375
10401,1.15234375,1.103515625,-0.21484375,-0.29296875
10402,1.2109375,1.201171875,-0.15625,-0.341796875
10403,1.259765625,1.15234375,-0.302734375,-0.283203125
10404,1.162109375,1.396484375,-0.283203125,-0.33203125
10405,1.162109375,1.15234375,-0.3125,-0.341796875
10406,1.162109375,1.15234375,-0.3125,-0.3515625
10407,1.171875,1.1328125,-0.263671875,-0.29296875
10408,1.162109375,1.171875,-0.302734375,-0.390625
10409,1.23046875,1.220703125,-0.244140625,-0.283203125
10410,1.259765625,1.2109375,-0.244140625,-0.380859375
10411,1.220703125,1.240234375,-0.25390625,-0.3125
10412,1.23046875,1.142578125,-0.302734375,-0.400390625
10413,1.23046875,1.07421875,-0.41015625,-0.380859375
10414,1.171875,1.005859375,-0.44921875,-0.341796875
10415,1.201171875,1.103515625,-0.29296875,-0.52734375
10416,1.181640625,1.03515625,-0.3515625,-0.361328125
10417,1.220703125,1.103515625,-0.205078125,-0.33203125
10418,1.171875,1.025390625,-0.166015625,-0.41015625
10419,1.2109375,1.07421875,-0.13671875,-0.498046875
10420,1.162109375,1.23046875,-0.166015625,-0.341796875
10421,1.26953125,1.0546875,-0.283203125,-0.712890625
10422,1.259765625,1.044921875,-0.25390625,-0.37109375
10423,1.240234375,1.083984375,-0.17578125,-0.419921875
10424,1.25,1.005859375,-0.302734375,-0.341796875
10425,1.171875,1.09375,-0.2734375,-0.3125
10426,1.162109375,1.11328125,-0.21484375,-0.361328125
10427,1.25,1.03515625,-0.224609375,-0.439453125
10428,1.240234375,1.11328125,-0.263671875,-0.302734375
10429,1.240234375,1.09375,-0.25390625,-0.322265625
10430,1.201171875,1.083984375,-0.25390625,-0.341796875
10431,1.15234375,1.03515625,-0.234375,-0.224609375
10432,1.2109375,0.99609375,-0.1953125,-0.302734375
10433,1.15234375,1.083984375,-0.13671875,-0.263671875
10434,1.142578125,1.23046875,-0.2734375,-0.2734375
10435,1.1328125,1.0546875,-0.15625,-0.302734375
10436,1.25,1.083984375,-0.263671875,-0.234375
10437,1.220703125,0.947265625,-0.185546875,-0.341796875
10438,1.23046875,1.171875,-0.263671875,-0.224609375
10439,1.220703125,1.03515625,-0.21484375,-0.166015625
10440,1.09375,1.005859375,-0.302734375,-0.2734375
10441,1.123046875,1.1328125,-0.244140625,-0.25390625
10442,1.26953125,1.07421875,-0.1953125,-0.263671875
10443,1.181640625,1.03515625,-0.1171875,-0.37109375
10444,1.201171875,0.91796875,-0.244140625,-0.302734375
10445,1.279296875,0.9765625,-0.126953125,-0.302734375
10446,1.044921875,0.927734375,-0.244140625,-0.234375
10447,1.220703125,1.0546875,-0.205078125,-0.33203125
10448,1.2109375,1.0546875,-0.146484375,-0.517578125
10449,1.26953125,1.025390625,-0.205078125,-0.4296875
10450,1.25,1.015625,-0.3125,-0.302734375
10451,1.123046875,0.927734375,-0.17578125,-0.322265625
10452,1.09375,0.9375,-0.263671875,-0.17578125
10453,1.044921875,1.005859375,-0.224609375,-0.322265625
10454,1.123046875,1.005859375,-0.185546875,-0.205078125
10455,1.0546875,0.99609375,-0.205078125,-0.322265625
10456,1.123046875,0.986328125,-0.029296875,-0.2734375
10457,1.171875,1.005859375,-0.087890625,-0.1953125
10458,1.064453125,0.99609375,-0.234375,-0.302734375
10459,1.142578125,1.044921875,-0.224609375,-0.283203125
10460,1.044921875,1.07421875,-0.234375,-0.244140625
10461,1.103515625,0.966796875,-0.25390625,-0.3125
10462,1.201171875,0.830078125,-0.29296875,-0.234375
10463,1.064453125,1.0546875,-0.1171875,-0.29296875
10464,1.123046875,1.044921875,-0.078125,-0.341796875
10465,1.07421875,1.015625,-0.52734375,-0.380859375
10466,1.171875,0.99609375,-0.263671875,-0.263671875
10467,1.162109375,1.064453125,-0.21484375,-0.29296875
10468,1.259765625,1.015625,-0.234375,-0.322265625
10469,1.162109375,1.07421875,-0.3125,-0.3125
10470,1.220703125,1.064453125,-0.263671875,-0.419921875
10471,1.2109375,0.99609375,-0.17578125,-0.341796875
10472,1.162109375,1.064453125,-0.234375,-0.322265625
10473,1.162109375,1.005859375,-0.15625,-0.4296875
10474,1.2109375,1.025390625,-0.166015625,-0.33203125
10475,1.15234375,0.966796875,-0.302734375,-0.419921875
10476,1.240234375,1.03515625,-0.09765625,-0.4296875
10477,1.064453125,0.95703125,-0.1953125,-0.3515625
10478,1.123046875,1.0546875,-0.09765625,-0.341796875
10479,1.15234375,1.005859375,-0.1953125,-0.17578125
10480,1.171875,1.083984375,-0.205078125,-0.341796875
10481,1.11328125,1.044921875,-0.302734375,-0.3125
10482,1.09375,1.0546875,-0.234375,-0.33203125
10483,1.123046875,0.9765625,-0.25390625,-0.29296875
10484,1.162109375,0.732421875,-0.3125,-0.283203125
10485,0.986328125,1.005859375,-0.126953125,-0.439453125
10486,1.064453125,1.03515625,-0.15625,-0.29296875
10487,1.1328125,1.083984375,-0.205078125,-0.322265625
10488,1.07421875,0.99609375,-0.3125,-0.341796875
10489,1.07421875,1.044921875,-0.234375,-0.283203125
10490,1.11328125,0.9765625,-0.341796875,-0.25390625
10491,1.2109375,1.181640625,-0.263671875,-0.546875
10492,1.220703125,1.09375,-0.25390625,-0.224609375
10493,1.298828125,1.005859375,-0.205078125,-0.37109375
10494,1.26953125,0.91796875,-0.234375,-0.3515625
10495,1.1328125,0.9765625,-0.224609375,-0.3125
10496,1.142578125,0.83984375,-0.29296875,-0.322265625
10497,1.142578125,1.025390625,-0.263671875,-0.263671875
10498,1.15234375,0.869140625,-0.234375,-0.244140625
10499,1.25,1.1328125,-0.244140625,-0.2734375
10500,1.142578125,1.025390625,-0.21484375,-0.33203125
10501,1.279296875,1.083984375,-0.21484375,-0.302734375
10502,1.1328125,1.171875,-0.37109375,-0.29296875
10503,1.201171875,0.869140625,-0.17578125,-0.25390625
10504,1.181640625,1.064453125,-0.244140625,-0.224609375
10505,1.083984375,1.064453125,-0.146484375,-0.263671875
10506,1.1328125,0.947265625,-0.263671875,-0.283203125
10507,1.11328125,1.015625,-0.25390625,-0.41015625
10508,1.15234375,1.123046875,-0.263671875,-0.322265625
10509,1.083984375,1.09375,-0.25390625,-0.302734375
10510,1.19140625,1.005859375,-0.33203125,-0.205078125
10511,1.142578125,0.99609375,-0.185546875,-0.224609375
10512,1.25,1.015625,-0.068359375,-0.37109375
10513,1.123046875,1.07421875,-0.185546875,-0.37109375
10514,1.11328125,1.025390625,-0.3515625,-0.29296875
10515,1.162109375,1.07421875,-0.15625,-0.068359375
10516,1.142578125,1.044921875,-0.1953125,-0.41015625
10517,1.1328125,1.11328125,-0.205078125,-0.29296875
10518,1.142578125,1.083984375,-0.234375,-0.234375
10519,1.220703125,1.07421875,-0.166015625,-0.3515625
10520,1.103515625,1.083984375,-0.146484375,-0.244140625
10521,1.181640625,1.064453125,-0.185546875,-0.244140625
10522,1.11328125,1.103515625,-0.126953125,-0.244140625
10523,1.181640625,1.11328125,-0.25390625,-0.3125
10524,1.11328125,1.103515625,-0.2734375,-0.244140625
10525,1.1328125,1.07421875,-0.185546875,-0.322265625
10526,1.1328125,1.19140625,-0.224609375,-0.341796875
10527,1.123046875,1.07421875,-0.25390625,-0.322265625
10528,1.162109375,1.03515625,-0.283203125,-0.1953125
10529,1.11328125,1.123046875,-0.1953125,-0.263671875
10530,1.15234375,1.083984375,-0.2734375,-0.439453125
10531,1.064453125,0.9765625,-0.21484375,-0.17578125
10532,1.19140625,1.083984375,-0.244140625,-0.25390625
10533,1.11328125,1.142578125,-0.234375,-0.33203125
10534,1.09375,1.103515625,-0.234375,-0.283203125
10535,1.240234375,1.15234375,-0.17578125,-0.2734375
10536,1.142578125,1.11328125,-0.302734375,-0.361328125
10537,1.103515625,1.0546875,-0.234375,-0.17578125
10538,1.0546875,1.11328125,-0.283203125,-0.224609375
10539,1.162109375,1.07421875,-0.234375,-0.283203125
10540,1.171875,1.07421875,-0.224609375,-0.3125
10541,1.15234375,1.19140625,-0.185546875,-0.37109375
10542,1.11328125,1.19140625,-0.15625,-0.283203125
10543,1.1328125,1.0546875,-0.17578125,-0.3125
10544,1.15234375,1.064453125,-0.21484375,-0.263671875
10545,1.09375,1.025390625,-0.126953125,-0.2734375
10546,1.15234375,1.083984375,-0.13671875,-0.302734375
10547,1.25,1.103515625,-0.1953125,-0.224609375
10548,1.123046875,1.07421875,-0.2734375,-0.302734375
10549,1.201171875,1.09375,-0.205078125,-0.263671875
10550,1.083984375,1.171875,-0.205078125,-0.2734375
10551,1.259765625,1.005859375,-0.1953125,-0.263671875
10552,1.220703125,1.083984375,-0.13671875,-0.126953125
10553,1.19140625,1.025390625,-0.166015625,-0.341796875
10554,1.201171875,1.015625,-0.234375,-0.244140625
10555,1.11328125,1.09375,-0.21484375,-0.263671875
10556,1.19140625,0.9765625,-0.13671875,-0.234375
10557,1.240234375,1.201171875,-0.29296875,-0.244140625
10558,1.2890625,1.005859375,-0.15625,-0.166015625
10559,1.19140625,1.123046875,-0.341796875,-0.2734375
10560,1.298828125,1.2109375,-0.205078125,-0.234375
10561,1.15234375,1.123046875,-0.302734375,-0.166015625
10562,1.19140625,1.19140625,-0.302734375,-0.09765625
10563,1.220703125,1.07421875,-0.3515625,-0.234375
10564,1.1328125,1.11328125,-0.263671875,-0.205078125
10565,1.123046875,1.03515625,-0.3515625,-0.15625
10566,1.15234375,1.09375,-0.3125,-0.21484375
10567,1.103515625,1.15234375,-0.341796875,-0.13671875
10568,1.171875,1.07421875,-0.263671875,-0.224609375
10569,1.064453125,1.240234375,-0.341796875,-0.13671875
10570,1.103515625,1.044921875,-0.244140625,-0.15625
10571,1.19140625,1.123046875,-0.302734375,-0.166015625
10572,1.2109375,1.162109375,-0.33203125,-0.205078125
10573,1.259765625,1.123046875,-0.21484375,-0.107421875
10574,1.015625,1.142578125,-0.41015625,-0.166015625
10575,1.181640625,1.181640625,-0.33203125,-0.17578125
10576,1.11328125,1.11328125,-0.234375,-0.107421875
10577,1.15234375,1.181640625,-0.263671875,-0.1171875
10578,1.171875,1.025390625,-0.380859375,-0.224609375
10579,1.162109375,1.11328125,-0.302734375,-0.126953125
10580,1.25,1.09375,-0.21484375,-0.166015625
10581,1.162109375,1.123046875,-0.244140625,-0.244140625
10582,1.220703125,0.95703125,-0.21484375,-0.3125
10583,1.162109375,1.083984375,-0.25390625,-0.1953125
10584,1.26953125,1.103515625,-0.146484375,-0.1953125
10585,1.142578125,1.11328125,-0.234375,-0.1953125
10586,1.171875,1.103515625,-0.234375,-0.302734375
10587,1.15234375,1.1328125,-0.2734375,-0.185546875
10588,1.1328125,1.064453125,-0.166015625,-0.1171875
10589,1.103515625,1.103515625,-0.263671875,-0.146484375
10590,1.15234375,0.95703125,-0.234375,-0.17578125
10591,1.162109375,1.30859375,-0.263671875,-0.25390625
10592,1.376953125,0.91796875,-0.25390625,-0.205078125
10593,1.201171875,1.1328125,-0.244140625,-0.244140625
10594,1.181640625,1.162109375,-0.361328125,-0.234375
10595,1.2890625,1.064453125,-0.29296875,-0.1953125
10596,1.23046875,1.0546875,-0.1953125,-0.234375
10597,1.171875,1.03515625,-0.29296875,-0.3125
10598,1.19140625,1.07421875,-0.1953125,-0.146484375
10599,1.15234375,1.181640625,-0.146484375,-0.263671875
10600,1.19140625,1.0546875,-0.146484375,-0.185546875
10601,1.162109375,1.09375,-0.205078125,-0.33203125
10602,1.11328125,1.19140625,-0.15625,-0.205078125
10603,1.07421875,1.025390625,-0.25390625,-0.302734375
10604,1.220703125,1.1328125,-0.166015625,-0.3515625
10605,1.123046875,1.025390625,-0.263671875,-0.302734375
10606,1.142578125,1.103515625,-0.087890625,-0.263671875
10607,1.11328125,1.0546875,-0.234375,-0.244140625
10608,1.23046875,1.015625,-0.13671875,-0.2734375
10609,1.181640625,1.103515625,-0.390625,-0.244140625
10610,1.083984375,1.09375,-0.166015625,-0.224609375
10611,1.123046875,1.0546875,-0.205078125,-0.234375
10612,1.23046875,1.1328125,-0.15625,-0.185546875
10613,1.11328125,1.19140625,-0.029296875,-0.205078125
10614,1.2109375,1.005859375,-0.283203125,-0.21484375
10615,1.19140625,0.99609375,-0.17578125,-0.21484375
10616,1.11328125,1.044921875,-0.244140625,-0.1953125
10617,1.083984375,0.869140625,-0.244140625,-0.29296875
10618,1.1328125,1.044921875,-0.2734375,-0.107421875
10619,1.2109375,1.15234375,-0.17578125,-0.087890625
10620,1.220703125,1.0546875,-0.224609375,-0.224609375
10621,1.15234375,0.810546875,-0.13671875,-0.21484375
10622,1.171875,1.083984375,-0.263671875,-0.46875
10623,1.162109375,1.07421875,-0.205078125,-0.2734375
10624,1.07421875,1.142578125,-0.1953125,-0.234375
10625,1.0546875,1.123046875,-0.17578125,-0.17578125
10626,1.07421875,1.220703125,-0.25390625,-0.185546875
10627,1.015625,1.19140625,-0.244140625,-0.2734375
10628,1.2109375,1.171875,-0.185546875,-0.400390625
10629,1.19140625,1.23046875,-0.15625,-0.2734375
10630,1.337890625,1.201171875,-0.17578125,-0.224609375
10631,1.162109375,1.123046875,-0.2734375,-0.17578125
10632,1.2109375,1.279296875,-0.17578125,-0.283203125
10633,1.318359375,1.26953125,-0.21484375,-0.234375
10634,1.25,1.259765625,-0.234375,-0.146484375
10635,1.171875,1.103515625,-0.185546875,-0.146484375
10636,1.162109375,1.240234375,-0.33203125,-0.263671875
10637,1.220703125,1.220703125,-0.25390625,-0.322265625
10638,1.19140625,1.259765625,-0.21484375,-0.205078125
10639,1.259765625,1.220703125,-0.185546875,-0.244140625
10640,1.2109375,1.279296875,-0.224609375,-0.322265625
10641,1.162109375,1.181640625,-0.205078125,-0.244140625
10642,1.25,1.1328125,-0.1953125,-0.244140625
10643,1.181640625,1.23046875,-0.224609375,-0.2734375
10644,1.2890625,1.162109375,-0.322265625,-0.224609375
10645,1.220703125,1.142578125,-0.21484375,-0.2734375
10646,1.15234375,1.171875,-0.25390625,-0.13671875
10647,1.162109375,1.2890625,-0.244140625,-0.37109375
10648,1.181640625,1.3671875,-0.166015625,-0.341796875
10649,1.220703125,1.2109375,-0.283203125,-0.322265625
10650,1.279296875,1.15234375,-0.263671875,-0.17578125
10651,1.337890625,1.2109375,-0.107421875,-0.2734375
10652,1.2109375,1.19140625,-0.146484375,-0.302734375
10653,1.181640625,1.162109375,-0.087890625,-0.25390625
10654,1.25,1.162109375,-0.263671875,-0.234375
10655,1.220703125,1.298828125,-0.146484375,-0.29296875
10656,1.220703125,1.171875,-0.185546875,-0.37109375
10657,1.279296875,1.171875,-0.224609375,-0.29296875
10658,1.279296875,1.240234375,-0.107421875,-0.29296875
10659,1.03515625,1.2109375,-0.166015625,-0.224609375
10660,1.11328125,1.26953125,-0.126953125,-0.2734375
10661,1.220703125,1.19140625,-0.224609375,-0.2734375
10662,1.2109375,1.240234375,-0.17578125,-0.224609375
10663,1.07421875,1.15234375,-0.15625,-0.29296875
10664,1.201171875,1.34765625,0.029296875,-0.205078125
10665,1.1328125,1.201171875,-0.09765625,-0.166015625
10666,1.181640625,1.2109375,-0.17578125,-0.302734375
10667,1.23046875,1.15234375,-0.146484375,-0.302734375
10668,1.2109375,1.181640625,-0.361328125,-0.234375
10669,1.240234375,1.1328125,-0.302734375,-0.205078125
10670,1.19140625,1.220703125,-0.439453125,-0.244140625
10671,1.259765625,1.171875,-0.263671875,-0.244140625
10672,1.220703125,1.318359375,-0.29296875,-0.21484375
10673,1.171875,1.240234375,-0.29296875,-0.244140625
10674,1.2109375,1.1328125,-0.1953125,-0.244140625
10675,1.26953125,1.2109375,-0.33203125,-0.283203125
10676,1.15234375,1.171875,-0.37109375,-0.283203125
10677,1.34765625,1.181640625,-0.263671875,-0.205078125
10678,1.25,1.25,-0.263671875,-0.224609375
10679,1.142578125,1.25,-0.283203125,-0.29296875
10680,1.259765625,1.2109375,-0.224609375,-0.361328125
10681,1.23046875,1.15234375,-0.21484375,-0.3125
10682,1.220703125,1.26953125,-0.21484375,-0.234375
10683,1.181640625,1.1328125,-0.1953125,-0.400390625
10684,1.123046875,1.26953125,-0.3515625,-0.33203125
10685,1.240234375,1.083984375,-0.390625,-0.3515625
10686,1.15234375,1.19140625,-0.302734375,-0.3125
10687,1.142578125,1.2890625,-0.224609375,-0.283203125
10688,1.171875,1.162109375,-0.29296875,-0.2734375
10689,1.2109375,1.25,-0.13671875,-0.25390625
10690,1.2109375,1.201171875,-0.263671875,-0.283203125
10691,1.19140625,1.15234375,-0.263671875,-0.302734375
10692,1.201171875,1.279296875,-0.322265625,-0.33203125
10693,1.25,1.1328125,-0.13671875,-0.2734375
10694,1.201171875,1.26953125,-0.3125,-0.283203125
10695,1.23046875,1.171875,-0.3125,-0.44921875
10696,1.142578125,1.171875,-0.3125,-0.2734375
10697,1.19140625,1.07421875,-0.166015625,-0.302734375
10698,1.11328125,1.26953125,-0.166015625,-0.126953125
10699,1.26953125,1.162109375,-0.25390625,-0.33203125
10700,1.123046875,1.19140625,-0.283203125,-0.302734375
10701,1.123046875,1.328125,-0.048828125,-0.146484375
10702,1.2109375,1.23046875,-0.263671875,-0.390625
10703,1.15234375,1.34765625,-0.234375,-0.361328125
10704,1.181640625,1.259765625,-0.37109375,-0.302734375
10705,1.064453125,1.23046875,-0.244140625,-0.1953125
10706,1.171875,1.25,-0.3125,-0.234375
10707,1.162109375,1.171875,-0.234375,-0.3515625
10708,1.201171875,1.123046875,-0.224609375,-0.48828125
10709,1.1328125,1.19140625,-0.21484375,-0.302734375
10710,1.142578125,1.220703125,-0.25390625,-0.3125
10711,1.083984375,1.259765625,-0.21484375,-0.1953125
10712,1.171875,1.25,-0.322265625,-0.205078125
10713,1.19140625,1.15234375,-0.3515625,-0.341796875
10714,1.181640625,1.181640625,-0.244140625,-0.21484375
10715,1.201171875,1.220703125,-0.33203125,-0.322265625
10716,1.2109375,1.171875,-0.302734375,-0.322265625
10717,1.162109375,1.171875,-0.205078125,-0.15625
10718,1.11328125,1.162109375,-0.283203125,-0.283203125
10719,1.201171875,0.91796875,-0.087890625,-0.205078125
10720,1.103515625,1.19140625,-0.244140625,-0.263671875
10721,1.162109375,1.181640625,-0.244140625,-0.283203125
10722,1.162109375,1.220703125,-0.126953125,-0.322265625
10723,1.083984375,1.19140625,-0.185546875,-0.244140625
10724,1.259765625,1.220703125,-0.244140625,-0.29296875
10725,1.19140625,1.30859375,-0.146484375,-0.263671875
10726,1.123046875,1.181640625,-0.2734375,-0.439453125
10727,1.19140625,1.1328125,-0.13671875,-0.2734375
10728,1.181640625,1.25,-0.2734375,-0.244140625
10729,1.240234375,1.30859375,-0.244140625,-0.2734375
10730,1.38671875,1.240234375,-0.146484375,-0.302734375
10731,1.240234375,1.38671875,-0.13671875,-0.283203125
10732,1.201171875,1.279296875,-0.205078125,-0.341796875
10733,1.279296875,1.318359375,-0.244140625,-0.29296875
10734,1.337890625,1.240234375,-0.302734375,-0.263671875
10735,1.2890625,1.2109375,-0.126953125,-0.2734375
10736,1.30859375,1.2109375,-0.322265625,-0.29296875
10737,1.357421875,1.298828125,-0.302734375,-0.322265625
10738,1.259765625,1.181640625,-0.1953125,-0.126953125
10739,1.162109375,1.259765625,-0.234375,-0.33203125
10740,1.26953125,1.123046875,-0.3125,-0.302734375
10741,1.328125,1.298828125,-0.21484375,-0.29296875
10742,1.279296875,1.2109375,-0.2734375,-0.33203125
10743,1.38671875,1.123046875,-0.29296875,-0.283203125
10744,1.30859375,1.240234375,-0.166015625,-0.380859375
10745,1.30859375,1.279296875,-0.234375,-0.37109375
10746,1.279296875,1.1328125,-0.1953125,-0.341796875
10747,1.40625,1.240234375,-0.21484375,-0.15625
10748,1.396484375,1.337890625,-0.21484375,-0.302734375
10749,1.357421875,1.171875,-0.48828125,-0.3515625
10750,1.298828125,1.181640625,-0.341796875,-0.244140625
10751,1.328125,1.181640625,-0.185546875,-0.390625
10752,1.337890625,1.181640625,-0.33203125,-0.380859375
10753,1.357421875,1.30859375,-0.25390625,-0.361328125
10754,1.318359375,1.201171875,-0.25390625,-0.556640625
10755,1.3671875,1.2890625,-0.205078125,-0.400390625
10756,1.25,1.201171875,-0.29296875,-0.302734375
10757,1.19140625,1.15234375,-0.25390625,-0.458984375
10758,1.259765625,1.201171875,-0.322265625,-0.400390625
10759,1.26953125,1.2890625,-0.205078125,-0.41015625
10760,1.298828125,1.220703125,-0.29296875,-0.380859375
10761,1.2890625,1.162109375,-0.224609375,-0.439453125
10762,1.23046875,1.25,-0.234375,-0.3125
10763,1.240234375,1.220703125,-0.146484375,-0.439453125
10764,1.318359375,1.162109375,-0.2734375,-0.44921875
10765,1.23046875,1.3671875,-0.126953125,-0.37109375
10766,1.435546875,1.279296875,-0.21484375,-0.380859375
10767,1.30859375,1.201171875,-0.234375,-0.341796875
10768,1.25,1.26953125,-0.244140625,-0.400390625
10769,1.2890625,1.220703125,-0.1953125,-0.439453125
10770,1.25,1.279296875,-0.2734375,-0.3515625
10771,1.23046875,1.240234375,-0.205078125,-0.341796875
10772,1.259765625,1.2890625,-0.205078125,-0.322265625
10773,1.19140625,1.2109375,-0.205078125,-0.37109375
10774,1.220703125,1.162109375,-0.33203125,-0.283203125
10775,1.201171875,1.26953125,-0.2734375,-0.4296875
10776,1.11328125,1.15234375,-0.25390625,-0.322265625
10777,1.220703125,1.279296875,-0.33203125,-0.244140625
10778,1.1328125,1.220703125,-0.244140625,-0.44921875
10779,1.34765625,1.162109375,-0.322265625,-0.2734375
10780,1.220703125,1.162109375,-0.224609375,-0.263671875
10781,1.103515625,1.201171875,-0.25390625,-0.4296875
10782,1.25,1.15234375,-0.234375,-0.361328125
10783,1.279296875,1.142578125,-0.361328125,-0.33203125
10784,1.201171875,1.181640625,-0.244140625,-0.361328125
10785,1.259765625,1.2109375,-0.283203125,-0.400390625
10786,1.123046875,1.171875,-0.107421875,-0.400390625
10787,1.2890625,1.2109375,-0.205078125,-0.25390625
10788,1.15234375,1.220703125,-0.3125,-0.41015625
10789,1.26953125,1.25,-0.361328125,-0.478515625
10790,1.19140625,1.123046875,-0.205078125,-0.380859375
10791,1.181640625,1.220703125,-0.263671875,-0.3125
10792,1.26953125,1.103515625,-0.048828125,-0.341796875
10793,1.26953125,1.181640625,-0.17578125,-0.458984375
10794,1.240234375,1.03515625,-0.068359375,-0.390625
10795,1.2109375,1.19140625,-0.166015625,-0.41015625
10796,1.26953125,1.123046875,-0.3125,-0.09765625
10797,1.201171875,1.0546875,-0.2734375,-0.380859375
10798,1.25,1.23046875,-0.17578125,-0.458984375
10799,1.240234375,1.1328125,-0.205078125,-0.458984375
10800,1.240234375,1.1328125,-0.185546875,-0.458984375
10801,1.2109375,1.142578125,-0.263671875,-0.380859375
10802,1.162109375,1.083984375,-0.283203125,-0.390625
10803,1.103515625,1.19140625,-0.166015625,-0.361328125
10804,1.201171875,1.19140625,-0.3125,-0.41015625
10805,1.171875,1.30859375,-0.21484375,-0.46875
10806,1.201171875,1.2109375,-0.224609375,-0.29296875
10807,1.279296875,1.220703125,-0.224609375,-0.361328125
10808,1.220703125,1.142578125,-0.25390625,-0.322265625
10809,1.142578125,1.19140625,-0.263671875,-0.44921875
10810,1.2890625,1.455078125,-0.1953125,-0.361328125
10811,1.201171875,1.220703125,-0.205078125,-0.263671875
10812,1.123046875,1.220703125,-0.185546875,-0.380859375
10813,1.2109375,1.2109375,-0.263671875,-0.41015625
10814,1.19140625,1.201171875,-0.234375,-0.439453125
10815,1.162109375,1.23046875,-0.1953125,-0.439453125
10816,1.123046875,1.171875,-0.21484375,-0.380859375
10817,1.1328125,1.25,-0.302734375,-0.322265625
10818,1.171875,1.201171875,-0.25390625,-0.361328125
10819,1.142578125,1.328125,-0.322265625,-0.390625
10820,1.220703125,1.2109375,-0.3515625,-0.25390625
10821,1.162109375,1.23046875,-0.244140625,-0.390625
10822,1.07421875,1.2109375,-0.283203125,-0.400390625
10823,1.142578125,1.220703125,-0.263671875,-0.390625
10824,1.1328125,1.19140625,-0.302734375,-0.224609375
10825,1.142578125,1.2109375,-0.2734375,-0.380859375
10826,1.162109375,1.171875,-0.3125,-0.380859375
10827,1.171875,1.2109375,-0.224609375,-0.37109375
10828,1.171875,1.318359375,-0.244140625,-0.390625
10829,1.259765625,1.15234375,-0.302734375,-0.400390625
10830,1.1328125,1.23046875,-0.1953125,-0.44921875
10831,1.0546875,1.220703125,-0.205078125,-0.390625
10832,1.142578125,1.171875,-0.1953125,-0.37109375
10833,1.1328125,1.220703125,-0.322265625,-0.322265625
10834,1.025390625,1.15234375,-0.25390625,-0.361328125
10835,1.1328125,1.19140625,-0.302734375,-0.400390625
10836,1.142578125,1.142578125,-0.244140625,-0.390625
10837,1.09375,1.376953125,-0.185546875,-0.380859375
10838,1.2109375,1.09375,-0.283203125,-0.380859375
10839,1.181640625,1.2109375,-0.263671875,-0.205078125
10840,1.30859375,1.123046875,-0.2734375,-0.37109375
10841,1.2109375,1.220703125,-0.263671875,-0.380859375
10842,1.220703125,1.171875,-0.263671875,-0.322265625
10843,1.26953125,1.181640625,-0.29296875,-0.46875
10844,1.201171875,1.1328125,-0.322265625,-0.37109375
10845,1.1328125,1.142578125,-0.2734375,-0.380859375
10846,1.171875,1.162109375,-0.185546875,-0.390625
10847,1.1328125,1.025390625,-0.224609375,-0.37109375
10848,1.07421875,1.044921875,-0.25390625,-0.2734375
10849,1.23046875,1.0546875,-0.234375,-0.41015625
10850,1.2109375,1.083984375,-0.283203125,-0.3515625
10851,1.1328125,1.1328125,-0.205078125,-0.09765625
10852,1.34765625,1.11328125,-0.3125,-0.3125
10853,1.259765625,1.083984375,-0.244140625,-0.33203125
10854,1.103515625,1.11328125,-0.244140625,-0.478515625
10855,1.23046875,1.11328125,-0.244140625,-0.341796875
10856,1.240234375,1.171875,-0.25390625,-0.341796875
10857,1.171875,1.123046875,-0.283203125,-0.185546875
10858,1.25,0.859375,-0.263671875,-0.37109375
10859,1.171875,1.07421875,-0.25390625,-0.3515625
10860,1.19140625,1.005859375,-0.224609375,-0.400390625
10861,1.259765625,0.927734375,-0.25390625,-0.302734375
10862,1.23046875,1.03515625,-0.400390625,-0.3515625
10863,1.357421875,1.083984375,-0.25390625,-0.126953125
10864,1.181640625,1.005859375,-0.25390625,-0.361328125
10865,1.220703125,1.044921875,-0.234375,-0.3125
10866,1.259765625,1.064453125,-0.29296875,-0.17578125
10867,1.220703125,0.966796875,-0.2734375,-0.4296875
10868,1.2109375,0.986328125,-0.37109375,-0.341796875
10869,1.1328125,1.0546875,-0.185546875,-0.3125
10870,1.1328125,0.9765625,-0.283203125,-0.4296875
10871,1.298828125,1.044921875,-0.25390625,-0.322265625
10872,1.103515625,0.927734375,-0.1953125,-0.302734375
10873,1.298828125,1.162109375,-0.205078125,-0.341796875
10874,1.19140625,1.083984375,-0.263671875,-0.322265625
10875,1.162109375,1.015625,-0.2734375,-0.09765625
10876,1.171875,1.015625,-0.263671875,-0.478515625
10877,1.25,1.044921875,-0.263671875,-0.283203125
10878,1.23046875,1.11328125,-0.263671875,-0.263671875
10879,1.201171875,1.0546875,-0.224609375,-0.341796875
10880,1.142578125,1.0546875,-0.21484375,-0.234375
10881,1.15234375,1.07421875,-0.302734375,-0.224609375
10882,1.142578125,1.03515625,-0.21484375,-0.185546875
10883,1.1328125,1.162109375,-0.244140625,-0.3125
10884,1.19140625,1.103515625,-0.263671875,-0.25390625
10885,1.15234375,1.083984375,-0.234375,-0.29296875
10886,1.1328125,1.064453125,-0.185546875,-0.3515625
10887,1.123046875,1.0546875,-0.29296875,-0.283203125
10888,1.220703125,1.083984375,-0.234375,-0.498046875
10889,1.15234375,1.123046875,-0.15625,-0.263671875
10890,1.171875,0.99609375,-0.244140625,-0.41015625
10891,1.142578125,0.95703125,-0.146484375,-0.458984375
10892,1.15234375,1.044921875,-0.3125,-0.263671875
10893,1.15234375,0.966796875,-0.2734375,-0.3125
10894,1.11328125,1.03515625,-0.224609375,-0.3515625
10895,1.171875,1.201171875,-0.17578125,-0.33203125
10896,1.201171875,1.005859375,-0.1953125,-0.2734375
10897,1.171875,0.9375,-0.205078125,-0.3515625
10898,1.26953125,0.9765625,-0.302734375,-0.29296875
10899,1.201171875,1.103515625,-0.09765625,-0.244140625
10900,1.19140625,0.9375,-0.263671875,-0.17578125
10901,1.171875,0.95703125,-0.234375,-0.3515625
10902,1.19140625,1.005859375,-0.302734375,-0.3515625
10903,1.142578125,1.03515625,-0.21484375,-0.302734375
10904,1.2109375,1.103515625,-0.244140625,-0.419921875
10905,1.162109375,1.07421875,-0.283203125,-0.25390625
10906,1.142578125,0.966796875,-0.224609375,-0.37109375
10907,1.19140625,1.0546875,-0.185546875,-0.341796875
10908,1.171875,1.064453125,-0.341796875,-0.2734375
10909,1.07421875,0.99609375,-0.224609375,-0.244140625
10910,1.23046875,1.083984375,-0.166015625,-0.341796875
10911,1.2109375,0.966796875,-0.234375,-0.283203125
10912,1.201171875,1.025390625,-0.29296875,-0.341796875
10913,1.25,0.99609375,-0.21484375,-0.29296875
10914,1.083984375,1.015625,-0.15625,-0.380859375
10915,1.07421875,1.064453125,-0.263671875,-0.224609375
10916,1.162109375,0.9765625,-0.244140625,-0.263671875
10917,1.240234375,1.064453125,-0.283203125,-0.283203125
10918,1.23046875,1.0546875,-0.224609375,-0.498046875
10919,1.201171875,0.9765625,-0.25390625,-0.3125
10920,1.19140625,1.123046875,-0.13671875,-0.2734375
10921,1.181640625,1.11328125,-0.15625,-0.3515625
10922,1.181640625,1.015625,-0.244140625,-0.3515625
10923,1.162109375,0.986328125,-0.33203125,-0.37109375
10924,1.2109375,1.123046875,-0.2734375,-0.146484375
10925,1.2890625,1.044921875,-0.224609375,-0.322265625
10926,1.162109375,0.986328125,-0.1953125,-0.3125
10927,1.220703125,1.015625,-0.283203125,-0.341796875
10928,1.123046875,0.9375,-0.234375,-0.29296875
10929,1.064453125,1.044921875,-0.25390625,-0.283203125
10930,1.25,1.025390625,-0.1953125,-0.44921875
10931,1.2109375,1.171875,-0.244140625,-0.33203125
10932,1.240234375,1.005859375,-0.13671875,-0.244140625
10933,1.2109375,1.11328125,-0.419921875,-0.302734375
10934,1.162109375,1.005859375,-0.166015625,-0.29296875
10935,1.19140625,0.869140625,-0.205078125,-0.3515625
10936,1.1328125,1.09375,-0.05859375,-0.283203125
10937,1.19140625,1.044921875,-0.224609375,-0.244140625
10938,1.181640625,1.03515625,-0.1171875,-0.224609375
10939,1.23046875,1.11328125,-0.224609375,-0.244140625
10940,1.34765625,1.015625,-0.25390625,-0.361328125
10941,1.162109375,1.005859375,-0.244140625,-0.244140625
10942,1.181640625,1.044921875,-0.166015625,-0.234375
10943,1.15234375,1.064453125,-0.29296875,-0.2734375
10944,1.123046875,1.123046875,-0.146484375,-0.283203125
10945,1.259765625,1.015625,-0.029296875,-0.25390625
10946,1.162109375,1.11328125,-0.21484375,-0.2734375
10947,1.25,0.99609375,-0.244140625,-0.341796875
10948,1.259765625,1.142578125,-0.234375,-0.244140625
10949,1.083984375,1.0546875,-0.244140625,-0.29296875
10950,1.1328125,1.03515625,-0.2734375,-0.2734375
10951,1.162109375,1.123046875,-0.126953125,-0.302734375
10952,1.23046875,1.064453125,-0.146484375,-0.400390625
10953,1.064453125,1.044921875,-0.2734375,-0.25390625
10954,1.0546875,1.044921875,-0.29296875,-0.234375
10955,1.015625,1.0546875,-0.224609375,-0.234375
10956,1.09375,1.259765625,-0.25390625,-0.283203125
10957,1.142578125,1.083984375,-0.322265625,-0.3125
10958,1.083984375,1.07421875,-0.224609375,-0.41015625
10959,1.171875,1.083984375,-0.13671875,-0.33203125
10960,1.123046875,1.07421875,-0.21484375,-0.33203125
10961,1.23046875,1.11328125,-0.205078125,-0.224609375
10962,1.25,1.07421875,-0.2734375,-0.263671875
10963,1.162109375,0.986328125,-0.341796875,-0.263671875
10964,1.23046875,1.083984375,-0.224609375,-0.37109375
10965,1.083984375,1.09375,-0.25390625,-0.2734375
10966,1.162109375,1.005859375,-0.2734375,-0.283203125
10967,1.26953125,1.11328125,-0.21484375,-0.361328125
10968,1.201171875,1.0546875,-0.224609375,-0.283203125
10969,1.2109375,1.09375,-0.185546875,-0.302734375
10970,1.279296875,1.19140625,-0.224609375,-0.263671875
10971,1.337890625,1.142578125,-0.205078125,-0.166015625
10972,1.259765625,0.966796875,-0.302734375,-0.205078125
10973,1.259765625,1.171875,-0.234375,-0.234375
10974,1.1328125,1.015625,-0.21484375,-0.15625
10975,1.25,1.025390625,-0.234375,-0.234375
10976,1.201171875,1.083984375,-0.283203125,-0.21484375
10977,1.2890625,1.103515625,-0.283203125,-0.21484375
10978,1.279296875,1.11328125,-0.244140625,-0.283203125
10979,1.298828125,1.07421875,-0.263671875,-0.3125
10980,1.181640625,1.162109375,-0.146484375,-0.146484375
10981,1.279296875,1.07421875,-0.244140625,-0.1953125
10982,1.279296875,1.142578125,-0.224609375,-0.15625
10983,1.2890625,1.142578125,-0.234375,-0.224609375
10984,1.2109375,1.220703125,-0.13671875,-0.29296875
10985,1.240234375,1.03515625,-0.146484375,-0.234375
10986,1.19140625,1.083984375,-0.244140625,-0.3125
10987,1.328125,1.34765625,-0.224609375,-0.2734375
10988,1.25,1.083984375,-0.166015625,-0.146484375
10989,1.171875,1.201171875,-0.205078125,-0.283203125
10990,1.26953125,1.07421875,-0.33203125,-0.263671875
10991,1.19140625,1.03515625,-0.244140625,-0.244140625
10992,1.25,1.03515625,-0.205078125,-0.302734375
10993,1.23046875,0.9765625,-0.244140625,-0.25390625
10994,1.123046875,1.03515625,-0.224609375,-0.283203125
10995,1.162109375,1.11328125,-0.15625,-0.185546875
10996,1.11328125,0.966796875,-0.244140625,-0.25390625
10997,1.201171875,1.015625,-0.33203125,-0.13671875
10998,1.23046875,1.03515625,-0.21484375,-0.21484375
10999,1.1328125,1.09375,-0.205078125,-0.234375
11000,1.15234375,1.09375,-0.37109375,-0.33203125
11001,1.2109375,1.123046875,-0.224609375,-0.21484375
11002,1.162109375,1.103515625,-0.224609375,-0.234375
11003,1.23046875,1.07421875,-0.1953125,-0.205078125
11004,1.220703125,1.083984375,-0.185546875,-0.185546875
11005,1.142578125,1.142578125,-0.2734375,-0.244140625
11006,1.162109375,1.044921875,-0.17578125,-0.21484375
11007,1.15234375,1.09375,-0.17578125,-0.1953125
11008,1.1328125,1.201171875,-0.283203125,-0.224609375
11009,1.11328125,1.103515625,-0.1953125,-0.341796875
11010,1.25,1.103515625,-0.1953125,-0.244140625
11011,1.123046875,1.0546875,-0.29296875,-0.224609375
11012,1.23046875,1.015625,-0.1953125,-0.1953125
11013,1.171875,1.07421875,-0.283203125,-0.185546875
11014,1.07421875,0.91796875,-0.126953125,-0.234375
11015,1.15234375,1.162109375,-0.068359375,-0.244140625
11016,1.181640625,1.0546875,-0.263671875,-0.478515625
11017,1.083984375,1.083984375,-0.244140625,-0.3125
11018,1.240234375,1.240234375,-0.3515625,-0.263671875
11019,1.083984375,1.005859375,-0.21484375,-0.21484375
11020,1.1328125,1.064453125,-0.244140625,-0.166015625
11021,1.181640625,1.11328125,-0.146484375,-0.234375
11022,1.162109375,1.064453125,-0.234375,-0.263671875
11023,1.240234375,1.201171875,-0.322265625,-0.244140625
11024,0.99609375,0.966796875,-0.234375,-0.224609375
11025,1.083984375,1.064453125,-0.234375,-0.244140625
11026,1.25,1.07421875,-0.107421875,-0.283203125
11027,1.1328125,0.966796875,-0.419921875,-0.322265625
11028,1.181640625,1.142578125,-0.25390625,-0.263671875
11029,1.1328125,1.220703125,-0.25390625,-0.3125
11030,1.15234375,1.1328125,-0.21484375,-0.283203125
11031,1.171875,1.162109375,-0.224609375,-0.166015625
11032,1.025390625,1.142578125,-0.341796875,-0.322265625
11033,1.0546875,1.240234375,-0.3125,-0.2734375
11034,1.083984375,1.03515625,-0.341796875,-0.17578125
11035,1.03515625,1.171875,-0.224609375,-0.17578125
11036,1.1328125,1.142578125,-0.205078125,-0.263671875
11037,1.181640625,1.083984375,-0.29296875,-0.17578125
11038,1.181640625,1.083984375,-0.283203125,-0.283203125
11039,1.162109375,1.09375,-0.25390625,-0.234375
11040,0.95703125,1.1328125,-0.234375,-0.380859375
11041,1.083984375,1.11328125,-0.2734375,-0.1953125
11042,1.220703125,1.2109375,-0.234375,-0.1953125
11043,1.03515625,1.142578125,-0.224609375,-0.283203125
11044,1.201171875,1.25,-0.29296875,-0.322265625
11045,1.1328125,1.1328125,-0.25390625,-0.244140625
11046,1.07421875,1.162109375,-0.224609375,-0.3125
11047,1.162109375,1.2109375,-0.185546875,-0.2734375
11048,1.181640625,1.34765625,-0.244140625,-0.283203125
11049,1.19140625,1.142578125,-0.2734375,-0.09765625
11050,1.240234375,1.09375,-0.283203125,-0.224609375
11051,1.142578125,1.26953125,-0.3515625,-0.283203125
11052,1.142578125,1.181640625,-0.341796875,-0.29296875
11053,1.044921875,1.1328125,-0.224609375,-0.15625
11054,1.171875,1.064453125,-0.205078125,-0.205078125
11055,1.171875,1.162109375,-0.302734375,-0.25390625
11056,1.19140625,1.142578125,-0.244140625,-0.15625
11057,1.19140625,1.220703125,-0.244140625,-0.263671875
11058,1.11328125,1.162109375,-0.3515625,-0.2734375
11059,1.220703125,1.15234375,-0.234375,-0.146484375
11060,1.279296875,1.083984375,-0.224609375,-0.263671875
11061,1.171875,1.171875,-0.17578125,-0.263671875
11062,1.162109375,1.181640625,-0.224609375,-0.244140625
11063,1.240234375,1.298828125,-0.1953125,-0.234375
11064,1.201171875,1.19140625,-0.146484375,-0.146484375
11065,1.181640625,1.15234375,-0.185546875,-0.302734375
11066,1.279296875,1.23046875,-0.205078125,-0.2734375
11067,1.201171875,1.1328125,-0.2734375,-0.283203125
11068,1.25,1.181640625,-0.2734375,-0.3515625
11069,1.1328125,1.240234375,-0.2734375,-0.29296875
11070,1.259765625,1.162109375,-0.3125,-0.25390625
11071,1.240234375,1.123046875,-0.29296875,-0.33203125
11072,1.26953125,1.15234375,-0.33203125,-0.322265625
11073,1.19140625,1.142578125,-0.3125,-0.2734375
11074,1.298828125,1.15234375,-0.224609375,-0.234375
11075,1.23046875,1.07421875,-0.17578125,-0.25390625
11076,1.279296875,1.083984375,-0.244140625,-0.1953125
11077,1.171875,1.181640625,-0.244140625,-0.146484375
11078,1.259765625,1.181640625,-0.15625,-0.3125
11079,1.220703125,1.123046875,-0.322265625,-0.322265625
11080,1.23046875,1.083984375,-0.263671875,-0.3515625
11081,1.220703125,1.162109375,-0.205078125,-0.322265625
11082,1.25,1.162109375,-0.322265625,-0.322265625
11083,1.123046875,1.181640625,-0.25390625,-0.283203125
11084,1.2109375,1.30859375,-0.17578125,-0.302734375
11085,1.240234375,1.318359375,-0.185546875,-0.205078125
11086,1.26953125,1.142578125,-0.166015625,-0.205078125
11087,1.25,1.162109375,-0.234375,-0.263671875
11088,1.240234375,1.19140625,-0.15625,-0.263671875
11089,1.181640625,1.23046875,-0.244140625,-0.37109375
11090,1.181640625,1.07421875,-0.234375,-0.33203125
11091,1.162109375,1.171875,-0.29296875,-0.224609375
11092,1.162109375,1.1328125,-0.146484375,-0.166015625
11093,1.142578125,1.181640625,-0.3125,-0.322265625
11094,1.025390625,1.1328125,-0.29296875,-0.205078125
11095,1.220703125,1.2109375,-0.205078125,-0.1953125
11096,1.181640625,1.083984375,-0.25390625,-0.185546875
11097,1.181640625,1.181640625,-0.244140625,-0.37109375
11098,1.171875,1.201171875,-0.1953125,-0.244140625
11099,1.15234375,1.123046875,-0.224609375,-0.322265625
11100,1.181640625,1.0546875,-0.15625,-0.25390625
11101,1.23046875,1.142578125,-0.21484375,-0.283203125
11102,1.1328125,1.083984375,-0.263671875,-0.234375
11103,1.142578125,1.15234375,-0.21484375,-0.2734375
11104,1.2109375,1.162109375,-0.1953125,-0.25390625
11105,1.162109375,1.201171875,-0.25390625,-0.224609375
11106,1.26953125,1.259765625,-0.33203125,-0.302734375
11107,1.298828125,1.2109375,-0.322265625,-0.33203125
11108,1.201171875,1.279296875,-0.341796875,-0.322265625
11109,1.259765625,1.181640625,-0.224609375,-0.244140625
11110,1.298828125,1.171875,-0.234375,-0.263671875
11111,1.34765625,1.181640625,-0.224609375,-0.283203125
11112,1.2109375,1.26953125,-0.283203125,-0.283203125
11113,1.240234375,1.181640625,-0.224609375,-0.458984375
11114,1.181640625,1.181640625,-0.15625,-0.25390625
11115,1.30859375,1.15234375,-0.25390625,-0.263671875
11116,1.240234375,1.25,-0.3125,-0.048828125
11117,1.23046875,1.19140625,-0.21484375,-0.361328125
11118,1.19140625,1.162109375,-0.341796875,-0.33203125
11119,1.259765625,1.220703125,-0.244140625,-0.3125
11120,1.25,1.142578125,-0.244140625,-0.13671875
11121,1.25,1.142578125,-0.263671875,-0.2734375
11122,1.201171875,1.162109375,-0.263671875,-0.21484375
11123,1.201171875,1.220703125,-0.244140625,-0.302734375
11124,1.171875,1.220703125,-0.29296875,-0.21484375
11125,1.220703125,1.2109375,-0.2734375,-0.2734375
11126,1.15234375,1.19140625,-0.234375,-0.44921875
11127,1.162109375,1.19140625,-0.146484375,-0.302734375
11128,1.23046875,1.064453125,-0.17578125,-0.224609375
11129,1.2109375,1.1328125,-0.21484375,-0.244140625
11130,1.142578125,1.171875,-0.17578125,-0.21484375
11131,1.103515625,1.103515625,-0.17578125,-0.283203125
11132,1.201171875,1.171875,-0.283203125,-0.390625
11133,1.103515625,1.201171875,-0.263671875,-0.21484375
11134,1.19140625,1.171875,-0.21484375,-0.302734375
11135,1.25,1.181640625,-0.234375,-0.4296875
11136,1.171875,1.240234375,-0.263671875,-0.263671875
11137,1.15234375,1.201171875,-0.166015625,-0.234375
11138,1.1328125,1.181640625,-0.25390625,-0.263671875
11139,1.142578125,1.162109375,-0.263671875,-0.302734375
11140,1.23046875,1.2109375,-0.46875,-0.29296875
11141,1.09375,1.15234375,-0.15625,-0.322265625
11142,1.25,1.103515625,-0.3125,-0.302734375
11143,1.142578125,1.005859375,-0.17578125,-0.322265625
11144,1.220703125,1.19140625,-0.244140625,-0.234375
11145,1.318359375,1.259765625,-0.13671875,-0.283203125
11146,1.171875,1.123046875,-0.234375,-0.33203125
11147,1.201171875,1.162109375,-0.244140625,-0.224609375
11148,1.123046875,1.2890625,-0.17578125,-0.361328125
11149,1.162109375,1.201171875,-0.33203125,-0.341796875
11150,1.26953125,1.162109375,-0.205078125,-0.41015625
11151,1.30859375,1.26953125,-0.234375,-0.37109375
11152,1.1328125,1.181640625,-0.21484375,-0.33203125
11153,1.25,1.2109375,-0.224609375,-0.37109375
11154,1.15234375,1.396484375,-0.244140625,-0.283203125
11155,1.259765625,1.259765625,-0.25390625,-0.302734375
11156,1.279296875,1.220703125,-0.263671875,-0.3515625
11157,1.259765625,1.337890625,-0.25390625,-0.3125
11158,1.23046875,1.328125,-0.302734375,-0.2734375
11159,1.337890625,1.220703125,-0.2734375,-0.224609375
11160,1.25,1.259765625,-0.244140625,-0.283203125
11161,1.201171875,1.123046875,-0.166015625,-0.341796875
11162,1.240234375,1.220703125,-0.2734375,-0.25390625
11163,1.2890625,1.298828125,-0.224609375,-0.25390625
11164,1.162109375,1.2109375,-0.1171875,-0.302734375
11165,1.328125,1.19140625,-0.21484375,-0.166015625
11166,1.357421875,1.201171875,-0.15625,-0.263671875
11167,1.2109375,1.259765625,-0.29296875,-0.302734375
11168,1.318359375,1.240234375,-0.302734375,-0.283203125
11169,1.34765625,1.19140625,-0.33203125,-0.244140625
11170,1.2890625,1.298828125,-0.283203125,-0.341796875
11171,1.30859375,1.2109375,-0.185546875,-0.33203125
11172,1.328125,1.19140625,-0.25390625,-0.283203125
11173,1.337890625,1.298828125,-0.263671875,-0.29296875
11174,1.25,1.25,-0.29296875,-0.3125
11175,1.298828125,1.171875,-0.263671875,-0.29296875
11176,1.396484375,1.201171875,-0.244140625,-0.302734375
11177,1.298828125,1.201171875,-0.41015625,-0.2734375
11178,1.337890625,1.181640625,-0.166015625,-0.546875
11179,1.318359375,1.23046875,-0.166015625,-0.33203125
11180,1.34765625,1.240234375,-0.185546875,-0.419921875
11181,1.19140625,1.19140625,-0.244140625,-0.37109375
11182,1.298828125,1.26953125,-0.263671875,-0.3515625
11183,1.2890625,1.298828125,-0.302734375,-0.4296875
11184,1.4453125,1.220703125,-0.21484375,-0.4296875
11185,1.34765625,1.181640625,-0.107421875,-0.361328125
11186,1.259765625,1.240234375,-0.224609375,-0.322265625
11187,1.26953125,1.30859375,-0.21484375,-0.25390625
11188,1.259765625,1.25,-0.166015625,-0.361328125
11189,1.259765625,1.123046875,-0.185546875,-0.400390625
11190,1.318359375,1.220703125,-0.25390625,-0.224609375
11191,1.15234375,1.142578125,-0.263671875,-0.33203125
11192,1.2109375,1.220703125,-0.224609375,-0.33203125
11193,1.19140625,1.181640625,-0.205078125,-0.390625
11194,1.25,1.259765625,-0.322265625,-0.302734375
11195,1.2890625,1.07421875,-0.33203125,-0.244140625
11196,1.23046875,1.279296875,-0.29296875,-0.4296875
11197,1.26953125,1.240234375,-0.185546875,-0.322265625
11198,1.318359375,1.09375,-0.146484375,-0.3515625
11199,1.2109375,1.181640625,-0.224609375,-0.263671875
11200,1.30859375,1.201171875,-0.126953125,-0.341796875
11201,1.25,1.26953125,-0.21484375,-0.380859375
11202,1.19140625,1.201171875,-0.33203125,-0.419921875
11203,1.2109375,1.240234375,-0.205078125,-0.322265625
11204,1.19140625,1.259765625,0.087890625,-0.37109375
11205,1.337890625,1.142578125,-0.224609375,-0.244140625
11206,1.357421875,1.083984375,-0.29296875,-0.302734375
11207,1.171875,1.30859375,-0.224609375,-0.29296875
11208,1.328125,1.25,-0.37109375,-0.2734375
11209,1.240234375,1.103515625,-0.25390625,-0.3515625
11210,1.25,1.142578125,-0.17578125,-0.302734375
11211,1.30859375,1.23046875,-0.244140625,-0.244140625
11212,1.376953125,1.2109375,-0.17578125,-0.361328125
11213,1.259765625,1.259765625,-0.2734375,-0.3515625
11214,1.30859375,1.25,-0.322265625,-0.244140625
11215,1.298828125,1.03515625,-0.244140625,-0.3125
11216,1.181640625,1.26953125,-0.234375,-0.283203125
11217,1.19140625,1.240234375,-0.21484375,-0.341796875
11218,1.259765625,1.15234375,-0.25390625,-0.37109375
11219,1.201171875,1.23046875,-0.234375,-0.3515625
11220,1.30859375,1.259765625,-0.1953125,-0.3515625
11221,1.318359375,1.201171875,-0.25390625,-0.44921875
11222,1.181640625,1.328125,-0.322265625,-0.400390625
11223,1.142578125,1.26953125,-0.244140625,-0.25390625
11224,1.181640625,1.318359375,-0.244140625,-0.361328125
11225,1.162109375,1.0546875,-0.244140625,-0.380859375
11226,1.171875,1.240234375,-0.146484375,-0.341796875
11227,1.07421875,1.064453125,-0.205078125,-0.33203125
11228,1.15234375,1.201171875,-0.41015625,-0.380859375
11229,1.34765625,1.162109375,-0.21484375,-0.5078125
11230,1.220703125,1.240234375,-0.302734375,-0.48828125
11231,1.220703125,1.142578125,-0.4296875,-0.458984375
11232,1.240234375,1.201171875,-0.29296875,-0.25390625
11233,1.181640625,1.103515625,-0.21484375,-0.48828125
11234,1.19140625,0.947265625,-0.29296875,-0.390625
11235,1.123046875,1.103515625,-0.283203125,-0.439453125
11236,1.25,1.15234375,-0.25390625,-0.322265625
11237,1.2109375,1.2109375,-0.17578125,-0.361328125
11238,1.2109375,1.1328125,-0.29296875,-0.419921875
11239,1.23046875,1.162109375,-0.234375,-0.615234375
11240,1.2109375,1.171875,-0.234375,-0.3515625
11241,1.25,1.19140625,-0.341796875,-0.5078125
11242,1.09375,1.171875,-0.234375,-0.3125
11243,1.2109375,1.162109375,-0.21484375,-0.322265625
11244,1.220703125,1.201171875,-0.09765625,-0.498046875
11245,1.2890625,1.171875,-0.25390625,-0.37109375
11246,1.181640625,1.201171875,-0.21484375,-0.29296875
11247,1.171875,1.142578125,-0.087890625,-0.302734375
11248,1.083984375,1.171875,-0.224609375,-0.341796875
11249,1.11328125,1.19140625,-0.2734375,-0.439453125
11250,1.171875,1.19140625,-0.302734375,-0.56640625
11251,1.2109375,1.162109375,-0.205078125,-0.400390625
11252,1.201171875,1.044921875,-0.263671875,-0.478515625
11253,1.123046875,1.181640625,-0.302734375,-0.517578125
11254,1.201171875,1.19140625,-0.283203125,-0.302734375
11255,1.11328125,1.11328125,-0.244140625,-0.400390625
11256,1.19140625,1.220703125,-0.146484375,-0.29296875
11257,1.298828125,1.19140625,-0.224609375,-0.400390625
11258,1.181640625,1.162109375,-0.1953125,-0.3515625
11259,1.15234375,1.181640625,-0.283203125,-0.361328125
11260,1.15234375,1.171875,-0.302734375,-0.2734375
11261,1.1328125,1.1328125,-0.322265625,-0.33203125
11262,1.142578125,1.1328125,-0.302734375,-0.41015625
11263,1.25,1.220703125,-0.33203125,-0.390625
11264,1.220703125,1.15234375,-0.322265625,-0.37109375
11265,1.26953125,1.123046875,-0.380859375,-0.400390625
11266,1.220703125,1.11328125,-0.361328125,-0.21484375
11267,1.25,1.1328125,-0.380859375,-0.400390625
11268,1.15234375,1.15234375,-0.302734375,-0.322265625
11269,1.279296875,1.181640625,-0.283203125,-0.37109375
11270,1.3671875,1.044921875,-0.283203125,-0.3125
11271,1.298828125,1.19140625,-0.361328125,-0.37109375
11272,1.337890625,1.171875,-0.263671875,-0.29296875
11273,1.15234375,1.123046875,-0.2734375,-0.400390625
11274,1.30859375,1.0546875,-0.283203125,-0.37109375
11275,1.298828125,1.11328125,-0.322265625,-0.458984375
11276,1.34765625,1.240234375,-0.25390625,-0.244140625
11277,1.328125,1.1328125,0.0390625,-0.322265625
11278,1.220703125,1.15234375,-0.37109375,-0.380859375
11279,1.259765625,1.15234375,-0.263671875,-0.44921875
11280,1.30859375,1.1328125,-0.17578125,-0.29296875
11281,1.259765625,1.103515625,-0.302734375,-0.1171875
11282,1.3671875,1.142578125,-0.29296875,-0.3515625
11283,1.2109375,1.19140625,-0.224609375,-0.41015625
11284,1.328125,1.07421875,-0.244140625,-0.078125
11285,1.42578125,1.142578125,-0.224609375,-0.390625
11286,1.279296875,1.162109375,-0.15625,-0.361328125
11287,1.357421875,1.142578125,-0.224609375,-0.33203125
11288,1.26953125,1.0546875,-0.234375,-0.390625
11289,1.2890625,1.2890625,-0.17578125,-0.341796875
11290,1.337890625,1.103515625,-0.205078125,-0.56640625
11291,1.34765625,1.09375,-0.205078125,-0.44921875
11292,1.30859375,1.11328125,-0.263671875,-0.244140625
11293,1.26953125,1.1328125,-0.244140625,-0.33203125
11294,1.171875,0.91796875,-0.244140625,-0.5078125
11295,1.25,1.0546875,-0.185546875,-0.400390625
11296,1.30859375,1.005859375,-0.25390625,-0.341796875
11297,1.259765625,1.015625,-0.21484375,-0.234375
11298,1.181640625,1.142578125,-0.25390625,-0.390625
11299,1.103515625,0.986328125,-0.29296875,-0.3515625
11300,1.1328125,0.9765625,-0.21484375,-0.2734375
11301,1.162109375,1.015625,-0.146484375,-0.390625
11302,1.2890625,1.11328125,-0.068359375,-0.322265625
11303,1.083984375,0.99609375,-0.224609375,-0.009765625
11304,1.2109375,0.9765625,-0.205078125,-0.25390625
11305,1.201171875,1.015625,-0.166015625,-0.341796875
11306,1.279296875,1.07421875,-0.234375,-0.224609375
11307,1.2109375,0.9765625,-0.17578125,-0.283203125
11308,1.240234375,1.0546875,-0.224609375,-0.3125
11309,1.2109375,1.103515625,-0.126953125,-0.322265625
11310,1.25,1.03515625,-0.263671875,-0.205078125
11311,1.240234375,1.0546875,-0.3125,-0.283203125
11312,1.142578125,1.0546875,-0.234375,-0.185546875
11313,1.201171875,1.025390625,-0.224609375,-0.1953125
11314,1.259765625,1.064453125,-0.244140625,-0.244140625
11315,1.25,1.103515625,-0.234375,-0.263671875
11316,1.416015625,1.064453125,-0.2734375,-0.3125
11317,1.240234375,1.103515625,-0.13671875,-0.2734375
11318,1.171875,1.0546875,-0.244140625,-0.341796875
11319,1.318359375,1.15234375,-0.29296875,-0.244140625
11320,1.279296875,1.26953125,-0.322265625,-0.25390625
11321,1.26953125,1.03515625,-0.234375,-0.3125
11322,1.09375,1.15234375,-0.3125,-0.341796875
11323,1.259765625,0.947265625,-0.21484375,-0.3515625
11324,1.181640625,1.064453125,-0.185546875,-0.126953125
11325,1.19140625,0.927734375,-0.283203125,-0.3515625
11326,1.201171875,0.908203125,-0.15625,-0.29296875
11327,1.376953125,0.986328125,-0.234375,-0.3515625
11328,1.083984375,0.9765625,-0.33203125,-0.302734375
11329,1.181640625,0.986328125,-0.107421875,-0.29296875
11330,1.220703125,1.005859375,-0.1953125,-0.302734375
11331,1.181640625,0.99609375,-0.15625,-0.322265625
11332,1.1328125,0.76171875,-0.25390625,-0.224609375
11333,1.162109375,1.015625,-0.078125,-0.390625
11334,1.26953125,0.966796875,-0.224609375,-0.21484375
11335,1.298828125,0.8984375,-0.3125,-0.263671875
11336,1.15234375,1.025390625,-0.1953125,-0.33203125
11337,1.103515625,1.201171875,-0.205078125,-0.263671875
11338,1.2890625,1.171875,-0.126953125,-0.25390625
11339,1.162109375,1.044921875,-0.322265625,-0.263671875
11340,1.083984375,1.15234375,-0.25390625,-0.3515625
11341,1.26953125,0.9375,-0.263671875,-0.361328125
11342,1.142578125,1.015625,-0.21484375,-0.244140625
11343,1.171875,1.015625,-0.29296875,-0.2734375
11344,1.15234375,0.966796875,-0.25390625,-0.29296875
11345,1.201171875,1.005859375,-0.15625,-0.33203125
11346,1.162109375,1.064453125,-0.283203125,-0.33203125
11347,1.26953125,0.986328125,-0.2734375,-0.361328125
11348,1.279296875,1.03515625,-0.283203125,-0.546875
11349,1.201171875,1.0546875,-0.1953125,-0.322265625
11350,1.30859375,1.0546875,-0.1953125,-0.341796875
11351,1.318359375,0.986328125,-0.185546875,-0.15625
11352,1.1328125,0.95703125,-0.25390625,-0.3125
11353,1.25,0.99609375,-0.166015625,-0.341796875
11354,1.103515625,1.044921875,-0.25390625,-0.3125
11355,1.25,1.015625,-0.2734375,-0.46875
11356,1.162109375,1.07421875,-0.244140625,-0.322265625
11357,1.171875,1.07421875,-0.166015625,-0.41015625
11358,1.171875,1.03515625,-0.205078125,-0.302734375
11359,1.25,1.1328125,-0.234375,-0.263671875
11360,1.240234375,1.064453125,-0.380859375,-0.341796875
11361,1.240234375,1.005859375,-0.234375,-0.29296875
11362,1.19140625,1.15234375,-0.17578125,-0.341796875
11363,1.2109375,1.03515625,-0.15625,-0.244140625
11364,1.162109375,1.005859375,-0.21484375,-0.439453125
11365,1.2109375,1.181640625,-0.1171875,-0.302734375
11366,1.171875,1.083984375,-0.419921875,-0.3515625
11367,1.2109375,1.064453125,-0.21484375,-0.4296875
11368,1.19140625,1.083984375,-0.205078125,-0.322265625
11369,1.259765625,1.03515625,-0.185546875,-0.29296875
11370,1.19140625,1.07421875,-0.21484375,-0.244140625
11371,1.25,1.03515625,-0.25390625,-0.25390625
11372,1.1328125,1.005859375,-0.244140625,-0.390625
11373,1.2109375,1.11328125,-0.15625,-0.01953125
11374,1.201171875,0.966796875,-0.068359375,-0.25390625
11375,1.279296875,1.015625,-0.234375,-0.17578125
11376,1.1328125,1.103515625,-0.1953125,-0.361328125
11377,1.30859375,1.15234375,-0.17578125,-0.2734375
11378,1.240234375,1.11328125,-0.15625,-0.29296875
11379,1.23046875,1.083984375,-0.224609375,-0.56640625
11380,1.259765625,1.044921875,-0.224609375,-0.29296875
11381,1.2109375,1.025390625,-0.13671875,-0.1953125
11382,1.240234375,1.142578125,-0.126953125,-0.37109375
11383,1.15234375,1.11328125,-0.166015625,-0.185546875
11384,1.26953125,1.162109375,-0.234375,-0.302734375
11385,1.201171875,1.064453125,-0.224609375,-0.37109375
11386,1.40625,1.083984375,-0.322265625,-0.29296875
11387,1.171875,1.005859375,-0.17578125,-0.25390625
11388,1.171875,1.11328125,-0.25390625,-0.25390625
11389,1.083984375,1.142578125,-0.224609375,-0.224609375
11390,1.298828125,1.0546875,-0.166015625,-0.322265625
11391,1.09375,1.123046875,-0.33203125,-0.283203125
11392,1.142578125,1.083984375,-0.302734375,-0.361328125
11393,1.123046875,1.142578125,-0.146484375,-0.263671875
11394,1.181640625,1.064453125,-0.263671875,-0.419921875
11395,1.171875,1.03515625,-0.13671875,-0.244140625
11396,1.181640625,1.1328125,-0.1953125,-0.302734375
11397,1.181640625,1.0546875,-0.263671875,-0.283203125
11398,1.259765625,1.1328125,-0.234375,-0.29296875
11399,1.220703125,1.064453125,-0.17578125,-0.3125
11400,1.26953125,1.03515625,-0.15625,-0.17578125
11401,1.220703125,1.171875,-0.13671875,-0.224609375
11402,1.171875,1.19140625,-0.126953125,-0.244140625
11403,1.26953125,1.044921875,-0.17578125,-0.185546875
11404,1.07421875,1.1328125,-0.205078125,-0.263671875
11405,1.064453125,1.103515625,-0.21484375,-0.29296875
11406,1.15234375,1.1328125,-0.322265625,-0.15625
11407,1.201171875,1.0546875,-0.166015625,-0.244140625
11408,1.2890625,1.083984375,-0.078125,-0.283203125
11409,1.142578125,0.947265625,-0.322265625,-0.107421875
11410,1.279296875,1.0546875,-0.205078125,-0.205078125
11411,1.2109375,1.162109375,-0.21484375,-0.1953125
11412,1.2890625,1.07421875,-0.107421875,-0.458984375
11413,1.201171875,1.083984375,-0.234375,-0.09765625
11414,1.376953125,1.181640625,-0.25390625,-0.1953125
11415,1.201171875,1.09375,-0.1953125,-0.107421875
11416,1.240234375,1.11328125,-0.29296875,-0.166015625
11417,1.220703125,0.95703125,-0.263671875,-0.283203125
11418,1.19140625,1.123046875,-0.37109375,-0.224609375
11419,1.240234375,1.064453125,-0.29296875,-0.205078125
11420,1.279296875,0.947265625,-0.322265625,-0.087890625
11421,1.201171875,1.064453125,-0.390625,-0.263671875
11422,1.23046875,1.025390625,-0.283203125,-0.068359375
11423,1.083984375,1.03515625,-0.37109375,-0.21484375
11424,1.162109375,1.09375,-0.166015625,-0.17578125
11425,1.103515625,1.181640625,-0.21484375,-0.17578125
11426,1.25,1.07421875,-0.244140625,-0.1953125
11427,1.171875,1.09375,-0.244140625,-0.263671875
11428,1.09375,1.123046875,-0.263671875,-0.3125
11429,1.25,1.123046875,-0.283203125,-0.21484375
11430,1.103515625,1.09375,-0.341796875,-0.25390625
11431,1.171875,1.07421875,-0.25390625,-0.283203125
11432,1.07421875,1.03515625,-0.458984375,-0.166015625
11433,1.15234375,1.09375,-0.146484375,-0.25390625
11434,1.19140625,1.064453125,-0.263671875,-0.283203125
11435,1.201171875,0.95703125,-0.263671875,-0.185546875
11436,1.220703125,1.07421875,-0.3125,-0.15625
11437,1.201171875,1.044921875,-0.25390625,-0.166015625
11438,1.2890625,1.083984375,-0.2734375,-0.2734375
11439,1.240234375,1.142578125,-0.400390625,-0.224609375
11440,1.19140625,1.064453125,-0.3515625,-0.44921875
11441,1.2109375,1.142578125,-0.15625,-0.166015625
11442,1.259765625,1.0546875,-0.166015625,-0.283203125
11443,1.201171875,0.99609375,-0.185546875,-0.244140625
11444,1.181640625,1.19140625,-0.234375,-0.263671875
11445,1.19140625,1.142578125,-0.283203125,-0.25390625
11446,1.240234375,1.09375,-0.205078125,-0.15625
11447,1.064453125,1.2890625,-0.244140625,-0.25390625
11448,1.15234375,1.1328125,-0.44921875,-0.25390625
11449,1.1328125,1.15234375,-0.2734375,-0.29296875
11450,1.07421875,1.083984375,-0.166015625,-0.185546875
11451,1.083984375,1.09375,-0.302734375,-0.2734375
11452,1.2109375,1.005859375,-0.283203125,-0.09765625
11453,1.064453125,1.11328125,-0.3515625,-0.283203125
11454,1.162109375,0.927734375,-0.2734375,-0.21484375
11455,1.25,1.220703125,-0.09765625,-0.25390625
11456,1.181640625,1.2109375,-0.185546875,-0.185546875
11457,1.162109375,1.171875,-0.3515625,-0.17578125
11458,1.162109375,1.181640625,-0.205078125,-0.029296875
11459,1.220703125,1.083984375,-0.185546875,-0.25390625
11460,1.123046875,1.201171875,-0.283203125,-0.263671875
11461,1.181640625,1.162109375,-0.234375,-0.244140625
11462,1.142578125,1.201171875,-0.185546875,-0.2734375
11463,1.1328125,1.11328125,-0.33203125,-0.205078125
11464,1.142578125,1.103515625,-0.224609375,-0.048828125
11465,1.123046875,1.03515625,-0.234375,-0.263671875
11466,1.201171875,1.162109375,-0.048828125,-0.234375
11467,1.162109375,1.181640625,-0.166015625,-0.166015625
11468,1.181640625,1.11328125,-0.15625,-0.205078125
11469,1.25,1.083984375,-0.21484375,-0.1953125
11470,1.2109375,1.07421875,-0.17578125,-0.185546875
11471,1.201171875,1.279296875,-0.263671875,-0.166015625
11472,1.171875,1.162109375,-0.15625,-0.302734375
11473,1.171875,1.162109375,-0.234375,-0.3125
11474,1.142578125,1.19140625,-0.1953125,-0.205078125
11475,1.181640625,1.142578125,-0.341796875,-0.234375
11476,1.201171875,1.19140625,-0.205078125,-0.390625
11477,1.259765625,1.15234375,-0.1953125,-0.029296875
11478,1.171875,1.42578125,-0.146484375,-0.263671875
11479,1.171875,1.171875,-0.185546875,-0.0390625
11480,1.123046875,1.2890625,-0.185546875,-0.341796875
11481,1.318359375,1.1328125,-0.126953125,-0.205078125
11482,1.181640625,1.142578125,-0.1953125,-0.322265625
11483,1.142578125,1.1328125,-0.1953125,-0.126953125
11484,1.142578125,1.181640625,-0.263671875,-0.263671875
11485,1.220703125,1.103515625,-0.09765625,-0.234375
11486,1.181640625,1.19140625,-0.21484375,-0.185546875
11487,1.19140625,1.279296875,-0.283203125,-0.224609375
11488,1.181640625,1.15234375,-0.15625,-0.1953125
11489,1.142578125,1.1328125,-0.21484375,-0.126953125
11490,1.19140625,1.2109375,-0.244140625,-0.224609375
11491,1.181640625,1.162109375,-0.185546875,-0.126953125
11492,1.25,1.201171875,-0.1953125,-0.1171875
11493,1.201171875,1.171875,-0.2734375,-0.15625
11494,1.142578125,1.123046875,-0.09765625,-0.166015625
11495,1.201171875,1.220703125,-0.21484375,-0.15625
11496,1.19140625,1.220703125,-0.33203125,-0.205078125
11497,1.103515625,1.15234375,-0.3125,-0.126953125
11498,1.2109375,1.162109375,-0.146484375,-0.3515625
11499,1.2890625,1.23046875,-0.234375,-0.205078125
11500,1.19140625,1.015625,-0.224609375,-0.283203125
11501,1.201171875,1.15234375,-0.17578125,-0.107421875
11502,1.220703125,1.19140625,-0.224609375,-0.166015625
11503,1.201171875,1.1328125,-0.25390625,-0.244140625
11504,1.2109375,1.171875,-0.29296875,-0.29296875
11505,1.2109375,1.240234375,-0.21484375,-0.1953125
11506,1.2890625,1.201171875,-0.13671875,-0.263671875
11507,1.259765625,1.162109375,-0.2734375,-0.3125
11508,1.171875,1.171875,-0.15625,-0.263671875
11509,1.259765625,1.083984375,-0.224609375,-0.25390625
11510,1.201171875,1.201171875,-0.21484375,-0.09765625
11511,1.279296875,1.201171875,-0.17578125,-0.224609375
11512,1.318359375,1.03515625,-0.107421875,-0.29296875
11513,1.23046875,1.171875,-0.21484375,-0.2734375
11514,1.171875,1.26953125,-0.13671875,-0.29296875
11515,1.357421875,1.07421875,-0.1953125,-0.283203125
11516,1.240234375,1.142578125,-0.1171875,-0.37109375
11517,1.201171875,1.103515625,-0.17578125,-0.185546875
11518,1.201171875,1.162109375,-0.1171875,-0.25390625
11519,1.259765625,1.2109375,-0.166015625,-0.33203125
11520,1.2109375,1.298828125,-0.107421875,-0.341796875
11521,1.103515625,1.220703125,-0.283203125,-0.3125
11522,1.1328125,1.259765625,-0.09765625,-0.13671875
11523,1.162109375,1.162109375,-0.263671875,-0.21484375
11524,1.1328125,1.26953125,-0.244140625,-0.263671875
11525,1.23046875,1.162109375,-0.234375,-0.37109375
11526,1.1328125,1.240234375,-0.25390625,-0.263671875
11527,1.201171875,1.220703125,-0.205078125,-0.224609375
11528,1.162109375,1.171875,-0.283203125,-0.576171875
11529,1.171875,1.220703125,-0.25390625,-0.17578125
11530,1.1328125,1.103515625,-0.234375,-0.3125
11531,1.162109375,1.26953125,-0.224609375,-0.146484375
11532,1.064453125,1.15234375,-0.15625,-0.185546875
11533,1.220703125,1.201171875,-0.1953125,-0.205078125
11534,1.181640625,1.220703125,-0.380859375,-0.29296875
11535,1.298828125,1.19140625,-0.224609375,-0.283203125
11536,1.1328125,1.2109375,-0.2734375,-0.205078125
11537,1.1328125,1.181640625,-0.166015625,-0.126953125
11538,1.240234375,1.171875,-0.29296875,-0.25390625
11539,1.220703125,1.2109375,-0.390625,-0.224609375
11540,1.279296875,1.181640625,-0.185546875,-0.048828125
11541,1.2109375,1.162109375,-0.234375,-0.1953125
11542,1.23046875,1.2109375,-0.2734375,-0.2734375
11543,1.2109375,1.19140625,-0.37109375,-0.05859375
11544,1.26953125,1.2109375,-0.3125,-0.15625
11545,1.240234375,1.11328125,-0.126953125,-0.205078125
11546,1.25,1.19140625,-0.205078125,-0.234375
11547,1.142578125,1.220703125,-0.302734375,-0.37109375
11548,1.201171875,1.1328125,-0.263671875,-0.25390625
11549,1.162109375,1.23046875,-0.33203125,-0.3515625
11550,1.259765625,1.083984375,-0.234375,-0.17578125
11551,1.2890625,1.162109375,-0.361328125,-0.29296875
11552,1.201171875,1.201171875,-0.234375,-0.400390625
11553,1.142578125,1.123046875,-0.205078125,-0.1171875
11554,1.220703125,1.220703125,-0.185546875,-0.25390625
11555,1.19140625,1.240234375,-0.244140625,-0.302734375
11556,1.19140625,1.220703125,-0.244140625,-0.341796875
11557,1.240234375,1.298828125,-0.21484375,-0.263671875
11558,1.181640625,1.23046875,-0.263671875,-0.302734375
11559,1.240234375,1.23046875,-0.263671875,-0.33203125
11560,1.142578125,1.044921875,-0.263671875,-0.263671875
11561,1.279296875,1.044921875,-0.13671875,-0.2734375
11562,1.19140625,1.259765625,-0.1953125,-0.341796875
11563,1.259765625,1.259765625,-0.283203125,-0.224609375
11564,1.201171875,1.3671875,-0.341796875,-0.341796875
11565,1.240234375,1.259765625,-0.126953125,-0.283203125
11566,1.2109375,1.201171875,-0.37109375,-0.2734375
11567,1.201171875,1.396484375,-0.283203125,-0.234375
11568,1.19140625,1.23046875,-0.29296875,-0.390625
11569,1.26953125,1.38671875,-0.185546875,-0.3125
11570,1.23046875,1.26953125,-0.3125,-0.263671875
11571,1.25,1.220703125,-0.263671875,-0.400390625
11572,1.2109375,1.26953125,-0.25390625,-0.283203125
11573,1.259765625,1.328125,-0.205078125,-0.29296875
11574,1.298828125,1.259765625,-0.17578125,-0.25390625
11575,1.23046875,1.181640625,-0.33203125,-0.3125
11576,1.357421875,1.279296875,-0.17578125,-0.224609375
11577,1.2890625,1.19140625,-0.25390625,-0.224609375
11578,1.26953125,1.416015625,-0.166015625,-0.29296875
11579,1.2890625,1.171875,-0.29296875,-0.29296875
11580,1.171875,1.15234375,-0.2734375,-0.537109375
11581,1.25,1.064453125,-0.2734375,-0.29296875
11582,1.328125,1.142578125,-0.17578125,-0.29296875
11583,1.26953125,1.162109375,-0.17578125,-0.17578125
11584,1.2890625,1.23046875,-0.283203125,-0.3515625
11585,1.279296875,1.3671875,-0.1953125,-0.33203125
11586,1.376953125,1.220703125,-0.302734375,-0.33203125
11587,1.34765625,1.240234375,-0.25390625,-0.244140625
11588,1.279296875,1.162109375,-0.166015625,-0.3125
11589,1.25,1.1328125,-0.244140625,-0.283203125
11590,1.19140625,1.162109375,-0.283203125,-0.29296875
11591,1.259765625,1.103515625,-0.107421875,-0.234375
11592,1.38671875,1.09375,-0.341796875,-0.302734375
11593,1.396484375,1.298828125,-0.21484375,-0.380859375
11594,1.3671875,1.2109375,-0.46875,-0.322265625
11595,1.2109375,1.298828125,-0.2734375,-0.44921875
11596,1.396484375,1.328125,-0.3515625,-0.3125
11597,1.298828125,1.201171875,-0.224609375,-0.3515625
11598,1.23046875,1.30859375,-0.263671875,-0.390625
11599,1.328125,1.279296875,-0.283203125,-0.5078125
11600,1.2890625,1.23046875,-0.263671875,-0.302734375
11601,1.376953125,1.259765625,-0.44921875,-0.166015625
11602,1.30859375,1.220703125,-0.29296875,-0.3125
11603,1.2109375,1.279296875,-0.380859375,-0.33203125
11604,1.259765625,1.181640625,-0.166015625,-0.3515625
11605,1.337890625,1.2890625,-0.263671875,-0.3125
11606,1.279296875,1.171875,-0.21484375,-0.3515625
11607,1.2890625,1.25,-0.33203125,-0.4296875
11608,1.23046875,1.25,-0.224609375,-0.3125
11609,1.298828125,1.23046875,-0.166015625,-0.380859375
11610,1.19140625,1.2890625,-0.146484375,-0.380859375
11611,1.30859375,1.240234375,-0.126953125,-0.107421875
11612,1.19140625,1.25,-0.146484375,-0.37109375
11613,1.1328125,1.318359375,-0.234375,-0.29296875
11614,1.25,1.240234375,-0.205078125,-0.458984375
11615,1.328125,1.259765625,-0.205078125,-0.341796875
11616,1.279296875,1.34765625,-0.234375,-0.322265625
11617,1.318359375,1.26953125,-0.21484375,-0.3515625
11618,1.318359375,1.09375,-0.29296875,-0.3125
11619,1.357421875,1.240234375,-0.205078125,-0.380859375
11620,1.318359375,1.201171875,-0.166015625,-0.3125
11621,1.23046875,1.220703125,-0.244140625,-0.224609375
11622,1.279296875,1.26953125,-0.2734375,-0.3125
11623,1.337890625,1.26953125,-0.21484375,-0.439453125
11624,1.38671875,1.09375,-0.17578125,-0.25390625
11625,1.337890625,1.298828125,-0.107421875,-0.3515625
11626,1.376953125,1.25,-0.263671875,-0.46875
11627,1.3671875,1.34765625,-0.1953125,-0.25390625
11628,1.337890625,1.337890625,-0.1171875,-0.341796875
11629,1.357421875,1.23046875,-0.322265625,-0.3515625
11630,1.220703125,1.259765625,-0.224609375,-0.37109375
11631,1.26953125,1.162109375,-0.224609375,-0.400390625
11632,1.318359375,1.240234375,-0.2734375,-0.4296875
11633,1.201171875,1.181640625,-0.263671875,-0.400390625
11634,1.30859375,1.162109375,-0.322265625,-0.341796875
11635,1.328125,1.259765625,-0.361328125,-0.419921875
11636,1.396484375,0.95703125,-0.263671875,-0.400390625
11637,1.318359375,1.30859375,-0.3515625,-0.322265625
11638,1.19140625,1.240234375,-0.37109375,-0.341796875
11639,1.2890625,1.07421875,-0.263671875,-0.3125
11640,1.26953125,1.15234375,-0.37109375,-0.341796875
11641,1.220703125,1.1328125,-0.341796875,-0.322265625
11642,1.3671875,1.26953125,-0.3125,-0.400390625
11643,1.259765625,1.23046875,-0.41015625,-0.33203125
11644,1.25,1.220703125,-0.3125,-0.46875
11645,1.2109375,1.11328125,-0.390625,-0.244140625
11646,1.220703125,1.19140625,-0.283203125,-0.37109375
11647,1.162109375,1.240234375,-0.224609375,-0.439453125
11648,1.25,1.30859375,-0.25390625,-0.17578125
11649,1.171875,1.0546875,-0.1953125,-0.3515625
11650,1.2109375,1.220703125,-0.25390625,-0.390625
11651,1.19140625,1.23046875,-0.25390625,-0.37109375
11652,1.201171875,1.2890625,-0.107421875,-0.41015625
11653,1.2109375,1.171875,-0.25390625,-0.439453125
11654,1.25,1.25,-0.234375,-0.33203125
11655,1.25,1.181640625,-0.21484375,-0.390625
11656,1.298828125,1.298828125,-0.146484375,-0.205078125
11657,1.220703125,1.26953125,-0.244140625,-0.302734375
11658,1.220703125,1.181640625,-0.25390625,-0.380859375
11659,1.181640625,1.25,-0.15625,-0.41015625
11660,1.123046875,1.162109375,-0.234375,-0.3515625
11661,1.2109375,1.220703125,-0.224609375,-0.439453125
11662,1.220703125,1.23046875,-0.13671875,-0.361328125
11663,1.181640625,1.19140625,-0.3125,-0.3515625
11664,1.279296875,1.142578125,-0.283203125,-0.44921875
11665,1.201171875,1.240234375,-0.185546875,-0.380859375
11666,1.259765625,1.171875,-0.25390625,-0.400390625
11667,1.2109375,1.162109375,-0.3515625,-0.4296875
11668,1.201171875,1.15234375,-0.322265625,-0.46875
11669,1.09375,1.259765625,-0.25390625,-0.478515625
11670,1.279296875,1.1328125,-0.390625,-0.380859375
11671,1.2890625,0.986328125,-0.185546875,-0.3125
11672,1.318359375,1.11328125,-0.3125,-0.322265625
11673,1.181640625,1.171875,-0.244140625,-0.439453125
11674,1.19140625,1.23046875,-0.263671875,-0.44921875
11675,1.09375,1.220703125,-0.263671875,-0.41015625
11676,1.15234375,1.19140625,-0.263671875,-0.439453125
11677,1.162109375,1.26953125,-0.25390625,-0.41015625
11678,1.11328125,1.2109375,-0.361328125,-0.537109375
11679,1.1328125,1.259765625,-0.1953125,-0.322265625
11680,1.123046875,1.09375,-0.087890625,-0.37109375
11681,1.279296875,1.26953125,-0.234375,-0.3125
11682,1.181640625,1.23046875,-0.283203125,-0.302734375
11683,1.15234375,1.2890625,-0.15625,-0.3515625
11684,1.171875,1.162109375,-0.3515625,-0.341796875
11685,1.19140625,1.162109375,-0.1953125,-0.3515625
11686,1.201171875,1.396484375,-0.21484375,-0.37109375
11687,1.19140625,1.240234375,-0.1953125,-0.44921875
11688,1.201171875,1.220703125,-0.234375,-0.322265625
11689,1.2890625,1.064453125,-0.205078125,-0.322265625
11690,1.318359375,1.1328125,-0.234375,-0.244140625
11691,1.298828125,1.15234375,-0.205078125,-0.3125
11692,1.201171875,1.220703125,-0.126953125,-0.380859375
11693,1.328125,1.2109375,-0.37109375,-0.21484375
11694,1.2109375,1.181640625,-0.3515625,-0.439453125
11695,1.181640625,1.181640625,-0.283203125,-0.439453125
11696,1.26953125,1.19140625,-0.1953125,-0.341796875
11697,1.357421875,0.99609375,-0.29296875,-0.361328125
11698,1.171875,1.03515625,-0.234375,-0.37109375
11699,1.30859375,1.15234375,-0.29296875,-0.3125
11700,1.26953125,1.279296875,-0.283203125,-0.341796875
11701,1.357421875,1.015625,-0.17578125,-0.3515625
11702,1.15234375,1.25,-0.283203125,-0.341796875
11703,1.26953125,1.171875,-0.21484375,-0.390625
11704,1.2109375,1.2109375,-0.126953125,-0.439453125
11705,1.2890625,1.1328125,-0.244140625,-0.3515625
11706,1.4453125,1.142578125,-0.2734375,-0.41015625
11707,1.259765625,1.11328125,-0.25390625,-0.302734375
11708,1.328125,1.11328125,-0.244140625,-0.439453125
11709,1.171875,1.044921875,-0.29296875,-0.2734375
11710,1.298828125,1.11328125,-0.078125,-0.400390625
11711,1.23046875,0.986328125,-0.185546875,-0.33203125
11712,1.337890625,1.1328125,-0.21484375,-0.29296875
11713,1.337890625,1.09375,-0.185546875,-0.37109375
11714,1.298828125,1.11328125,-0.244140625,-0.458984375
11715,1.240234375,1.162109375,-0.1953125,-0.29296875
11716,1.123046875,1.1328125,-0.15625,-0.322265625
11717,1.220703125,1.03515625,-0.1171875,-0.341796875
11718,1.357421875,1.123046875,-0.224609375,-0.17578125
11719,1.259765625,1.09375,-0.224609375,-0.361328125
11720,1.298828125,1.103515625,-0.361328125,-0.21484375
11721,1.25,1.259765625,-0.283203125,-0.390625
11722,1.240234375,1.15234375,-0.33203125,-0.33203125
11723,1.220703125,1.09375,-0.185546875,-0.302734375
11724,1.240234375,1.0546875,-0.224609375,-0.458984375
11725,1.23046875,1.11328125,-0.3125,-0.25390625
11726,1.23046875,0.966796875,-0.21484375,-0.380859375
11727,1.279296875,0.986328125,-0.224609375,-0.380859375
11728,1.26953125,1.005859375,-0.322265625,-0.25390625
11729,1.201171875,0.966796875,-0.234375,-0.3125
11730,1.23046875,1.083984375,-0.185546875,-0.3515625
11731,1.162109375,1.083984375,-0.166015625,-0.2734375
11732,1.2890625,1.07421875,-0.1171875,-0.2734375
11733,1.162109375,1.005859375,-0.21484375,-0.3125
11734,1.259765625,1.0546875,-0.244140625,-0.322265625
11735,1.259765625,0.9765625,-0.3515625,-0.224609375
11736,1.201171875,1.07421875,-0.224609375,-0.263671875
11737,1.2109375,0.91796875,-0.17578125,-0.29296875
11738,1.240234375,1.09375,-0.087890625,-0.263671875
11739,1.2890625,1.015625,-0.15625,-0.29296875
11740,1.34765625,1.103515625,-0.2734375,-0.33203125
11741,1.083984375,0.99609375,-0.107421875,-0.224609375
11742,1.26953125,0.9765625,-0.244140625,-0.361328125
11743,1.171875,1.11328125,-0.185546875,-0.33203125
11744,1.298828125,0.95703125,-0.166015625,-0.25390625
11745,1.298828125,1.07421875,-0.1953125,-0.21484375
11746,1.26953125,1.0546875,-0.15625,-0.25390625
11747,1.15234375,0.99609375,-0.283203125,-0.234375
11748,1.259765625,1.044921875,-0.33203125,-0.146484375
11749,1.259765625,1.083984375,-0.1953125,-0.25390625
11750,1.259765625,1.025390625,-0.3515625,-0.29296875
11751,1.19140625,1.064453125,-0.234375,-0.29296875
11752,1.2890625,0.9375,-0.3125,-0.263671875
11753,1.201171875,0.95703125,-0.244140625,-0.302734375
11754,1.2109375,1.07421875,-0.3125,-0.400390625
11755,1.162109375,1.162109375,-0.17578125,-0.234375
11756,1.09375,0.849609375,-0.25390625,-0.25390625
11757,1.123046875,1.015625,-0.322265625,-0.29296875
11758,1.171875,1.0546875,-0.185546875,-0.33203125
11759,1.171875,0.908203125,-0.1953125,-0.3125
11760,1.220703125,0.99609375,-0.244140625,-0.341796875
11761,1.2109375,1.044921875,-0.25390625,-0.283203125
11762,1.1328125,0.908203125,-0.234375,-0.302734375
11763,1.15234375,1.09375,-0.15625,-0.25390625
11764,1.201171875,0.99609375,-0.13671875,-0.2734375
11765,1.181640625,0.95703125,-0.263671875,-0.244140625
11766,1.0546875,1.064453125,-0.3125,-0.205078125
11767,1.25,1.162109375,-0.244140625,-0.263671875
11768,1.171875,0.966796875,-0.2734375,-0.3125
11769,1.23046875,1.083984375,-0.25390625,-0.41015625
11770,1.298828125,1.044921875,-0.205078125,-0.244140625
11771,1.357421875,1.0546875,-0.1171875,-0.302734375
11772,1.083984375,1.044921875,-0.33203125,-0.3515625
11773,1.240234375,1.025390625,-0.29296875,-0.224609375
11774,1.220703125,1.044921875,-0.205078125,-0.3125
11775,1.30859375,1.005859375,-0.263671875,-0.3515625
11776,1.19140625,1.025390625,-0.302734375,-0.3515625
11777,1.240234375,0.9375,-0.224609375,-0.302734375
11778,1.171875,1.064453125,-0.234375,-0.3125
11779,1.328125,1.044921875,-0.224609375,-0.126953125
11780,1.23046875,1.03515625,-0.2734375,-0.244140625
11781,1.30859375,1.1328125,-0.17578125,-0.41015625
11782,1.25,0.9765625,-0.29296875,-0.390625
11783,1.259765625,1.025390625,-0.4296875,-0.29296875
11784,1.19140625,1.103515625,-0.25390625,-0.3125
11785,1.162109375,1.064453125,-0.234375,-0.283203125
11786,1.201171875,1.025390625,-0.29296875,-0.302734375
11787,1.15234375,1.015625,-0.146484375,-0.283203125
11788,1.142578125,1.064453125,-0.1953125,-0.3125
11789,1.259765625,1.064453125,-0.126953125,-0.341796875
11790,1.11328125,0.99609375,-0.205078125,-0.283203125
11791,1.064453125,1.0546875,-0.263671875,-0.361328125
11792,1.162109375,1.03515625,-0.21484375,-0.29296875
11793,1.171875,1.044921875,-0.15625,-0.234375
11794,1.171875,1.083984375,-0.17578125,-0.458984375
11795,1.09375,1.0546875,-0.1953125,-0.29296875
11796,1.2109375,1.23046875,-0.185546875,-0.361328125
11797,1.240234375,1.09375,-0.185546875,-0.283203125
11798,1.259765625,0.947265625,-0.25390625,-0.29296875
11799,1.240234375,1.171875,-0.25390625,-0.322265625
11800,1.201171875,1.142578125,-0.21484375,-0.3125
11801,1.19140625,1.19140625,-0.21484375,-0.302734375
11802,1.201171875,1.09375,-0.224609375,-0.302734375
11803,1.142578125,1.09375,-0.15625,-0.322265625
11804,1.181640625,1.083984375,-0.126953125,-0.37109375
11805,1.23046875,1.07421875,-0.107421875,-0.322265625
11806,1.298828125,1.083984375,-0.17578125,-0.234375
11807,1.19140625,1.171875,-0.1171875,-0.3125
11808,1.240234375,1.2109375,-0.1953125,-0.283203125
11809,1.19140625,1.142578125,-0.25390625,-0.380859375
11810,1.11328125,1.11328125,-0.234375,-0.29296875
11811,1.19140625,1.171875,-0.126953125,-0.302734375
11812,1.181640625,1.07421875,-0.126953125,-0.224609375
11813,1.259765625,1.07421875,-0.15625,-0.1953125
11814,1.201171875,1.0546875,-0.1171875,-0.29296875
11815,1.1328125,1.015625,-0.17578125,-0.341796875
11816,1.240234375,1.083984375,-0.322265625,-0.29296875
11817,1.181640625,1.1328125,-0.283203125,-0.25390625
11818,1.376953125,1.15234375,-0.166015625,-0.263671875
11819,1.30859375,1.015625,-0.283203125,-0.3125
11820,1.2109375,1.142578125,-0.302734375,-0.263671875
11821,1.328125,1.103515625,-0.25390625,-0.29296875
11822,1.26953125,1.171875,-0.361328125,-0.3125
11823,1.25,1.07421875,-0.3125,-0.25390625
11824,1.201171875,1.083984375,-0.302734375,-0.1953125
11825,1.07421875,1.142578125,-0.2734375,-0.302734375
11826,1.2109375,1.044921875,-0.244140625,-0.263671875
11827,0.99609375,1.07421875,-0.244140625,-0.263671875
11828,1.23046875,1.005859375,-0.322265625,-0.205078125
11829,1.1328125,1.025390625,-0.25390625,-0.29296875
11830,1.2109375,1.123046875,-0.283203125,-0.341796875
11831,1.123046875,1.171875,-0.166015625,-0.2734375
11832,1.201171875,0.9765625,-0.078125,-0.205078125
11833,1.19140625,1.03515625,-0.087890625,-0.244140625
11834,1.19140625,1.09375,-0.205078125,-0.126953125
11835,1.201171875,0.986328125,-0.166015625,-0.244140625
11836,1.240234375,1.044921875,-0.234375,-0.244140625
11837,1.25,1.1328125,-0.21484375,-0.078125
11838,1.201171875,1.103515625,-0.2734375,-0.263671875
11839,1.201171875,1.09375,-0.21484375,-0.302734375
11840,1.19140625,1.103515625,-0.166015625,-0.419921875
11841,1.171875,1.083984375,-0.166015625,-0.1953125
11842,1.083984375,1.07421875,-0.224609375,-0.3125
11843,1.19140625,1.064453125,-0.341796875,-0.283203125
11844,1.181640625,1.044921875,-0.419921875,-0.2734375
11845,1.19140625,1.103515625,-0.25390625,-0.33203125
11846,1.181640625,1.09375,-0.2734375,-0.263671875
11847,1.15234375,1.142578125,-0.263671875,-0.25390625
11848,1.181640625,1.1328125,-0.244140625,-0.302734375
11849,1.171875,1.15234375,-0.263671875,-0.283203125
11850,1.1328125,1.0546875,-0.283203125,-0.283203125
11851,1.11328125,1.09375,-0.29296875,-0.234375
11852,1.11328125,1.181640625,-0.185546875,-0.224609375
11853,1.1328125,1.064453125,-0.244140625,-0.244140625
11854,1.142578125,1.15234375,-0.166015625,-0.283203125
11855,1.0546875,1.11328125,-0.234375,-0.166015625
11856,1.09375,1.03515625,-0.224609375,-0.25390625
11857,1.15234375,1.03515625,-0.25390625,-0.1953125
11858,1.171875,1.103515625,-0.25390625,-0.29296875
11859,1.15234375,1.005859375,-0.244140625,-0.234375
11860,1.19140625,1.142578125,-0.234375,-0.166015625
11861,1.162109375,1.162109375,-0.29296875,-0.1171875
11862,1.123046875,1.09375,-0.283203125,-0.205078125
11863,1.15234375,1.083984375,-0.25390625,-0.15625
11864,1.103515625,1.15234375,-0.361328125,-0.283203125
11865,1.15234375,0.9765625,-0.2734375,-0.341796875
11866,0.99609375,1.15234375,-0.33203125,-0.25390625
11867,1.259765625,1.15234375,-0.17578125,-0.21484375
11868,1.181640625,1.15234375,-0.25390625,-0.1171875
11869,1.09375,1.0546875,-0.3515625,-0.234375
11870,1.103515625,1.09375,-0.244140625,-0.17578125
11871,1.2109375,1.09375,-0.166015625,-0.21484375
11872,1.07421875,1.09375,-0.166015625,-0.15625
11873,1.142578125,1.064453125,-0.3515625,-0.205078125
11874,1.298828125,1.064453125,-0.29296875,-0.2734375
11875,1.181640625,1.09375,-0.25390625,-0.25390625
11876,1.201171875,1.142578125,-0.263671875,-0.400390625
11877,1.15234375,1.005859375,-0.244140625,-0.17578125
11878,1.142578125,1.03515625,-0.29296875,-0.234375
11879,1.064453125,1.07421875,-0.224609375,-0.3125
11880,1.03515625,1.171875,-0.29296875,-0.283203125
11881,1.19140625,1.11328125,-0.1953125,-0.263671875
11882,1.09375,1.15234375,-0.25390625,-0.263671875
11883,1.171875,1.064453125,-0.244140625,-0.2734375
11884,1.162109375,1.09375,-0.166015625,-0.302734375
11885,1.220703125,1.103515625,-0.283203125,-0.341796875
11886,1.083984375,1.0546875,-0.185546875,-0.234375
11887,1.2890625,1.15234375,-0.146484375,-0.234375
11888,1.2109375,1.11328125,-0.205078125,-0.244140625
11889,1.1328125,1.07421875,-0.234375,-0.13671875
11890,1.162109375,1.298828125,-0.15625,-0.185546875
11891,1.26953125,1.123046875,-0.1171875,-0.1171875
11892,1.23046875,1.103515625,-0.224609375,-0.17578125
11893,1.26953125,1.1328125,-0.087890625,-0.25390625
11894,1.220703125,1.09375,-0.13671875,-0.263671875
11895,1.19140625,1.103515625,-0.17578125,-0.25390625
11896,1.26953125,0.87890625,-0.25390625,-0.185546875
11897,1.25,1.201171875,-0.244140625,-0.33203125
11898,1.123046875,1.09375,-0.302734375,-0.029296875
11899,1.083984375,0.986328125,-0.341796875,-0.146484375
11900,1.11328125,1.171875,-0.283203125,-0.205078125
11901,1.103515625,1.09375,-0.25390625,-0.185546875
11902,1.19140625,1.142578125,-0.205078125,-0.205078125
11903,1.044921875,1.142578125,-0.185546875,-0.322265625
11904,1.171875,1.11328125,-0.25390625,-0.341796875
11905,1.1328125,1.162109375,-0.17578125,-0.25390625
11906,1.103515625,1.220703125,-0.244140625,-0.185546875
11907,1.181640625,1.171875,-0.205078125,-0.146484375
11908,1.23046875,1.2109375,-0.21484375,-0.234375
11909,1.23046875,1.142578125,-0.33203125,-0.17578125
11910,1.25,1.2109375,-0.322265625,-0.205078125
11911,1.15234375,1.171875,-0.302734375,-0.283203125
11912,1.2109375,1.123046875,-0.263671875,-0.29296875
11913,1.259765625,1.220703125,-0.2734375,-0.322265625
11914,1.171875,1.201171875,-0.1953125,-0.234375
11915,1.25,1.142578125,-0.2734375,-0.33203125
11916,1.162109375,1.1328125,-0.205078125,-0.205078125
11917,1.162109375,1.15234375,-0.234375,-0.205078125
11918,1.240234375,1.15234375,-0.185546875,-0.244140625
11919,1.11328125,1.201171875,-0.224609375,-0.25390625
11920,1.162109375,1.09375,-0.224609375,-0.21484375
11921,1.23046875,1.23046875,-0.263671875,-0.283203125
11922,1.2109375,1.181640625,-0.1953125,-0.185546875
11923,1.201171875,1.25,-0.166015625,-0.185546875
11924,1.240234375,1.2890625,-0.21484375,-0.205078125
11925,1.25,1.171875,-0.166015625,-0.302734375
11926,1.201171875,1.455078125,-0.3515625,-0.205078125
11927,1.240234375,1.455078125,-0.15625,-0.244140625
11928,1.19140625,1.123046875,-0.146484375,-0.224609375
11929,1.30859375,1.240234375,-0.21484375,-0.302734375
11930,1.181640625,1.240234375,-0.2734375,-0.2734375
11931,1.2109375,1.19140625,-0.09765625,-0.087890625
11932,1.23046875,1.40625,-0.1953125,-0.15625
11933,1.279296875,1.201171875,-0.29296875,-0.25390625
11934,1.201171875,1.220703125,-0.3125,-0.166015625
11935,1.30859375,1.259765625,-0.302734375,-0.29296875
11936,1.279296875,1.279296875,-0.2734375,-0.234375
11937,1.318359375,1.259765625,-0.205078125,-0.15625
11938,1.103515625,1.19140625,-0.17578125,-0.3125
11939,1.181640625,1.279296875,-0.224609375,-0.2734375
11940,1.23046875,1.1328125,-0.205078125,-0.33203125
11941,1.201171875,1.2890625,-0.1953125,-0.29296875
11942,1.15234375,1.240234375,-0.146484375,-0.224609375
11943,1.26953125,1.142578125,-0.224609375,-0.244140625
11944,1.279296875,1.220703125,-0.166015625,-0.21484375
11945,1.2890625,1.025390625,-0.185546875,-0.2734375
11946,1.279296875,1.15234375,-0.05859375,-0.3125
11947,1.298828125,0.927734375,-0.2734375,-0.244140625
11948,1.259765625,1.083984375,-0.1171875,-0.25390625
11949,1.23046875,1.19140625,-0.09765625,-0.5859375
11950,1.025390625,1.30859375,-0.244140625,-0.126953125
11951,1.181640625,1.19140625,-0.185546875,-0.2734375
11952,1.2109375,1.15234375,-0.17578125,-0.224609375
11953,1.142578125,1.40625,-0.15625,-0.283203125
11954,1.259765625,1.11328125,-0.185546875,-0.25390625
11955,1.2109375,1.1328125,-0.33203125,-0.341796875
11956,1.201171875,1.240234375,-0.185546875,-0.439453125
11957,1.240234375,1.1328125,-0.322265625,-0.244140625
11958,1.220703125,1.1328125,-0.25390625,0.029296875
11959,1.15234375,1.1328125,-0.25390625,-0.126953125
11960,1.23046875,1.240234375,-0.29296875,-0.29296875
11961,1.19140625,1.240234375,-0.205078125,-0.3515625
11962,1.123046875,1.19140625,-0.25390625,-0.390625
11963,1.259765625,1.0546875,-0.21484375,-0.263671875
11964,1.2109375,1.19140625,-0.1953125,-0.361328125
11965,1.171875,1.1328125,-0.234375,-0.3515625
11966,1.25,1.19140625,-0.263671875,-0.283203125
11967,1.25,1.181640625,-0.283203125,-0.37109375
11968,1.240234375,1.19140625,-0.322265625,-0.185546875
11969,1.298828125,1.162109375,-0.322265625,-0.2734375
11970,1.23046875,1.240234375,-0.244140625,-0.185546875
11971,1.15234375,1.142578125,-0.263671875,-0.3125
11972,1.240234375,1.19140625,-0.146484375,-0.234375
11973,1.2109375,1.181640625,-0.3125,-0.166015625
11974,1.181640625,1.2109375,-0.29296875,-0.1953125
11975,1.30859375,1.2109375,-0.21484375,-0.29296875
11976,1.279296875,1.23046875,-0.4296875,-0.390625
11977,1.298828125,1.2109375,-0.224609375,-0.3125
11978,1.279296875,1.318359375,-0.302734375,-0.322265625
11979,1.23046875,1.162109375,-0.21484375,-0.185546875
11980,1.23046875,1.15234375,-0.2734375,-0.341796875
11981,1.2109375,1.162109375,-0.244140625,-0.224609375
11982,1.15234375,1.103515625,-0.244140625,-0.263671875
11983,1.181640625,1.259765625,-0.244140625,-0.29296875
11984,1.240234375,1.083984375,-0.224609375,-0.234375
11985,1.25,0.99609375,-0.283203125,-0.185546875
11986,1.26953125,1.201171875,-0.21484375,-0.224609375
11987,1.19140625,1.259765625,-0.234375,-0.25390625
11988,1.181640625,1.2890625,-0.302734375,-0.234375
11989,1.162109375,1.19140625,-0.17578125,-0.263671875
11990,1.15234375,1.259765625,-0.17578125,-0.25390625
11991,1.15234375,1.142578125,-0.1171875,-0.3125
11992,1.220703125,1.181640625,-0.263671875,-0.244140625
11993,1.298828125,1.25,-0.1953125,-0.126953125
11994,1.162109375,1.123046875,-0.322265625,-0.25390625
11995,1.3671875,1.162109375,-0.1171875,0
11996,1.318359375,1.162109375,-0.263671875,-0.29296875
11997,1.240234375,1.0546875,-0.302734375,-0.322265625
11998,1.318359375,1.11328125,-0.341796875,-0.107421875
11999,1.259765625,1.318359375,-0.283203125,-0.263671875
12000,1.201171875,1.259765625,-0.302734375,-0.244140625
12001,1.19140625,1.1328125,-0.17578125,-0.390625
12002,1.220703125,1.19140625,-0.283203125,-0.25390625
12003,1.220703125,1.181640625,-0.244140625,-0.25390625
12004,1.181640625,1.19140625,-0.15625,-0.29296875
12005,1.435546875,1.25,-0.29296875,-0.29296875
12006,1.30859375,1.181640625,-0.205078125,-0.2734375
12007,1.259765625,1.2890625,-0.3125,-0.283203125
12008,1.3671875,1.19140625,-0.25390625,-0.29296875
12009,1.201171875,1.064453125,-0.283203125,-0.25390625
12010,1.328125,1.083984375,-0.390625,-0.3515625
12011,1.435546875,1.23046875,-0.234375,-0.3125
12012,1.34765625,1.19140625,-0.087890625,-0.244140625
12013,1.337890625,1.15234375,-0.361328125,-0.234375
12014,1.259765625,1.162109375,-0.1953125,-0.068359375
12015,1.19140625,1.34765625,-0.15625,-0.33203125
12016,1.2890625,1.279296875,-0.185546875,-0.21484375
12017,1.40625,1.240234375,-0.1953125,-0.3125
12018,1.318359375,1.279296875,-0.263671875,-0.205078125
12019,1.259765625,1.26953125,-0.244140625,-0.166015625
12020,1.34765625,1.26953125,-0.25390625,-0.263671875
12021,1.328125,1.240234375,-0.263671875,-0.224609375
12022,1.30859375,1.26953125,-0.17578125,-0.361328125
12023,1.337890625,1.220703125,-0.244140625,-0.244140625
12024,1.3671875,1.240234375,-0.33203125,-0.263671875
12025,1.2890625,1.25,-0.21484375,-0.25390625
12026,1.298828125,1.259765625,-0.361328125,-0.37109375
12027,1.23046875,1.279296875,-0.25390625,-0.341796875
12028,1.279296875,1.083984375,-0.25390625,-0.2734375
12029,1.298828125,1.26953125,-0.33203125,-0.283203125
12030,1.3671875,1.30859375,-0.185546875,-0.322265625
12031,1.4453125,1.23046875,-0.44921875,-0.1953125
12032,1.26953125,1.25,-0.302734375,-0.361328125
12033,1.318359375,1.259765625,-0.2734375,-0.361328125
12034,1.220703125,1.259765625,-0.21484375,-0.390625
12035,1.30859375,1.181640625,-0.244140625,-0.322265625
12036,1.26953125,1.09375,-0.1953125,-0.341796875
12037,1.23046875,1.357421875,-0.33203125,-0.322265625
12038,1.25,1.30859375,-0.25390625,-0.390625
12039,1.201171875,1.259765625,-0.234375,-0.33203125
12040,1.26953125,1.357421875,-0.3125,-0.33203125
12041,1.2890625,1.2890625,-0.3125,-0.3125
12042,1.240234375,1.25,-0.263671875,-0.33203125
12043,1.26953125,1.279296875,-0.322265625,-0.380859375
12044,1.26953125,1.2890625,-0.2734375,-0.458984375
12045,1.2890625,1.298828125,-0.205078125,-0.361328125
12046,1.38671875,1.220703125,-0.1953125,-0.3515625
12047,1.34765625,1.2109375,-0.2734375,-0.33203125
12048,1.337890625,1.328125,-0.224609375,-0.390625
12049,1.279296875,1.318359375,-0.1953125,-0.380859375
12050,1.30859375,1.19140625,-0.2734375,-0.283203125
12051,1.3671875,1.26953125,-0.185546875,-0.302734375
12052,1.25,1.279296875,-0.185546875,-0.341796875
12053,1.337890625,1.23046875,-0.205078125,-0.439453125
12054,1.328125,1.279296875,-0.224609375,-0.341796875
12055,1.34765625,1.26953125,-0.263671875,-0.3515625
12056,1.259765625,1.2890625,-0.361328125,-0.33203125
12057,1.376953125,1.298828125,-0.2734375,-0.224609375
12058,1.3671875,1.337890625,-0.107421875,-0.33203125
12059,1.328125,1.279296875,-0.224609375,-0.25390625
12060,1.23046875,1.171875,-0.29296875,-0.37109375
12061,1.279296875,1.083984375,-0.2734375,-0.33203125
12062,1.123046875,1.201171875,-0.29296875,-0.09765625
12063,1.23046875,1.123046875,-0.283203125,-0.322265625
12064,1.240234375,1.083984375,-0.361328125,-0.380859375
12065,1.201171875,1.15234375,-0.224609375,-0.3125
12066,1.162109375,1.162109375,-0.341796875,-0.419921875
12067,1.19140625,1.09375,-0.3125,-0.3125
12068,1.23046875,1.19140625,-0.41015625,-0.322265625
12069,1.142578125,1.318359375,-0.33203125,-0.185546875
12070,1.171875,1.142578125,-0.341796875,-0.244140625
12071,1.15234375,1.171875,-0.3125,-0.48828125
12072,1.15234375,1.201171875,-0.29296875,-0.37109375
12073,1.240234375,1.240234375,-0.37109375,-0.37109375
12074,1.171875,1.181640625,-0.263671875,-0.29296875
12075,1.1328125,1.298828125,-0.3125,-0.361328125
12076,1.181640625,1.11328125,-0.390625,-0.4296875
12077,1.162109375,1.23046875,-0.3125,-0.224609375
12078,1.259765625,1.181640625,-0.283203125,-0.478515625
12079,1.083984375,1.259765625,-0.25390625,-0.439453125
12080,1.201171875,1.25,-0.05859375,-0.29296875
12081,1.171875,1.23046875,-0.234375,-0.46875
12082,1.15234375,1.240234375,-0.263671875,-0.390625
12083,1.171875,1.142578125,-0.283203125,-0.4296875
12084,1.298828125,1.23046875,-0.283203125,-0.341796875
12085,1.162109375,1.337890625,-0.400390625,-0.3125
12086,1.201171875,1.240234375,-0.302734375,-0.380859375
12087,1.123046875,1.220703125,-0.263671875,-0.400390625
12088,1.201171875,1.240234375,-0.263671875,-0.37109375
12089,1.25,1.259765625,-0.234375,-0.4296875
12090,1.2890625,1.2109375,-0.2734375,-0.341796875
12091,1.19140625,1.25,-0.29296875,-0.37109375
12092,1.23046875,1.25,-0.439453125,-0.390625
12093,1.201171875,1.240234375,-0.2734375,-0.3125
12094,1.23046875,1.171875,-0.41015625,-0.37109375
12095,1.2109375,1.25,-0.078125,-0.380859375
12096,1.2109375,1.220703125,-0.3125,-0.44921875
12097,1.240234375,1.279296875,-0.21484375,-0.4296875
12098,1.25,1.3671875,-0.185546875,-0.390625
12099,1.1328125,1.240234375,-0.3125,-0.341796875
12100,1.142578125,1.201171875,-0.263671875,-0.302734375
12101,1.2109375,1.181640625,-0.13671875,-0.37109375
12102,1.26953125,1.181640625,-0.234375,-0.2734375
12103,1.181640625,1.19140625,-0.21484375,-0.3125
12104,1.2109375,1.181640625,-0.263671875,-0.322265625
12105,1.1328125,1.1328125,-0.2734375,-0.361328125
12106,1.201171875,1.220703125,-0.3125,-0.390625
12107,1.15234375,1.34765625,-0.185546875,-0.400390625
12108,1.123046875,1.240234375,-0.244140625,-0.33203125
12109,1.201171875,0.9765625,-0.244140625,-0.33203125
12110,1.30859375,1.220703125,-0.283203125,-0.37109375
12111,1.03515625,1.15234375,-0.224609375,-0.37109375
12112,1.162109375,1.1328125,-0.263671875,-0.3515625
12113,1.09375,1.42578125,-0.078125,-0.37109375
12114,1.2109375,1.162109375,-0.224609375,-0.380859375
12115,1.123046875,1.23046875,-0.25390625,-0.33203125
12116,1.162109375,1.142578125,-0.2734375,-0.44921875
12117,1.201171875,1.201171875,-0.1953125,-0.37109375
12118,1.26953125,1.142578125,-0.234375,-0.41015625
12119,1.171875,1.162109375,-0.283203125,-0.41015625
12120,1.23046875,1.2109375,-0.205078125,-0.498046875
12121,1.171875,1.03515625,-0.263671875,-0.400390625
12122,1.2890625,1.03515625,-0.244140625,-0.33203125
12123,1.19140625,1.162109375,-0.21484375,-0.341796875
12124,1.07421875,1.1328125,-0.263671875,-0.33203125
12125,1.23046875,1.083984375,-0.244140625,-0.380859375
12126,1.2109375,1.09375,-0.283203125,-0.390625
12127,1.23046875,1.123046875,-0.302734375,-0.556640625
12128,1.259765625,1.09375,-0.205078125,-0.3125
12129,1.15234375,1.0546875,-0.400390625,-0.205078125
12130,1.23046875,1.181640625,-0.244140625,-0.380859375
12131,1.123046875,1.162109375,-0.302734375,-0.380859375
12132,1.337890625,1.15234375,-0.087890625,-0.517578125
12133,1.298828125,1.025390625,-0.244140625,-0.2734375
12134,1.23046875,1.015625,-0.263671875,-0.341796875
12135,1.3671875,1.15234375,-0.009765625,-0.33203125
12136,1.25,1.09375,-0.21484375,-0.56640625
12137,1.181640625,1.298828125,-0.224609375,-0.3125
12138,1.2109375,1.07421875,-0.13671875,-0.60546875
12139,1.2109375,1.11328125,-0.21484375,-0.44921875
12140,1.09375,1.03515625,-0.185546875,-0.3515625
12141,1.19140625,1.025390625,-0.185546875,-0.21484375
12142,1.2109375,1.064453125,-0.21484375,-0.361328125
12143,1.220703125,1.0546875,-0.341796875,-0.3125
12144,1.25,0.99609375,-0.126953125,-0.3515625
12145,1.240234375,1.03515625,-0.25390625,-0.41015625
12146,1.318359375,1.064453125,-0.21484375,-0.3515625
12147,1.34765625,0.986328125,-0.01953125,-0.224609375
12148,1.162109375,1.09375,-0.146484375,-0.41015625
12149,1.240234375,1.0546875,-0.21484375,-0.322265625
12150,1.279296875,1.162109375,-0.37109375,-0.25390625
12151,1.25,1.03515625,-0.322265625,-0.341796875
12152,1.171875,1.044921875,-0.21484375,-0.283203125
12153,1.259765625,0.986328125,-0.263671875,-0.390625
12154,1.298828125,1.181640625,-0.2734375,0.068359375
12155,1.201171875,1.11328125,-0.3125,-0.302734375
12156,1.19140625,0.927734375,-0.283203125,-0.25390625
12157,1.2890625,1.044921875,-0.244140625,-0.05859375
12158,1.201171875,0.95703125,-0.283203125,-0.3515625
12159,1.171875,1.03515625,-0.322265625,-0.322265625
12160,1.220703125,1.11328125,-0.244140625,-0.302734375
12161,1.25,1.064453125,-0.2734375,-0.361328125
12162,1.259765625,0.966796875,-0.25390625,-0.322265625
12163,1.142578125,0.986328125,-0.302734375,-0.322265625
12164,1.23046875,1.07421875,-0.3125,-0.322265625
12165,1.220703125,1.005859375,-0.4296875,-0.3125
12166,1.34765625,1.09375,-0.302734375,-0.2734375
12167,1.181640625,0.693359375,-0.224609375,-0.25390625
12168,1.25,1.07421875,-0.263671875,-0.33203125
12169,1.181640625,1.083984375,-0.263671875,-0.146484375
12170,1.19140625,1.03515625,-0.263671875,-0.2734375
12171,1.171875,0.99609375,-0.17578125,-0.283203125
12172,1.3671875,0.99609375,-0.21484375,-0.13671875
12173,1.298828125,1.083984375,-0.166015625,-0.244140625
12174,1.19140625,1.005859375,-0.205078125,-0.302734375
12175,1.318359375,1.005859375,-0.283203125,-0.46875
12176,1.19140625,0.986328125,-0.205078125,-0.2734375
12177,1.1328125,1.07421875,-0.3515625,-0.205078125
12178,1.298828125,1.015625,-0.3125,-0.37109375
12179,1.318359375,1.025390625,-0.25390625,-0.29296875
12180,1.19140625,0.8984375,-0.224609375,-0.29296875
12181,1.23046875,1.064453125,-0.21484375,-0.283203125
12182,1.220703125,0.99609375,-0.283203125,-0.224609375
12183,1.2109375,1.005859375,-0.166015625,-0.29296875
12184,1.19140625,0.95703125,-0.244140625,-0.33203125
12185,1.2109375,0.9375,-0.234375,-0.3515625
12186,1.15234375,0.966796875,-0.322265625,-0.29296875
12187,1.19140625,1.015625,-0.244140625,-0.302734375
12188,1.201171875,1.07421875,-0.13671875,-0.302734375
12189,1.162109375,1.083984375,-0.263671875,-0.3125
12190,1.1328125,1.123046875,-0.29296875,-0.283203125
12191,1.201171875,1.03515625,-0.224609375,-0.29296875
12192,1.171875,0.87890625,-0.234375,-0.33203125
12193,1.23046875,1.025390625,-0.29296875,-0.224609375
12194,1.19140625,1.181640625,-0.234375,-0.25390625
12195,1.171875,1.015625,-0.361328125,-0.302734375
12196,1.220703125,1.025390625,-0.21484375,-0.33203125
12197,1.19140625,1.09375,-0.244140625,-0.244140625
12198,1.162109375,0.95703125,-0.263671875,-0.33203125
12199,1.123046875,1.0546875,-0.244140625,-0.302734375
12200,1.19140625,1.015625,-0.244140625,-0.380859375
12201,1.19140625,1.09375,-0.224609375,-0.341796875
12202,1.25,1.0546875,-0.21484375,-0.25390625
12203,1.240234375,0.99609375,-0.2734375,-0.361328125
12204,1.25,1.07421875,-0.21484375,-0.419921875
12205,1.201171875,1.015625,-0.37109375,-0.302734375
12206,1.328125,1.015625,-0.25390625,-0.361328125
12207,1.30859375,1.07421875,-0.33203125,-0.41015625
12208,1.357421875,1.07421875,-0.283203125,-0.2734375
12209,1.201171875,1.044921875,-0.234375,-0.419921875
12210,1.2890625,1.103515625,-0.224609375,-0.2734375
12211,1.318359375,1.064453125,-0.2734375,-0.29296875
12212,1.25,1.044921875,-0.2734375,-0.361328125
12213,1.19140625,1.2109375,-0.33203125,-0.29296875
12214,1.162109375,0.95703125,-0.21484375,-0.224609375
12215,1.142578125,1.064453125,-0.2734375,-0.205078125
12216,1.15234375,1.03515625,-0.205078125,-0.2734375
12217,1.15234375,1.171875,-0.146484375,-0.3125
12218,1.279296875,1.044921875,-0.205078125,-0.3125
12219,1.259765625,1.0546875,-0.1953125,-0.29296875
12220,1.181640625,1.220703125,-0.244140625,-0.25390625
12221,1.201171875,1.0546875,-0.224609375,-0.25390625
12222,1.240234375,1.083984375,-0.1953125,-0.1953125
12223,1.025390625,0.986328125,-0.09765625,-0.263671875
12224,1.0546875,1.064453125,-0.263671875,-0.21484375
12225,1.025390625,1.162109375,-0.107421875,-0.21484375
12226,1.2109375,1.15234375,-0.13671875,-0.244140625
12227,1.15234375,1.083984375,-0.21484375,-0.283203125
12228,1.123046875,1.064453125,-0.21484375,-0.322265625
12229,1.201171875,1.044921875,-0.3125,-0.3125
12230,1.2890625,1.015625,-0.15625,-0.234375
12231,1.25,1.064453125,-0.13671875,-0.21484375
12232,1.318359375,0.99609375,-0.224609375,-0.25390625
12233,1.2109375,1.03515625,-0.107421875,-0.15625
12234,1.09375,1.103515625,-0.205078125,-0.33203125
12235,1.19140625,1.0546875,-0.1171875,-0.302734375
12236,1.26953125,0.99609375,-0.185546875,-0.419921875
12237,1.201171875,1.11328125,-0.21484375,-0.3515625
12238,1.142578125,1.1328125,-0.244140625,-0.29296875
12239,1.26953125,1.005859375,-0.263671875,0.029296875
12240,1.26953125,1.064453125,-0.205078125,-0.2734375
12241,1.23046875,1.03515625,-0.166015625,-0.283203125
12242,1.2890625,1.103515625,-0.25390625,-0.13671875
12243,1.201171875,1.015625,-0.166015625,-0.3515625
12244,1.220703125,1.025390625,-0.185546875,-0.263671875
12245,1.201171875,1.123046875,-0.302734375,-0.390625
12246,1.171875,1.123046875,-0.146484375,-0.244140625
12247,1.2109375,1.298828125,-0.29296875,-0.29296875
12248,1.19140625,1.11328125,-0.068359375,-0.234375
12249,1.240234375,1.0546875,-0.185546875,-0.361328125
12250,1.240234375,1.181640625,-0.13671875,-0.263671875
12251,1.26953125,1.083984375,-0.17578125,-0.37109375
12252,1.025390625,1.064453125,-0.17578125,-0.3515625
12253,1.25,0.9765625,-0.400390625,-0.21484375
12254,1.298828125,1.07421875,-0.244140625,-0.25390625
12255,1.162109375,1.025390625,-0.263671875,-0.2734375
12256,1.11328125,1.083984375,-0.166015625,-0.15625
12257,1.162109375,1.083984375,-0.21484375,-0.185546875
12258,1.123046875,1.07421875,-0.224609375,-0.185546875
12259,1.15234375,1.11328125,-0.126953125,-0.126953125
12260,1.142578125,1.064453125,-0.09765625,-0.302734375
12261,1.240234375,1.11328125,-0.224609375,-0.205078125
12262,1.181640625,1.083984375,-0.224609375,-0.224609375
12263,1.162109375,0.947265625,-0.205078125,-0.341796875
12264,1.123046875,1.0546875,-0.244140625,-0.29296875
12265,1.201171875,1.11328125,-0.234375,-0.263671875
12266,1.162109375,1.07421875,-0.41015625,-0.400390625
12267,1.181640625,1.09375,-0.21484375,-0.146484375
12268,1.162109375,1.09375,-0.13671875,-0.263671875
12269,0.99609375,0.986328125,-0.185546875,-0.2734375
12270,1.259765625,1.0546875,-0.234375,-0.29296875
12271,0.947265625,1.044921875,-0.17578125,-0.2734375
12272,1.162109375,1.0546875,-0.263671875,-0.283203125
12273,1.181640625,1.005859375,-0.224609375,-0.322265625
12274,1.142578125,1.025390625,-0.234375,-0.25390625
12275,1.162109375,1.23046875,-0.41015625,-0.37109375
12276,1.181640625,1.03515625,-0.322265625,-0.17578125
12277,1.171875,1.044921875,-0.224609375,-0.2734375
12278,1.2109375,0.91796875,-0.283203125,-0.341796875
12279,1.220703125,0.9375,-0.283203125,-0.322265625
12280,1.15234375,1.19140625,-0.1953125,-0.21484375
12281,1.142578125,1.103515625,-0.439453125,-0.234375
12282,1.025390625,1.025390625,-0.244140625,-0.263671875
12283,1.2890625,1.0546875,-0.29296875,-0.283203125
12284,1.123046875,1.09375,-0.322265625,-0.224609375
12285,1.162109375,1.005859375,-0.263671875,-0.322265625
12286,1.103515625,1.015625,-0.25390625,-0.244140625
12287,1.162109375,0.99609375,-0.33203125,-0.263671875
12288,1.240234375,1.07421875,-0.1953125,-0.390625
12289,1.1328125,1.07421875,-0.283203125,-0.205078125
12290,1.181640625,1.015625,-0.107421875,-0.283203125
12291,1.2109375,1.064453125,-0.37109375,-0.2734375
12292,1.15234375,0.927734375,-0.2734375,-0.25390625
12293,1.19140625,1.142578125,-0.263671875,-0.1953125
12294,1.103515625,1.083984375,-0.244140625,-0.21484375
12295,1.220703125,1.025390625,-0.263671875,-0.224609375
12296,1.181640625,1.11328125,-0.234375,-0.224609375
12297,1.11328125,1.103515625,-0.185546875,-0.17578125
12298,1.11328125,0.99609375,-0.3125,-0.1953125
12299,1.181640625,1.064453125,-0.3125,-0.25390625
12300,0.986328125,1.03515625,-0.3125,-0.2734375
12301,1.19140625,0.849609375,-0.234375,-0.21484375
12302,1.044921875,1.03515625,-0.25390625,-0.302734375
12303,1.1328125,1.09375,-0.25390625,-0.3515625
12304,1.26953125,0.947265625,-0.1953125,-0.224609375
12305,1.103515625,1.025390625,-0.302734375,-0.1953125
12306,1.142578125,1.064453125,-0.2734375,-0.21484375
12307,1.064453125,1.26953125,-0.205078125,-0.205078125
12308,1.162109375,1.181640625,-0.244140625,-0.21484375
12309,1.142578125,1.083984375,-0.2734375,-0.33203125
12310,1.064453125,1.07421875,-0.25390625,-0.3515625
12311,1.09375,1.025390625,-0.341796875,-0.283203125
12312,1.201171875,1.083984375,-0.205078125,-0.234375
12313,1.09375,1.171875,-0.244140625,-0.205078125
12314,1.1328125,1.09375,-0.29296875,-0.205078125
12315,1.1328125,1.11328125,-0.078125,-0.146484375
12316,1.123046875,1.015625,-0.1953125,-0.185546875
12317,1.201171875,1.064453125,-0.21484375,-0.263671875
12318,1.171875,1.1328125,-0.068359375,-0.302734375
12319,1.1328125,1.142578125,-0.146484375,-0.15625
12320,1.19140625,1.11328125,-0.234375,-0.244140625
12321,1.162109375,1.11328125,-0.087890625,-0.283203125
12322,1.259765625,1.15234375,-0.263671875,-0.185546875
12323,1.2109375,1.123046875,-0.2734375,-0.283203125
12324,1.171875,1.1328125,-0.2734375,-0.2734375
12325,0.99609375,1.044921875,-0.185546875,-0.107421875
12326,1.142578125,1.083984375,-0.146484375,-0.244140625
12327,1.09375,1.142578125,-0.283203125,-0.1171875
12328,1.259765625,1.123046875,-0.21484375,-0.205078125
12329,1.23046875,1.11328125,-0.126953125,-0.244140625
12330,1.083984375,1.1328125,-0.400390625,-0.224609375
12331,1.044921875,1.07421875,-0.1953125,-0.244140625
12332,1.11328125,1.298828125,-0.37109375,-0.1953125
12333,0.95703125,1.103515625,-0.2734375,-0.263671875
12334,1.005859375,1.142578125,-0.21484375,-0.1953125
12335,1.162109375,1.083984375,-0.263671875,-0.21484375
12336,1.162109375,1.201171875,-0.1953125,-0.1953125
12337,1.171875,1.123046875,-0.322265625,-0.224609375
12338,1.09375,1.09375,-0.234375,-0.21484375
12339,1.220703125,1.123046875,-0.205078125,-0.41015625
12340,1.181640625,1.15234375,-0.263671875,-0.17578125
12341,1.259765625,1.181640625,-0.33203125,-0.322265625
12342,1.259765625,1.1328125,-0.458984375,-0.205078125
12343,1.07421875,1.09375,-0.263671875,-0.21484375
12344,1.1328125,1.1328125,-0.15625,-0.25390625
12345,1.09375,1.181640625,-0.1953125,-0.234375
12346,1.19140625,1.123046875,-0.185546875,-0.166015625
12347,1.142578125,1.083984375,-0.09765625,-0.1953125
12348,1.19140625,1.26953125,-0.078125,-0.25390625
12349,1.201171875,1.19140625,-0.1953125,-0.263671875
12350,1.171875,1.09375,-0.234375,-0.1953125
12351,1.23046875,1.09375,-0.21484375,-0.185546875
12352,1.220703125,1.1328125,-0.263671875,-0.400390625
12353,1.298828125,1.162109375,-0.21484375,-0.205078125
12354,1.103515625,1.123046875,-0.1953125,-0.263671875
12355,1.09375,1.162109375,-0.29296875,-0.3125
12356,1.09375,1.064453125,-0.283203125,-0.283203125
12357,1.2109375,1.23046875,-0.107421875,-0.244140625
12358,1.162109375,1.240234375,-0.15625,0.05859375
12359,1.11328125,1.162109375,-0.1953125,-0.234375
12360,1.25,1.142578125,-0.322265625,-0.244140625
12361,1.181640625,1.162109375,-0.25390625,-0.380859375
12362,1.1328125,1.220703125,-0.21484375,-0.1953125
12363,1.162109375,1.23046875,-0.21484375,-0.2734375
12364,1.123046875,1.123046875,-0.1953125,-0.2734375
12365,1.123046875,1.11328125,-0.146484375,-0.341796875
12366,1.220703125,0.927734375,-0.25390625,-0.322265625
12367,1.23046875,1.23046875,-0.185546875,-0.263671875
12368,1.171875,1.044921875,-0.166015625,-0.302734375
12369,1.19140625,1.11328125,-0.29296875,-0.25390625
12370,1.298828125,1.142578125,-0.1953125,-0.302734375
12371,1.201171875,1.23046875,-0.21484375,-0.41015625
12372,1.2109375,1.09375,-0.33203125,-0.244140625
12373,1.30859375,1.162109375,-0.048828125,-0.224609375
12374,1.30859375,1.1328125,-0.1953125,-0.263671875
12375,1.201171875,1.279296875,-0.146484375,-0.234375
12376,1.2109375,1.2109375,-0.29296875,-0.4296875
12377,1.1328125,1.15234375,-0.1953125,-0.3125
12378,1.162109375,1.103515625,-0.17578125,-0.341796875
12379,1.26953125,1.123046875,-0.33203125,-0.44921875
12380,1.15234375,1.162109375,-0.244140625,-0.400390625
12381,1.201171875,1.240234375,-0.107421875,-0.341796875
12382,1.1328125,1.259765625,-0.3125,-0.322265625
12383,1.1328125,1.240234375,-0.17578125,-0.126953125
12384,1.171875,1.15234375,-0.283203125,-0.25390625
12385,1.181640625,1.19140625,-0.341796875,-0.224609375
12386,1.181640625,1.220703125,-0.234375,-0.263671875
12387,1.2109375,1.15234375,-0.244140625,-0.234375
12388,1.279296875,1.25,-0.302734375,-0.244140625
12389,1.142578125,1.181640625,-0.3125,-0.244140625
12390,1.23046875,1.240234375,-0.322265625,-0.302734375
12391,1.171875,1.2109375,-0.087890625,-0.3125
12392,1.279296875,1.259765625,-0.341796875,-0.29296875
12393,1.318359375,1.318359375,-0.2734375,-0.224609375
12394,1.09375,1.240234375,-0.302734375,-0.224609375
12395,1.15234375,1.26953125,-0.185546875,-0.224609375
12396,1.25,1.25,-0.322265625,-0.244140625
12397,1.142578125,1.30859375,-0.25390625,-0.283203125
12398,1.11328125,1.123046875,-0.1953125,-0.2734375
12399,1.123046875,1.181640625,-0.21484375,-0.2734375
12400,1.240234375,1.064453125,-0.1953125,-0.25390625
12401,1.201171875,1.162109375,-0.234375,-0.263671875
12402,1.2890625,1.279296875,-0.302734375,-0.21484375
12403,1.1328125,1.259765625,-0.224609375,-0.2734375
12404,1.162109375,1.103515625,-0.234375,-0.322265625
12405,1.25,1.318359375,-0.341796875,-0.302734375
12406,1.26953125,1.123046875,-0.166015625,-0.322265625
12407,1.25,1.220703125,-0.322265625,-0.224609375
12408,1.2109375,1.259765625,-0.263671875,-0.322265625
12409,1.23046875,1.162109375,-0.2734375,-0.234375
12410,1.259765625,1.19140625,-0.2734375,-0.380859375
12411,1.2890625,1.240234375,-0.1953125,-0.361328125
12412,1.240234375,1.259765625,-0.185546875,-0.29296875
12413,1.298828125,1.142578125,-0.244140625,-0.2734375
12414,1.240234375,1.26953125,-0.2734375,-0.2734375
12415,1.2109375,0.830078125,-0.166015625,-0.283203125
12416,1.171875,1.181640625,-0.166015625,-0.302734375
12417,1.171875,1.123046875,-0.107421875,-0.244140625
12418,1.1328125,1.376953125,-0.224609375,-0.263671875
12419,1.11328125,1.162109375,-0.234375,-0.380859375
12420,1.201171875,1.123046875,-0.224609375,-0.322265625
12421,1.25,1.30859375,-0.1953125,-0.29296875
12422,1.26953125,1.11328125,-0.185546875,-0.390625
12423,1.240234375,1.162109375,-0.21484375,-0.361328125
12424,1.26953125,1.259765625,-0.283203125,-0.283203125
12425,1.240234375,1.201171875,-0.13671875,-0.29296875
12426,1.23046875,1.19140625,-0.3515625,-0.224609375
12427,1.240234375,1.2109375,-0.244140625,-0.33203125
12428,1.171875,1.1328125,-0.302734375,-0.33203125
12429,1.2109375,1.09375,-0.400390625,-0.322265625
12430,1.181640625,1.201171875,-0.244140625,-0.3125
12431,1.23046875,1.0546875,-0.224609375,-0.15625
12432,1.23046875,1.142578125,-0.29296875,-0.3125
12433,1.26953125,1.064453125,-0.322265625,-0.302734375
12434,1.15234375,1.142578125,-0.283203125,-0.498046875
12435,1.240234375,1.162109375,-0.283203125,-0.205078125
12436,1.25,1.103515625,-0.2734375,-0.341796875
12437,1.25,1.298828125,-0.21484375,-0.234375
12438,1.259765625,1.26953125,-0.25390625,-0.234375
12439,1.30859375,1.30859375,-0.21484375,-0.302734375
12440,1.259765625,1.30859375,-0.21484375,-0.390625
12441,1.25,1.2109375,-0.205078125,-0.390625
12442,1.26953125,1.2109375,-0.205078125,-0.3515625
12443,1.328125,1.23046875,-0.205078125,-0.244140625
12444,1.25,1.2109375,-0.185546875,-0.3125
12445,1.337890625,1.259765625,-0.25390625,-0.2734375
12446,1.25,1.220703125,-0.048828125,-0.283203125
12447,1.2890625,1.2890625,-0.234375,-0.263671875
12448,1.298828125,1.201171875,-0.1953125,-0.244140625
12449,1.34765625,1.328125,-0.17578125,-0.1953125
12450,1.26953125,1.23046875,-0.25390625,-0.33203125
12451,1.30859375,1.26953125,-0.17578125,-0.302734375
12452,1.328125,1.19140625,-0.13671875,-0.537109375
12453,1.3671875,1.23046875,-0.234375,-0.29296875
12454,1.240234375,1.279296875,-0.341796875,-0.2734375
12455,1.376953125,1.30859375,-0.2734375,-0.44921875
12456,1.259765625,1.259765625,-0.29296875,-0.263671875
12457,1.455078125,1.240234375,-0.263671875,-0.33203125
12458,1.455078125,1.19140625,-0.21484375,-0.283203125
12459,1.328125,1.23046875,-0.1953125,-0.283203125
12460,1.328125,1.181640625,-0.205078125,-0.3125
12461,1.337890625,1.279296875,-0.283203125,-0.37109375
12462,1.240234375,1.25,-0.33203125,-0.380859375
12463,1.19140625,1.2109375,-0.29296875,-0.400390625
12464,1.162109375,1.171875,-0.3515625,-0.41015625
12465,1.25,1.15234375,-0.3515625,-0.29296875
12466,1.26953125,1.23046875,-0.234375,-0.322265625
12467,1.171875,1.23046875,-0.341796875,-0.3125
12468,1.240234375,1.30859375,-0.25390625,-0.322265625
12469,1.181640625,1.328125,-0.263671875,-0.380859375
12470,1.328125,1.103515625,-0.283203125,-0.390625
12471,1.38671875,1.25,-0.25390625,-0.4296875
12472,1.34765625,1.2890625,-0.244140625,-0.46875
12473,1.2109375,1.19140625,-0.17578125,-0.3125
12474,1.240234375,1.23046875,-0.244140625,-0.576171875
12475,1.259765625,1.34765625,-0.205078125,-0.41015625
12476,1.279296875,1.30859375,-0.2734375,-0.380859375
12477,1.337890625,1.220703125,-0.17578125,-0.1171875
12478,1.15234375,0.99609375,-0.234375,-0.33203125
12479,1.279296875,1.279296875,-0.25390625,-0.3125
12480,1.220703125,1.201171875,-0.205078125,-0.29296875
12481,1.34765625,1.201171875,-0.263671875,-0.380859375
12482,1.279296875,1.2109375,-0.322265625,-0.29296875
12483,1.328125,1.240234375,-0.33203125,-0.29296875
12484,1.25,1.25,-0.2734375,-0.33203125
12485,1.26953125,1.30859375,-0.205078125,-0.390625
12486,1.2109375,1.181640625,-0.25390625,-0.41015625
12487,1.2890625,1.162109375,-0.3515625,-0.44921875
12488,1.328125,1.171875,-0.29296875,-0.3515625
12489,1.259765625,1.30859375,-0.146484375,-0.517578125
12490,1.162109375,1.19140625,-0.283203125,-0.29296875
12491,1.25,1.30859375,-0.263671875,-0.390625
12492,1.25,1.2890625,-0.224609375,-0.3515625
12493,1.171875,1.2109375,-0.361328125,-0.37109375
12494,1.23046875,1.123046875,-0.3515625,-0.341796875
12495,1.171875,1.25,-0.2734375,-0.1171875
12496,1.259765625,1.201171875,-0.185546875,-0.3125
12497,1.328125,1.30859375,-0.283203125,-0.322265625
12498,1.15234375,1.19140625,-0.263671875,-0.25390625
12499,1.171875,1.15234375,-0.2734375,-0.4296875
12500,1.30859375,1.171875,-0.234375,-0.3515625
12501,1.337890625,1.23046875,-0.302734375,-0.302734375
12502,1.30859375,1.142578125,-0.25390625,-0.244140625
12503,1.279296875,1.220703125,-0.283203125,-0.361328125
12504,1.220703125,1.2890625,-0.3125,-0.419921875
12505,1.318359375,1.220703125,-0.244140625,-0.3515625
12506,1.123046875,1.142578125,-0.234375,-0.380859375
12507,1.240234375,1.23046875,-0.25390625,-0.322265625
12508,1.083984375,1.2109375,-0.224609375,-0.46875
12509,1.2109375,1.181640625,-0.1953125,-0.380859375
12510,1.19140625,1.279296875,-0.25390625,-0.46875
12511,1.337890625,1.2109375,-0.25390625,-0.322265625
12512,1.181640625,1.181640625,-0.390625,-0.25390625
12513,1.142578125,1.25,-0.234375,-0.37109375
12514,1.220703125,1.19140625,-0.29296875,-0.283203125
12515,1.240234375,1.171875,-0.29296875,-0.3515625
12516,1.2109375,1.2109375,-0.224609375,-0.33203125
12517,1.201171875,1.2109375,-0.25390625,-0.4296875
12518,1.07421875,1.220703125,-0.2734375,-0.322265625
12519,1.318359375,1.2890625,-0.234375,-0.458984375
12520,1.2890625,1.201171875,-0.3125,-0.3515625
12521,1.2109375,1.279296875,-0.2734375,-0.41015625
12522,1.328125,1.2109375,-0.25390625,-0.37109375
12523,1.298828125,1.23046875,-0.1953125,-0.458984375
12524,1.2890625,1.279296875,-0.322265625,-0.400390625
12525,1.25,1.103515625,-0.361328125,-0.4296875
12526,1.328125,1.25,-0.37109375,-0.302734375
12527,1.2109375,1.328125,-0.1953125,-0.361328125
12528,1.2109375,1.25,-0.126953125,-0.361328125
12529,1.19140625,1.171875,-0.15625,-0.419921875
12530,1.298828125,1.1328125,-0.283203125,-0.33203125
12531,1.220703125,1.240234375,-0.107421875,-0.380859375
12532,1.19140625,1.201171875,-0.37109375,-0.498046875
12533,1.142578125,1.162109375,-0.234375,-0.3515625
12534,1.1328125,1.11328125,-0.263671875,-0.419921875
12535,1.259765625,1.07421875,-0.283203125,-0.05859375
12536,1.25,1.220703125,-0.234375,-0.400390625
12537,1.259765625,1.240234375,-0.21484375,-0.3515625
12538,1.15234375,1.123046875,-0.263671875,-0.44921875
12539,1.09375,1.26953125,-0.15625,-0.400390625
12540,1.240234375,1.19140625,-0.1171875,-0.380859375
12541,1.181640625,1.23046875,-0.29296875,-0.52734375
12542,1.201171875,1.083984375,-0.224609375,-0.37109375
12543,1.162109375,1.142578125,-0.166015625,-0.37109375
12544,1.2109375,1.23046875,-0.25390625,-0.390625
12545,1.318359375,1.240234375,-0.25390625,-0.361328125
12546,1.11328125,1.142578125,-0.29296875,-0.400390625
12547,1.2109375,1.11328125,-0.1953125,-0.3125
12548,1.201171875,1.103515625,-0.1953125,-0.380859375
12549,1.162109375,1.123046875,-0.09765625,-0.37109375
12550,1.279296875,1.19140625,-0.302734375,-0.263671875
12551,1.298828125,1.220703125,-0.33203125,-0.556640625
12552,1.15234375,1.15234375,-0.341796875,-0.41015625
12553,1.181640625,1.0546875,-0.185546875,-0.302734375
12554,1.2109375,1.0546875,-0.205078125,-0.361328125
12555,1.220703125,1.083984375,-0.3125,-0.322265625
12556,1.19140625,1.083984375,-0.263671875,-0.37109375
12557,1.1328125,1.11328125,-0.15625,-0.400390625
12558,1.240234375,1.0546875,-0.205078125,-0.341796875
12559,1.171875,1.123046875,-0.283203125,-0.146484375
12560,1.26953125,1.15234375,-0.234375,-0.322265625
12561,1.240234375,1.083984375,-0.380859375,-0.33203125
12562,1.240234375,0.99609375,-0.3515625,-0.341796875
12563,1.34765625,1.083984375,-0.234375,-0.234375
12564,1.220703125,1.23046875,-0.13671875,-0.3515625
12565,1.23046875,1.11328125,-0.1953125,-0.302734375
12566,1.220703125,1.07421875,-0.25390625,-0.361328125
12567,1.240234375,1.142578125,-0.185546875,-0.302734375
12568,1.220703125,1.03515625,-0.185546875,-0.390625
12569,1.25,1.09375,-0.166015625,-0.4296875
12570,1.259765625,1.07421875,-0.13671875,-0.341796875
12571,1.2890625,1.03515625,-0.263671875,-0.3515625
12572,1.279296875,1.142578125,-0.146484375,-0.419921875
12573,1.26953125,1.03515625,-0.009765625,-0.361328125
12574,1.201171875,0.99609375,-0.17578125,-0.29296875
12575,1.171875,1.025390625,-0.224609375,-0.341796875
12576,1.181640625,1.025390625,-0.224609375,-0.44921875
12577,1.2109375,0.830078125,-0.283203125,-0.458984375
12578,1.09375,1.015625,-0.224609375,-0.400390625
12579,1.181640625,1.005859375,-0.146484375,-0.302734375
12580,1.25,1.03515625,-0.1953125,-0.361328125
12581,1.15234375,0.966796875,-0.15625,-0.52734375
12582,1.34765625,1.123046875,-0.09765625,-0.33203125
12583,1.142578125,1.015625,-0.166015625,-0.361328125
12584,1.240234375,1.025390625,-0.244140625,-0.390625
12585,1.23046875,1.03515625,-0.205078125,-0.3125
12586,1.19140625,0.9375,-0.05859375,-0.283203125
12587,1.2109375,1.09375,-0.25390625,-0.263671875
12588,1.26953125,1.103515625,-0.244140625,-0.3125
12589,1.26953125,1.015625,-0.15625,-0.263671875
12590,1.123046875,1.015625,-0.234375,-0.37109375
12591,1.259765625,0.888671875,-0.13671875,-0.302734375
12592,1.11328125,1.0546875,-0.078125,-0.244140625
12593,1.044921875,1.1328125,-0.283203125,-0.3515625
12594,1.064453125,1.083984375,-0.283203125,-0.21484375
12595,1.23046875,0.859375,-0.244140625,-0.33203125
12596,1.25,1.025390625,-0.3515625,-0.263671875
12597,1.259765625,1.07421875,-0.302734375,-0.244140625
12598,1.162109375,1.171875,-0.25390625,-0.29296875
12599,1.23046875,1.142578125,-0.21484375,-0.3125
12600,1.25,1.181640625,-0.21484375,-0.322265625
12601,1.26953125,1.123046875,-0.234375,-0.29296875
12602,1.318359375,1.07421875,-0.244140625,-0.390625
12603,1.2109375,1.03515625,-0.234375,-0.3515625
12604,1.162109375,0.83984375,-0.25390625,-0.322265625
12605,1.259765625,0.91796875,-0.25390625,-0.2734375
12606,1.25,1.09375,-0.283203125,-0.33203125
12607,1.2890625,1.083984375,-0.283203125,-0.263671875
12608,1.181640625,1.005859375,-0.234375,-0.15625
12609,1.2109375,1.005859375,-0.1953125,-0.380859375
12610,1.15234375,0.986328125,-0.185546875,-0.3125
12611,1.26953125,0.966796875,-0.234375,-0.37109375
12612,1.220703125,1.025390625,-0.263671875,-0.33203125
12613,1.279296875,1.19140625,-0.205078125,-0.380859375
12614,1.259765625,0.95703125,-0.17578125,-0.166015625
12615,1.15234375,0.986328125,-0.244140625,-0.390625
12616,1.07421875,0.908203125,-0.29296875,-0.2734375
12617,1.171875,1.03515625,-0.283203125,-0.234375
12618,1.162109375,1.0546875,-0.33203125,-0.361328125
12619,1.162109375,1.044921875,-0.283203125,-0.244140625
12620,1.15234375,1.03515625,-0.341796875,-0.244140625
12621,1.181640625,1.005859375,-0.263671875,-0.46875
12622,1.123046875,0.908203125,-0.2734375,-0.380859375
12623,1.2890625,1.005859375,-0.3125,-0.44921875
12624,1.181640625,1.03515625,-0.21484375,-0.2734375
12625,1.1328125,1.171875,-0.205078125,-0.3125
12626,1.1328125,0.9765625,-0.244140625,-0.21484375
12627,0.986328125,1.083984375,-0.263671875,-0.341796875
12628,1.2109375,1.025390625,-0.41015625,-0.185546875
12629,1.171875,0.966796875,-0.107421875,-0.2734375
12630,1.25,1.064453125,-0.25390625,-0.205078125
12631,1.201171875,1.083984375,-0.166015625,-0.341796875
12632,1.25,1.025390625,-0.205078125,-0.37109375
12633,1.123046875,1.07421875,-0.244140625,-0.33203125
12634,1.220703125,1.07421875,-0.1953125,-0.2734375
12635,1.259765625,1.044921875,-0.244140625,-0.322265625
12636,1.171875,1.083984375,-0.263671875,-0.341796875
12637,1.240234375,0.966796875,-0.3515625,-0.380859375
12638,1.298828125,0.95703125,-0.146484375,-0.3515625
12639,1.259765625,1.044921875,-0.302734375,-0.537109375
12640,1.2890625,1.025390625,-0.234375,-0.33203125
12641,1.26953125,1.0546875,-0.322265625,-0.3125
12642,1.171875,1.083984375,-0.185546875,-0.185546875
12643,1.240234375,1.03515625,-0.15625,-0.283203125
12644,1.1328125,1.07421875,-0.1953125,-0.3125
12645,1.26953125,1.005859375,-0.2734375,-0.283203125
12646,1.11328125,0.99609375,-0.234375,-0.283203125
12647,1.1328125,1.07421875,-0.283203125,-0.302734375
12648,1.279296875,1.044921875,-0.15625,-0.302734375
12649,1.142578125,1.07421875,-0.205078125,-0.302734375
12650,1.240234375,0.8984375,-0.126953125,-0.21484375
12651,1.15234375,0.986328125,-0.21484375,-0.29296875
12652,1.171875,1.103515625,-0.322265625,-0.283203125
12653,1.337890625,1.201171875,-0.25390625,-0.302734375
12654,1.162109375,1.025390625,-0.107421875,-0.146484375
12655,1.09375,1.083984375,-0.205078125,-0.3515625
12656,1.2109375,1.0546875,-0.302734375,-0.302734375
12657,1.26953125,1.11328125,-0.234375,-0.263671875
12658,1.19140625,1.064453125,-0.205078125,-0.205078125
12659,1.171875,1.357421875,0.029296875,-0.25390625
12660,1.19140625,1.07421875,-0.302734375,-0.205078125
12661,1.2109375,1.1328125,-0.13671875,-0.380859375
12662,1.171875,0.99609375,-0.185546875,-0.263671875
12663,1.19140625,1.103515625,-0.1953125,-0.205078125
12664,1.19140625,1.162109375,-0.21484375,-0.322265625
12665,1.123046875,1.07421875,-0.244140625,-0.3125
12666,1.25,1.0546875,-0.1953125,-0.1953125
12667,1.26953125,1.07421875,-0.048828125,-0.458984375
12668,1.142578125,1.064453125,-0.224609375,-0.1953125
12669,1.181640625,1.03515625,-0.185546875,-0.439453125
12670,1.03515625,1.005859375,-0.17578125,-0.107421875
12671,1.171875,0.9765625,-0.283203125,-0.44921875
12672,1.240234375,1.03515625,-0.263671875,-0.400390625
12673,1.181640625,1.220703125,-0.13671875,-0.185546875
12674,1.123046875,1.064453125,-0.283203125,-0.29296875
12675,1.220703125,1.123046875,-0.1171875,-0.361328125
12676,1.1328125,1.142578125,-0.1953125,-0.3515625
12677,1.1328125,1.07421875,-0.283203125,-0.33203125
12678,1.181640625,1.025390625,-0.205078125,-0.390625
12679,1.1328125,1.07421875,-0.17578125,-0.341796875
12680,1.162109375,1.005859375,-0.224609375,-0.361328125
12681,1.11328125,1.064453125,-0.283203125,-0.302734375
12682,1.19140625,1.171875,-0.224609375,-0.224609375
12683,1.09375,1.162109375,-0.1171875,-0.302734375
12684,1.09375,1.07421875,-0.322265625,-0.3125
12685,1.2109375,1.09375,-0.13671875,-0.3125
12686,1.1328125,1.162109375,-0.263671875,-0.283203125
12687,1.25,1.25,-0.21484375,-0.302734375
12688,1.259765625,1.1328125,-0.087890625,-0.15625
12689,1.220703125,1.064453125,-0.283203125,-0.21484375
12690,1.2109375,1.103515625,-0.15625,-0.15625
12691,1.328125,1.064453125,-0.302734375,-0.283203125
12692,1.23046875,1.123046875,-0.205078125,-0.15625
12693,1.162109375,1.103515625,-0.21484375,-0.244140625
12694,1.142578125,1.09375,-0.224609375,-0.1953125
12695,1.162109375,1.064453125,-0.185546875,-0.263671875
12696,1.162109375,1.03515625,-0.234375,-0.09765625
12697,1.03515625,1.103515625,-0.224609375,-0.126953125
12698,1.23046875,1.025390625,-0.263671875,-0.2734375
12699,1.23046875,1.015625,-0.068359375,-0.146484375
12700,1.171875,1.083984375,-0.224609375,-0.21484375
12701,1.181640625,1.005859375,-0.234375,-0.17578125
12702,1.15234375,1.083984375,-0.2734375,-0.1953125
12703,1.142578125,1.083984375,-0.21484375,-0.146484375
12704,1.15234375,0.947265625,-0.341796875,-0.2734375
12705,1.25,1.11328125,-0.458984375,-0.17578125
12706,1.259765625,1.07421875,-0.224609375,-0.2734375
12707,1.19140625,1.11328125,-0.361328125,-0.25390625
12708,1.240234375,1.11328125,-0.400390625,-0.205078125
12709,1.15234375,1.064453125,-0.263671875,-0.244140625
12710,1.11328125,1.015625,-0.29296875,-0.166015625
12711,1.0546875,1.03515625,-0.3125,-0.234375
12712,1.162109375,1.07421875,-0.3515625,-0.166015625
12713,1.044921875,1.025390625,-0.361328125,-0.224609375
12714,1.2890625,1.025390625,-0.205078125,-0.302734375
12715,1.19140625,1.083984375,-0.25390625,-0.224609375
12716,1.19140625,1.07421875,-0.341796875,-0.205078125
12717,1.19140625,1.025390625,-0.3125,-0.234375
12718,1.142578125,1.07421875,-0.33203125,-0.44921875
12719,1.171875,1.025390625,-0.2734375,-0.25390625
12720,1.1328125,1.015625,-0.25390625,-0.244140625
12721,1.15234375,1.142578125,-0.380859375,-0.25390625
12722,1.25,1.11328125,-0.322265625,-0.234375
12723,1.2109375,1.025390625,-0.2734375,-0.25390625
12724,1.201171875,1.0546875,-0.205078125,-0.2734375
12725,1.2109375,1.025390625,-0.302734375,-0.3125
12726,1.220703125,1.03515625,-0.361328125,-0.166015625
12727,1.19140625,1.07421875,-0.244140625,-0.3125
12728,1.19140625,1.11328125,-0.3125,-0.244140625
12729,1.2109375,1.09375,-0.283203125,-0.2734375
12730,1.142578125,1.015625,-0.1953125,-0.1953125
12731,1.2890625,1.162109375,-0.25390625,-0.244140625
12732,1.279296875,1.240234375,-0.21484375,-0.263671875
12733,1.298828125,1.162109375,-0.302734375,-0.234375
12734,1.240234375,1.064453125,-0.224609375,-0.25390625
12735,1.181640625,1.09375,-0.224609375,-0.302734375
12736,1.171875,1.0546875,-0.068359375,-0.234375
12737,1.15234375,1.09375,-0.25390625,-0.25390625
12738,1.2109375,0.8984375,-0.224609375,-0.29296875
12739,1.0546875,1.103515625,-0.146484375,-0.283203125
12740,1.181640625,1.07421875,-0.146484375,-0.234375
12741,1.240234375,1.142578125,-0.37109375,-0.263671875
12742,1.11328125,1.220703125,-0.17578125,-0.283203125
12743,1.1328125,1.201171875,-0.29296875,-0.341796875
12744,1.1328125,1.220703125,-0.322265625,-0.185546875
12745,1.171875,1.171875,-0.087890625,-0.29296875
12746,1.1328125,1.162109375,-0.234375,-0.234375
12747,1.19140625,1.064453125,-0.185546875,-0.244140625
12748,1.23046875,1.123046875,-0.185546875,-0.1953125
12749,1.162109375,1.15234375,-0.3125,-0.009765625
12750,1.171875,1.123046875,-0.224609375,-0.234375
12751,1.1328125,1.142578125,-0.263671875,-0.126953125
12752,1.064453125,1.103515625,-0.33203125,-0.224609375
12753,1.1328125,1.279296875,-0.283203125,-0.3125
12754,1.1328125,1.15234375,-0.224609375,-0.244140625
12755,1.0546875,1.083984375,-0.25390625,-0.244140625
12756,1.083984375,1.181640625,-0.185546875,-0.234375
12757,1.1328125,1.15234375,-0.17578125,-0.224609375
12758,1.0546875,1.15234375,-0.1953125,-0.341796875
12759,1.220703125,1.259765625,-0.3515625,-0.302734375
12760,1.025390625,0.986328125,-0.33203125,-0.3125
12761,1.23046875,1.0546875,-0.205078125,-0.29296875
12762,1.162109375,1.15234375,-0.234375,-0.263671875
12763,1.1328125,1.025390625,-0.3125,-0.25390625
12764,1.11328125,1.103515625,-0.185546875,-0.341796875
12765,1.181640625,1.2109375,-0.25390625,-0.205078125
12766,1.11328125,1.34765625,-0.244140625,-0.25390625
12767,1.2890625,1.240234375,-0.224609375,-0.146484375
12768,0.99609375,1.03515625,-0.15625,-0.25390625
12769,1.171875,1.1328125,-0.341796875,-0.2734375
12770,1.11328125,1.09375,-0.3125,-0.33203125
12771,1.162109375,1.23046875,-0.224609375,-0.322265625
12772,1.19140625,1.30859375,-0.1171875,-0.1953125
12773,1.103515625,1.19140625,-0.224609375,-0.29296875
12774,1.240234375,1.162109375,-0.1953125,-0.146484375
12775,1.19140625,1.376953125,-0.21484375,-0.1953125
12776,1.2890625,1.15234375,-0.1171875,-0.09765625
12777,1.240234375,1.201171875,-0.13671875,-0.185546875
12778,1.240234375,1.26953125,-0.224609375,-0.146484375
12779,1.2109375,1.181640625,-0.185546875,-0.05859375
12780,1.123046875,1.171875,-0.205078125,-0.224609375
12781,1.2109375,1.26953125,-0.087890625,-0.25390625
12782,1.162109375,1.19140625,-0.087890625,-0.01953125
12783,1.123046875,1.2109375,-0.224609375,-0.29296875
12784,1.25,1.07421875,-0.263671875,-0.322265625
12785,1.23046875,1.2109375,-0.126953125,-0.283203125
12786,1.2109375,1.2890625,-0.09765625,-0.146484375
12787,1.30859375,1.044921875,-0.107421875,-0.29296875
12788,1.103515625,1.123046875,-0.224609375,-0.263671875
12789,1.142578125,1.201171875,-0.15625,-0.244140625
12790,1.123046875,1.181640625,-0.234375,-0.234375
12791,1.240234375,1.142578125,-0.009765625,-0.2734375
12792,1.171875,1.1328125,-0.185546875,-0.283203125
12793,1.11328125,1.083984375,-0.283203125,-0.302734375
12794,1.09375,1.25,-0.166015625,-0.263671875
12795,1.15234375,1.171875,-0.21484375,-0.15625
12796,1.162109375,1.2109375,-0.17578125,-0.3515625
12797,1.2109375,1.19140625,-0.21484375,-0.322265625
12798,1.181640625,1.240234375,-0.1953125,-0.283203125
12799,1.2109375,1.162109375,-0.234375,-0.244140625
12800,1.2109375,1.23046875,-0.224609375,-0.1953125
12801,1.044921875,1.201171875,-0.21484375,-0.29296875
12802,1.26953125,1.2109375,-0.146484375,-0.400390625
12803,1.19140625,1.19140625,-0.2734375,-0.341796875
12804,1.09375,1.171875,-0.1953125,-0.37109375
12805,1.30859375,1.19140625,-0.1953125,-0.302734375
12806,1.171875,1.25,-0.166015625,-0.205078125
12807,1.201171875,1.15234375,-0.244140625,-0.068359375
12808,1.240234375,1.1328125,-0.244140625,-0.3125
12809,1.181640625,1.11328125,-0.15625,-0.2734375
12810,1.2109375,1.2109375,-0.205078125,-0.341796875
12811,1.15234375,1.142578125,-0.146484375,-0.244140625
12812,1.142578125,1.171875,-0.107421875,-0.302734375
12813,1.15234375,1.240234375,-0.244140625,-0.1171875
12814,1.11328125,1.181640625,-0.234375,-0.302734375
12815,1.09375,1.220703125,-0.3515625,-0.3515625
12816,1.15234375,1.1328125,-0.205078125,-0.185546875
12817,1.337890625,1.26953125,-0.263671875,-0.244140625
12818,1.201171875,1.2109375,-0.205078125,-0.244140625
12819,1.11328125,1.201171875,-0.244140625,-0.3125
12820,1.03515625,1.1328125,-0.166015625,-0.25390625
12821,1.259765625,1.220703125,-0.126953125,-0.283203125
12822,1.123046875,1.26953125,-0.322265625,-0.29296875
12823,1.279296875,1.123046875,-0.166015625,-0.380859375
12824,1.201171875,1.259765625,-0.205078125,-0.302734375
12825,1.240234375,1.259765625,-0.087890625,-0.29296875
12826,1.181640625,1.162109375,-0.283203125,-0.25390625
12827,1.2109375,1.171875,-0.2734375,-0.3125
12828,1.07421875,1.2109375,-0.25390625,-0.302734375
12829,1.171875,1.201171875,-0.234375,-0.3125
12830,1.220703125,1.15234375,-0.224609375,-0.21484375
12831,1.171875,1.201171875,-0.205078125,-0.13671875
12832,1.07421875,1.2890625,-0.234375,-0.390625
12833,1.23046875,1.30859375,-0.185546875,-0.302734375
12834,1.11328125,1.171875,-0.21484375,-0.13671875
12835,1.162109375,1.25,-0.234375,-0.361328125
12836,1.2109375,1.07421875,-0.302734375,-0.2734375
12837,1.279296875,1.171875,-0.322265625,-0.302734375
12838,1.259765625,1.044921875,-0.244140625,-0.341796875
12839,1.181640625,1.318359375,-0.2734375,-0.341796875
12840,1.25,1.123046875,-0.1953125,-0.44921875
12841,1.25,1.2109375,-0.15625,-0.25390625
12842,1.220703125,1.1328125,-0.263671875,-0.37109375
12843,1.181640625,1.2890625,-0.234375,-0.224609375
12844,1.279296875,1.220703125,-0.29296875,-0.3515625
12845,1.162109375,1.15234375,-0.3515625,-0.302734375
12846,1.25,1.2109375,-0.322265625,-0.3515625
12847,1.181640625,1.201171875,-0.224609375,-0.263671875
12848,1.19140625,1.30859375,-0.25390625,-0.302734375
12849,1.201171875,1.171875,-0.146484375,-0.263671875
12850,1.201171875,1.19140625,-0.234375,-0.283203125
12851,1.25,1.26953125,-0.25390625,-0.3515625
12852,1.2109375,1.26953125,-0.33203125,-0.1953125
12853,1.23046875,1.142578125,-0.25390625,-0.322265625
12854,1.337890625,1.259765625,-0.13671875,-0.361328125
12855,1.240234375,1.15234375,-0.263671875,-0.44921875
12856,1.259765625,1.25,-0.224609375,-0.302734375
12857,1.25,1.23046875,-0.283203125,-0.2734375
12858,1.298828125,1.19140625,-0.166015625,-0.283203125
12859,1.11328125,1.25,-0.263671875,-0.21484375
12860,1.25,1.162109375,-0.390625,-0.37109375
12861,1.19140625,1.201171875,-0.21484375,-0.4296875
12862,1.396484375,1.19140625,-0.224609375,-0.3515625
12863,1.171875,1.2109375,-0.263671875,-0.380859375
12864,1.220703125,1.3671875,-0.29296875,-0.283203125
12865,1.396484375,1.25,-0.234375,-0.29296875
12866,1.279296875,1.259765625,-0.1953125,-0.380859375
12867,1.240234375,1.25,-0.15625,-0.341796875
12868,1.30859375,1.240234375,-0.322265625,-0.263671875
12869,1.34765625,1.11328125,-0.21484375,-0.390625
12870,1.25,1.220703125,-0.17578125,-0.234375
12871,1.279296875,1.171875,-0.107421875,-0.29296875
12872,1.23046875,1.240234375,-0.17578125,-0.322265625
12873,1.2890625,1.34765625,-0.17578125,-0.341796875
12874,1.298828125,1.201171875,-0.224609375,-0.283203125
12875,1.220703125,1.46484375,-0.263671875,-0.3515625
12876,1.26953125,1.40625,-0.380859375,-0.283203125
12877,1.162109375,1.181640625,-0.185546875,-0.263671875
12878,1.220703125,1.2109375,-0.2734375,-0.361328125
12879,1.376953125,1.298828125,-0.1953125,-0.302734375
12880,1.337890625,1.23046875,-0.1953125,-0.263671875
12881,1.376953125,1.123046875,-0.224609375,-0.322265625
12882,1.38671875,1.26953125,-0.234375,-0.283203125
12883,1.2890625,1.279296875,-0.21484375,-0.25390625
12884,1.337890625,1.376953125,-0.400390625,-0.25390625
12885,1.40625,1.220703125,-0.21484375,-0.3125
12886,1.376953125,1.25,-0.3125,-0.224609375
12887,1.318359375,1.1328125,-0.3125,-0.3125
12888,1.396484375,1.337890625,-0.234375,-0.33203125
12889,1.30859375,1.2109375,-0.302734375,-0.390625
12890,1.25,1.171875,-0.361328125,-0.29296875
12891,1.318359375,1.11328125,-0.322265625,-0.33203125
12892,1.38671875,1.15234375,-0.322265625,-0.41015625
12893,1.26953125,1.2890625,-0.2734375,-0.25390625
12894,1.279296875,1.181640625,-0.15625,-0.37109375
12895,1.171875,1.171875,-0.185546875,-0.263671875
12896,1.298828125,1.279296875,-0.263671875,-0.2734375
12897,1.23046875,1.298828125,-0.263671875,-0.341796875
12898,1.162109375,1.298828125,-0.1953125,-0.4296875
12899,1.181640625,1.220703125,-0.283203125,-0.37109375
12900,1.34765625,1.240234375,-0.25390625,-0.302734375
12901,1.240234375,1.298828125,-0.166015625,-0.244140625
12902,1.2109375,1.2890625,-0.244140625,-0.380859375
12903,1.328125,1.162109375,-0.15625,-0.341796875
12904,1.337890625,1.279296875,-0.205078125,-0.3125
12905,1.328125,1.201171875,-0.263671875,-0.3125
12906,1.240234375,1.2890625,-0.126953125,-0.33203125
12907,1.171875,1.34765625,-0.25390625,-0.37109375
12908,1.201171875,1.2890625,-0.244140625,-0.546875
12909,1.318359375,1.38671875,-0.283203125,-0.37109375
12910,1.220703125,1.328125,-0.234375,-0.46875
12911,1.259765625,1.162109375,-0.234375,-0.380859375
12912,1.2890625,1.328125,-0.1953125,-0.439453125
12913,1.240234375,1.25,-0.439453125,-0.33203125
12914,1.123046875,1.220703125,-0.29296875,-0.3125
12915,1.23046875,1.357421875,-0.185546875,-0.41015625
12916,1.23046875,1.220703125,-0.244140625,-0.341796875
12917,1.26953125,1.181640625,-0.224609375,-0.1953125
12918,1.328125,1.201171875,-0.3125,-0.400390625
12919,1.259765625,1.328125,-0.146484375,-0.4296875
12920,1.2890625,1.2109375,-0.2734375,-0.48828125
12921,1.30859375,1.298828125,-0.37109375,-0.390625
12922,1.162109375,1.09375,-0.322265625,-0.224609375
12923,1.23046875,1.2890625,-0.2734375,-0.595703125
12924,1.240234375,1.23046875,-0.21484375,-0.341796875
12925,1.23046875,1.23046875,-0.234375,-0.2734375
12926,1.2109375,1.23046875,-0.263671875,-0.48828125
12927,1.240234375,1.2109375,-0.15625,-0.41015625
12928,1.23046875,1.376953125,-0.185546875,-0.2734375
12929,1.298828125,1.30859375,-0.224609375,-0.361328125
12930,1.3671875,1.30859375,-0.3125,-0.361328125
12931,1.26953125,1.298828125,-0.322265625,-0.439453125
12932,1.25,1.220703125,-0.166015625,-0.2734375
12933,1.279296875,1.19140625,-0.263671875,-0.380859375
12934,1.30859375,1.19140625,-0.21484375,-0.380859375
12935,1.240234375,1.220703125,-0.25390625,-0.44921875
12936,1.181640625,1.25,-0.25390625,-0.390625
12937,1.19140625,1.181640625,-0.263671875,-0.322265625
12938,1.240234375,1.201171875,-0.17578125,-0.3515625
12939,1.2109375,1.103515625,-0.1171875,-0.283203125
12940,1.25,1.171875,-0.263671875,-0.33203125
12941,1.181640625,1.171875,-0.234375,-0.29296875
12942,1.162109375,1.0546875,-0.380859375,-0.46875
12943,1.181640625,1.11328125,-0.15625,-0.419921875
12944,1.23046875,1.25,-0.2734375,-0.390625
12945,1.220703125,1.328125,-0.25390625,-0.400390625
12946,1.298828125,1.26953125,-0.205078125,-0.361328125
12947,1.19140625,1.201171875,-0.2734375,-0.361328125
12948,1.162109375,1.259765625,-0.185546875,-0.341796875
12949,1.171875,1.19140625,-0.37109375,-0.419921875
12950,1.181640625,1.11328125,-0.322265625,-0.29296875
12951,1.083984375,1.03515625,-0.234375,-0.380859375
12952,1.15234375,1.162109375,-0.17578125,-0.3515625
12953,1.181640625,1.162109375,-0.263671875,-0.5078125
12954,1.07421875,1.19140625,-0.244140625,-0.380859375
12955,1.2109375,1.103515625,-0.263671875,-0.390625
12956,1.09375,1.2109375,-0.3125,-0.5078125
12957,1.279296875,1.11328125,-0.234375,-0.41015625
12958,1.142578125,1.2109375,-0.146484375,-0.361328125
12959,1.25,1.142578125,-0.263671875,-0.380859375
12960,1.09375,1.142578125,-0.205078125,-0.517578125
12961,1.240234375,1.220703125,-0.1953125,-0.361328125
12962,1.083984375,1.11328125,-0.185546875,-0.419921875
12963,1.15234375,1.181640625,-0.17578125,-0.4296875
12964,1.181640625,1.162109375,-0.244140625,-0.3125
12965,1.123046875,1.15234375,-0.283203125,-0.263671875
12966,1.201171875,1.25,-0.283203125,-0.400390625
12967,1.220703125,1.259765625,-0.2734375,-0.361328125
12968,1.19140625,1.2109375,-0.322265625,-0.1171875
12969,1.171875,1.1328125,-0.25390625,-0.341796875
12970,1.1328125,1.181640625,-0.302734375,-0.3125
12971,1.025390625,1.15234375,-0.107421875,-0.234375
12972,1.240234375,1.142578125,-0.21484375,-0.380859375
12973,1.142578125,1.2109375,-0.126953125,-0.380859375
12974,1.11328125,1.162109375,-0.25390625,-0.17578125
12975,1.11328125,1.220703125,-0.234375,-0.322265625
12976,1.181640625,1.09375,-0.29296875,-0.302734375
12977,1.15234375,1.23046875,-0.322265625,-0.37109375
12978,1.298828125,1.201171875,-0.263671875,-0.37109375
12979,1.19140625,1.23046875,-0.33203125,-0.341796875
12980,1.25,1.181640625,-0.322265625,-0.25390625
12981,1.328125,1.044921875,-0.25390625,-0.44921875
12982,1.162109375,0.986328125,-0.244140625,-0.4296875
12983,1.201171875,1.103515625,-0.166015625,-0.380859375
12984,1.328125,1.09375,-0.21484375,-0.419921875
12985,1.298828125,1.103515625,-0.21484375,-0.361328125
12986,1.298828125,1.103515625,-0.234375,-0.21484375
12987,1.220703125,1.083984375,-0.21484375,-0.263671875
12988,1.25,1.171875,-0.302734375,-0.302734375
12989,1.201171875,1.1328125,-0.1953125,-0.41015625
12990,1.181640625,1.11328125,-0.224609375,-0.283203125
12991,1.26953125,1.103515625,-0.341796875,-0.4296875
12992,1.25,1.025390625,-0.146484375,-0.341796875
12993,1.162109375,1.07421875,-0.283203125,-0.41015625
12994,1.142578125,1.240234375,-0.263671875,-0.29296875
12995,1.26953125,1.142578125,-0.224609375,-0.3515625
12996,1.34765625,1.142578125,-0.283203125,-0.341796875
12997,1.2109375,1.07421875,-0.146484375,-0.302734375
12998,1.240234375,1.162109375,-0.322265625,-0.341796875
12999,1.318359375,1.162109375,-0.234375,-0.537109375
13000,1.328125,1.0546875,-0.244140625,-0.302734375
13001,1.25,1.142578125,-0.15625,-0.322265625
13002,1.26953125,1.11328125,-0.185546875,-0.33203125
13003,1.19140625,1.09375,-0.13671875,-0.25390625
13004,1.201171875,1.103515625,-0.1953125,-0.322265625
13005,1.298828125,1.123046875,-0.21484375,-0.244140625
13006,1.181640625,1.1328125,-0.25390625,-0.3515625
13007,1.25,0.91796875,-0.234375,-0.380859375
13008,1.201171875,0.95703125,-0.068359375,-0.3515625
13009,1.25,1.015625,-0.15625,-0.2734375
13010,1.259765625,0.91796875,-0.1953125,-0.302734375
13011,1.19140625,0.966796875,-0.21484375,-0.2734375
13012,1.357421875,0.76171875,-0.17578125,-0.380859375
13013,1.162109375,1.0546875,-0.29296875,-0.205078125
13014,1.142578125,0.9375,-0.13671875,-0.224609375
13015,1.162109375,0.966796875,-0.25390625,-0.322265625
13016,1.220703125,0.87890625,-0.166015625,-0.390625
13017,1.09375,1.044921875,-0.146484375,-0.41015625
13018,1.201171875,0.986328125,-0.13671875,-0.37109375
13019,1.201171875,1.005859375,-0.09765625,-0.25390625
13020,1.259765625,0.927734375,-0.1953125,-0.5078125
13021,1.23046875,0.986328125,-0.185546875,-0.322265625
13022,1.11328125,0.869140625,-0.2734375,-0.302734375
13023,1.19140625,0.986328125,-0.380859375,-0.21484375
13024,1.171875,0.859375,-0.283203125,-0.302734375
13025,1.259765625,1.005859375,-0.29296875,-0.3125
13026,1.171875,0.99609375,-0.25390625,-0.234375
13027,1.240234375,0.927734375,-0.29296875,-0.17578125
13028,1.1328125,0.908203125,-0.302734375,-0.17578125
13029,1.15234375,0.986328125,-0.302734375,-0.478515625
13030,1.318359375,0.986328125,-0.244140625,-0.25390625
13031,1.201171875,1.03515625,-0.3515625,-0.234375
13032,1.19140625,1.03515625,-0.37109375,-0.205078125
13033,1.123046875,1.025390625,-0.263671875,-0.341796875
13034,1.2109375,0.947265625,-0.244140625,-0.3515625
13035,1.2109375,1.083984375,-0.224609375,-0.21484375
13036,1.23046875,0.9375,-0.244140625,-0.302734375
13037,1.162109375,1.03515625,-0.17578125,-0.29296875
13038,1.23046875,0.9375,-0.3515625,-0.4296875
13039,1.25,1.025390625,-0.302734375,-0.302734375
13040,1.123046875,1.005859375,-0.2734375,-0.2734375
13041,1.162109375,0.9765625,-0.234375,-0.380859375
13042,1.181640625,1.03515625,-0.234375,-0.25390625
13043,1.171875,1.015625,-0.25390625,-0.361328125
13044,1.220703125,0.99609375,-0.1953125,-0.283203125
13045,1.19140625,1.044921875,-0.244140625,-0.2734375
13046,1.19140625,1.0546875,-0.263671875,-0.3515625
13047,1.220703125,1.025390625,-0.15625,-0.107421875
13048,1.15234375,1.03515625,-0.17578125,-0.341796875
13049,1.19140625,1.005859375,-0.29296875,-0.25390625
13050,1.25,1.015625,-0.166015625,-0.302734375
13051,1.171875,1.03515625,-0.341796875,-0.3515625
13052,1.23046875,1.064453125,-0.224609375,-0.29296875
13053,1.181640625,1.005859375,-0.166015625,-0.1953125
13054,1.142578125,1.025390625,-0.234375,-0.439453125
13055,1.25,1.005859375,-0.15625,-0.29296875
13056,1.25,1.07421875,-0.078125,-0.41015625
13057,1.083984375,1.044921875,-0.205078125,-0.400390625
13058,1.181640625,1.015625,-0.234375,-0.33203125
13059,1.220703125,0.9765625,-0.15625,-0.244140625
13060,1.201171875,0.986328125,-0.21484375,-0.234375
13061,1.15234375,1.103515625,-0.224609375,-0.2734375
13062,1.23046875,0.9765625,-0.13671875,-0.361328125
13063,1.181640625,1.005859375,-0.263671875,-0.1953125
13064,1.220703125,1.09375,-0.1953125,-0.37109375
13065,1.181640625,0.99609375,-0.17578125,-0.25390625
13066,1.220703125,1.025390625,-0.21484375,-0.283203125
13067,1.181640625,1.064453125,-0.21484375,-0.400390625
13068,1.26953125,0.986328125,-0.439453125,-0.29296875
13069,1.25,1.03515625,-0.2734375,-0.234375
13070,1.30859375,1.083984375,-0.146484375,-0.41015625
13071,1.1328125,1.044921875,-0.21484375,-0.234375
13072,1.1328125,1.03515625,-0.341796875,-0.3515625
13073,1.30859375,0.9765625,-0.205078125,-0.3125
13074,1.181640625,0.8984375,-0.185546875,-0.3125
13075,1.259765625,1.044921875,-0.166015625,-0.2734375
13076,1.181640625,1.015625,-0.205078125,-0.33203125
13077,1.23046875,0.927734375,-0.283203125,-0.2734375
13078,1.279296875,1.005859375,-0.244140625,-0.4296875
13079,1.298828125,1.083984375,-0.21484375,-0.244140625
13080,1.201171875,1.044921875,-0.126953125,-0.263671875
13081,1.0546875,1.123046875,-0.234375,-0.302734375
13082,1.2109375,1.171875,-0.21484375,-0.29296875
13083,1.19140625,1.044921875,-0.25390625,-0.263671875
13084,1.103515625,1.123046875,-0.244140625,-0.244140625
13085,1.11328125,0.986328125,-0.185546875,-0.341796875
13086,1.15234375,1.1328125,-0.263671875,-0.205078125
13087,1.15234375,1.0546875,-0.21484375,-0.185546875
13088,1.142578125,1.064453125,-0.185546875,-0.25390625
13089,1.09375,1.03515625,-0.322265625,-0.263671875
13090,1.25,1.123046875,-0.1953125,-0.146484375
13091,1.123046875,1.0546875,-0.205078125,-0.29296875
13092,1.15234375,1.123046875,-0.078125,-0.25390625
13093,1.142578125,1.103515625,-0.25390625,-0.25390625
13094,1.25,1.015625,-0.21484375,-0.17578125
13095,1.23046875,1.162109375,-0.126953125,-0.224609375
13096,1.181640625,1.07421875,-0.09765625,-0.322265625
13097,1.11328125,1.025390625,-0.205078125,-0.302734375
13098,1.123046875,0.95703125,-0.21484375,-0.2734375
13099,1.23046875,1.005859375,-0.21484375,-0.25390625
13100,1.19140625,1.11328125,-0.17578125,-0.33203125
13101,1.1328125,0.95703125,-0.234375,-0.234375
13102,1.142578125,1.064453125,-0.166015625,-0.29296875
13103,1.123046875,1.09375,-0.15625,-0.234375
13104,1.2109375,1.064453125,-0.302734375,-0.25390625
13105,1.171875,1.03515625,-0.25390625,-0.283203125
13106,1.201171875,1.083984375,-0.1953125,-0.2734375
13107,1.171875,1.064453125,-0.244140625,-0.283203125
13108,1.15234375,1.123046875,-0.107421875,-0.234375
13109,1.09375,1.025390625,-0.1171875,-0.2734375
13110,1.19140625,1.07421875,-0.126953125,-0.244140625
13111,1.2109375,1.103515625,-0.17578125,-0.224609375
13112,1.123046875,1.07421875,-0.224609375,-0.185546875
13113,1.142578125,1.064453125,-0.126953125,-0.234375
13114,1.30859375,1.25,-0.166015625,-0.33203125
13115,1.25,1.0546875,-0.25390625,-0.390625
13116,1.25,1.0546875,-0.1953125,-0.263671875
13117,1.201171875,1.064453125,-0.146484375,-0.29296875
13118,1.220703125,1.123046875,-0.25390625,-0.37109375
13119,1.23046875,1.103515625,-0.1171875,-0.263671875
13120,1.298828125,1.181640625,-0.166015625,-0.302734375
13121,1.220703125,1.09375,-0.263671875,-0.439453125
13122,1.26953125,1.03515625,-0.234375,-0.283203125
13123,1.19140625,1.015625,-0.3125,-0.2734375
13124,1.15234375,1.0546875,-0.205078125,-0.361328125
13125,1.19140625,1.03515625,-0.322265625,-0.263671875
13126,1.25,1.015625,-0.15625,-0.283203125
13127,1.220703125,1.044921875,-0.205078125,-0.302734375
13128,1.162109375,0.95703125,-0.205078125,-0.283203125
13129,1.142578125,1.044921875,-0.244140625,-0.322265625
13130,1.171875,1.064453125,-0.166015625,-0.2734375
13131,1.123046875,1.044921875,-0.21484375,-0.1171875
13132,1.15234375,1.03515625,-0.09765625,-0.263671875
13133,1.2109375,1.064453125,-0.263671875,-0.390625
13134,1.171875,0.986328125,-0.283203125,-0.33203125
13135,1.171875,1.1328125,-0.166015625,-0.1953125
13136,1.162109375,0.986328125,-0.224609375,-0.068359375
13137,1.25,1.11328125,-0.234375,-0.21484375
13138,1.220703125,1.201171875,-0.263671875,-0.25390625
13139,1.083984375,1.123046875,-0.33203125,-0.21484375
13140,1.201171875,1.07421875,-0.283203125,-0.17578125
13141,1.171875,1.11328125,-0.29296875,-0.15625
13142,1.15234375,1.03515625,-0.33203125,0.048828125
13143,1.171875,1.11328125,-0.283203125,-0.17578125
13144,1.2109375,1.044921875,-0.185546875,-0.166015625
13145,1.162109375,1.142578125,-0.205078125,-0.1953125
13146,1.083984375,1.07421875,-0.224609375,-0.244140625
13147,1.240234375,1.162109375,-0.17578125,-0.15625
13148,1.201171875,1.0546875,-0.205078125,-0.3515625
13149,1.1328125,1.1328125,-0.283203125,-0.205078125
13150,1.162109375,1.03515625,-0.302734375,-0.283203125
13151,1.298828125,1.025390625,-0.283203125,-0.166015625
13152,1.19140625,0.9765625,-0.25390625,-0.166015625
13153,1.34765625,1.0546875,-0.1953125,-0.3125
13154,1.23046875,1.0546875,-0.263671875,-0.234375
13155,1.19140625,1.044921875,-0.263671875,-0.283203125
13156,1.23046875,1.015625,-0.146484375,-0.1953125
13157,1.181640625,1.19140625,-0.419921875,-0.25390625
13158,1.220703125,1.123046875,-0.244140625,0.01953125
13159,1.25,1.171875,-0.234375,-0.263671875
13160,1.19140625,1.15234375,-0.341796875,-0.341796875
13161,1.220703125,1.03515625,-0.234375,-0.380859375
13162,1.19140625,1.0546875,-0.1953125,-0.244140625
13163,1.11328125,1.083984375,-0.185546875,-0.283203125
13164,1.142578125,0.9765625,-0.224609375,-0.17578125
13165,1.181640625,0.9765625,-0.205078125,-0.244140625
13166,1.09375,1.083984375,-0.1953125,-0.341796875
13167,1.23046875,1.044921875,-0.244140625,-0.400390625
13168,1.240234375,1.064453125,-0.13671875,-0.322265625
13169,1.11328125,1.083984375,-0.107421875,-0.21484375
13170,1.025390625,1.083984375,-0.21484375,-0.25390625
13171,1.064453125,1.11328125,-0.244140625,-0.1953125
13172,1.162109375,1.07421875,-0.185546875,-0.21484375
13173,1.171875,1.0546875,-0.283203125,-0.302734375
13174,1.11328125,1.0546875,-0.283203125,-0.25390625
13175,1.083984375,1.181640625,-0.185546875,-0.390625
13176,1.083984375,1.044921875,-0.1953125,-0.068359375
13177,1.09375,0.869140625,-0.17578125,-0.2734375
13178,1.171875,1.0546875,-0.224609375,-0.224609375
13179,1.03515625,1.15234375,-0.21484375,-0.25390625
13180,1.19140625,1.123046875,-0.17578125,-0.263671875
13181,1.1328125,1.07421875,-0.341796875,-0.234375
13182,1.220703125,1.07421875,-0.15625,-0.1953125
13183,1.1328125,1.09375,-0.234375,-0.185546875
13184,1.162109375,1.298828125,-0.009765625,-0.1171875
13185,1.07421875,1.083984375,-0.263671875,-0.2734375
13186,1.0546875,0.95703125,-0.185546875,-0.419921875
13187,1.07421875,1.11328125,-0.166015625,-0.205078125
13188,1.103515625,1.03515625,-0.166015625,-0.17578125
13189,1.162109375,1.19140625,-0.224609375,-0.380859375
13190,1.11328125,1.201171875,-0.361328125,-0.234375
13191,0.99609375,1.181640625,-0.126953125,-0.29296875
13192,1.19140625,1.23046875,-0.25390625,-0.322265625
13193,1.142578125,1.298828125,-0.21484375,-0.3125
13194,1.083984375,1.201171875,-0.25390625,-0.302734375
13195,1.064453125,1.23046875,-0.224609375,-0.234375
13196,1.181640625,1.1328125,-0.166015625,-0.29296875
13197,1.15234375,1.171875,-0.234375,-0.322265625
13198,1.220703125,1.142578125,-0.263671875,-0.439453125
13199,1.26953125,1.1328125,-0.3125,-0.224609375
13200,1.2109375,1.23046875,-0.166015625,-0.322265625
13201,1.03515625,1.11328125,-0.283203125,-0.283203125
13202,1.0546875,1.083984375,-0.29296875,-0.21484375
13203,1.2109375,1.171875,-0.185546875,-0.166015625
13204,1.220703125,1.259765625,-0.15625,-0.283203125
13205,1.220703125,1.201171875,-0.3125,-0.263671875
13206,1.162109375,1.15234375,-0.25390625,-0.33203125
13207,1.2109375,1.11328125,-0.224609375,-0.3125
13208,1.30859375,1.181640625,-0.224609375,-0.3125
13209,1.240234375,1.162109375,-0.1953125,-0.2734375
13210,1.044921875,1.171875,-0.1953125,-0.13671875
13211,1.38671875,1.26953125,-0.126953125,-0.283203125
13212,1.259765625,1.1328125,-0.224609375,-0.29296875
13213,1.123046875,1.123046875,-0.224609375,-0.3125
13214,1.171875,1.23046875,-0.146484375,-0.322265625
13215,1.328125,1.181640625,-0.4296875,-0.283203125
13216,1.279296875,1.220703125,-0.166015625,-0.33203125
13217,1.279296875,1.083984375,-0.263671875,-0.2734375
13218,1.23046875,1.162109375,-0.224609375,-0.01953125
13219,1.259765625,1.19140625,-0.21484375,-0.244140625
13220,1.11328125,1.11328125,-0.1953125,-0.29296875
13221,1.2890625,1.181640625,-0.25390625,-0.341796875
13222,1.162109375,1.181640625,-0.17578125,-0.322265625
13223,1.15234375,0.95703125,-0.126953125,-0.234375
13224,1.23046875,1.220703125,-0.25390625,-0.341796875
13225,1.181640625,1.1328125,-0.21484375,-0.185546875
13226,1.2109375,1.123046875,-0.146484375,-0.1953125
13227,1.142578125,1.279296875,-0.361328125,-0.3515625
13228,1.26953125,1.15234375,-0.205078125,-0.263671875
13229,1.181640625,1.15234375,-0.166015625,-0.2734375
13230,1.142578125,1.11328125,-0.15625,-0.3515625
13231,1.171875,1.083984375,-0.322265625,-0.390625
13232,1.25,1.259765625,-0.302734375,-0.2734375
13233,1.142578125,1.162109375,-0.25390625,-0.1953125
13234,1.07421875,1.220703125,-0.283203125,-0.25390625
13235,1.2109375,1.09375,-0.29296875,-0.205078125
13236,1.123046875,1.123046875,-0.21484375,-0.244140625
13237,1.162109375,1.201171875,-0.1953125,-0.361328125
13238,1.201171875,1.240234375,-0.166015625,-0.322265625
13239,1.201171875,1.240234375,-0.322265625,-0.3125
13240,1.318359375,1.162109375,-0.263671875,-0.2734375
13241,1.171875,1.181640625,-0.21484375,-0.29296875
13242,1.181640625,1.1328125,-0.283203125,-0.29296875
13243,1.318359375,1.142578125,-0.224609375,-0.361328125
13244,1.171875,1.2109375,-0.25390625,-0.2734375
13245,1.19140625,1.142578125,-0.0390625,-0.29296875
13246,1.142578125,1.142578125,-0.3125,-0.341796875
13247,1.25,1.162109375,-0.37109375,-0.2734375
13248,1.259765625,1.279296875,-0.3125,-0.3125
13249,1.19140625,1.201171875,-0.322265625,-0.517578125
13250,1.15234375,1.162109375,-0.21484375,-0.3125
13251,1.240234375,1.083984375,-0.3515625,-0.302734375
13252,1.171875,1.171875,-0.361328125,-0.25390625
13253,1.240234375,1.1328125,-0.205078125,-0.2734375
13254,1.171875,1.38671875,-0.13671875,-0.283203125
13255,1.23046875,1.162109375,-0.17578125,-0.3125
13256,1.181640625,1.162109375,-0.2734375,-0.3125
13257,1.19140625,1.181640625,-0.1953125,-0.283203125
13258,1.25,1.25,-0.17578125,-0.283203125
13259,1.220703125,1.171875,-0.263671875,-0.1953125
13260,1.142578125,1.2109375,-0.224609375,-0.33203125
13261,1.19140625,1.162109375,-0.244140625,-0.205078125
13262,1.2109375,1.259765625,-0.234375,-0.322265625
13263,1.26953125,1.1328125,-0.29296875,-0.3515625
13264,1.337890625,1.2109375,-0.2734375,-0.2734375
13265,1.064453125,1.201171875,-0.283203125,-0.263671875
13266,1.142578125,0.99609375,-0.380859375,-0.29296875
13267,1.171875,1.19140625,-0.283203125,-0.400390625
13268,1.142578125,1.142578125,-0.283203125,-0.25390625
13269,1.171875,1.318359375,-0.21484375,-0.29296875
13270,1.201171875,1.201171875,-0.37109375,-0.29296875
13271,1.201171875,1.162109375,-0.283203125,-0.380859375
13272,1.201171875,0.986328125,-0.146484375,-0.25390625
13273,1.15234375,1.181640625,-0.21484375,-0.3515625
13274,1.1328125,1.15234375,-0.302734375,-0.244140625
13275,1.123046875,1.07421875,-0.29296875,-0.29296875
13276,1.1328125,1.123046875,-0.29296875,-0.25390625
13277,1.259765625,1.201171875,-0.224609375,-0.380859375
13278,1.103515625,1.23046875,-0.244140625,-0.263671875
13279,1.181640625,1.142578125,-0.302734375,-0.302734375
13280,1.1328125,1.142578125,-0.2734375,-0.25390625
13281,1.220703125,1.15234375,-0.322265625,-0.29296875
13282,1.2109375,1.201171875,-0.3125,-0.263671875
13283,1.240234375,1.1328125,-0.224609375,-0.390625
13284,1.26953125,1.142578125,-0.17578125,-0.302734375
13285,1.2109375,1.201171875,-0.37109375,-0.283203125
13286,1.25,1.09375,-0.244140625,-0.302734375
13287,1.23046875,1.259765625,-0.2734375,-0.2734375
13288,1.25,1.171875,-0.146484375,-0.322265625
13289,1.26953125,1.23046875,-0.1953125,-0.419921875
13290,1.259765625,1.23046875,-0.234375,-0.25390625
13291,1.15234375,1.220703125,-0.46875,-0.419921875
13292,1.25,1.162109375,-0.29296875,-0.302734375
13293,1.220703125,1.19140625,-0.17578125,-0.29296875
13294,1.259765625,1.181640625,-0.263671875,-0.3125
13295,1.25,1.171875,-0.29296875,-0.2734375
13296,1.25,1.171875,-0.25390625,-0.283203125
13297,1.2890625,1.19140625,-0.44921875,-0.341796875
13298,1.30859375,1.171875,-0.087890625,-0.2734375
13299,1.396484375,1.357421875,-0.234375,-0.33203125
13300,1.30859375,1.142578125,-0.41015625,-0.3125
13301,1.50390625,1.181640625,-0.361328125,-0.361328125
13302,1.201171875,1.23046875,-0.3125,-0.25390625
13303,1.328125,1.201171875,-0.3515625,-0.263671875
13304,1.298828125,1.220703125,-0.15625,-0.44921875
13305,1.279296875,1.38671875,-0.234375,-0.322265625
13306,1.3671875,1.19140625,-0.21484375,-0.37109375
13307,1.2890625,1.26953125,-0.29296875,-0.244140625
13308,1.3671875,1.162109375,-0.234375,-0.341796875
13309,1.357421875,1.259765625,-0.21484375,-0.361328125
13310,1.162109375,1.220703125,-0.224609375,-0.361328125
13311,1.4453125,1.240234375,-0.25390625,-0.361328125
13312,1.30859375,1.34765625,-0.166015625,-0.44921875
13313,1.240234375,1.2109375,-0.361328125,-0.60546875
13314,1.357421875,1.25,-0.234375,-0.419921875
13315,1.42578125,1.201171875,-0.439453125,-0.380859375
13316,1.376953125,1.259765625,-0.29296875,-0.48828125
13317,1.34765625,1.25,-0.29296875,-0.439453125
13318,1.328125,1.025390625,-0.263671875,-0.390625
13319,1.2890625,1.337890625,-0.17578125,-0.380859375
13320,1.337890625,1.2890625,-0.3125,-0.44921875
13321,1.298828125,1.2109375,-0.322265625,-0.390625
13322,1.357421875,1.23046875,-0.29296875,-0.37109375
13323,1.30859375,1.26953125,-0.25390625,-0.361328125
13324,1.318359375,1.34765625,-0.263671875,-0.419921875
13325,1.23046875,1.259765625,-0.3515625,-0.29296875
13326,1.2890625,1.25,-0.302734375,-0.37109375
13327,1.279296875,1.2109375,-0.33203125,-0.361328125
13328,1.30859375,1.26953125,-0.15625,-0.458984375
13329,1.3671875,1.34765625,-0.263671875,-0.361328125
13330,1.25,1.220703125,-0.25390625,-0.380859375
13331,1.171875,1.328125,-0.15625,-0.419921875
13332,1.259765625,1.2890625,-0.25390625,-0.33203125
13333,1.25,1.298828125,-0.146484375,-0.380859375
13334,1.19140625,1.25,-0.322265625,-0.17578125
13335,1.34765625,1.337890625,-0.234375,-0.3515625
13336,1.220703125,1.25,-0.390625,-0.33203125
13337,1.240234375,1.259765625,-0.283203125,-0.3125
13338,1.19140625,1.259765625,-0.21484375,-0.390625
13339,1.181640625,1.328125,-0.2734375,-0.37109375
13340,1.26953125,1.259765625,-0.29296875,-0.29296875
13341,1.279296875,1.2890625,-0.283203125,-0.3515625
13342,1.162109375,1.279296875,-0.234375,-0.263671875
13343,1.240234375,1.19140625,-0.322265625,-0.263671875
13344,1.19140625,1.240234375,-0.244140625,-0.3125
13345,1.220703125,1.0546875,-0.29296875,-0.439453125
13346,1.23046875,1.181640625,-0.244140625,-0.400390625
13347,1.123046875,1.201171875,-0.302734375,-0.361328125
13348,1.2109375,1.201171875,-0.15625,-0.361328125
13349,1.162109375,1.2109375,-0.185546875,-0.302734375
13350,1.162109375,1.103515625,-0.21484375,-0.400390625
13351,1.09375,1.181640625,-0.390625,-0.302734375
13352,1.19140625,1.2109375,-0.302734375,-0.390625
13353,1.23046875,1.15234375,-0.234375,-0.009765625
13354,1.171875,1.181640625,-0.283203125,-0.37109375
13355,1.240234375,1.220703125,-0.322265625,-0.458984375
13356,1.181640625,1.30859375,-0.224609375,-0.390625
13357,1.26953125,1.181640625,-0.205078125,-0.4296875
13358,1.15234375,1.1328125,-0.341796875,-0.44921875
13359,1.25,1.220703125,-0.126953125,-0.498046875
13360,1.220703125,1.171875,-0.3125,-0.439453125
13361,1.23046875,1.181640625,-0.224609375,-0.4296875
13362,1.23046875,1.15234375,-0.322265625,-0.5078125
13363,1.240234375,1.2109375,-0.087890625,-0.380859375
13364,1.181640625,1.19140625,-0.17578125,-0.458984375
13365,1.09375,1.201171875,-0.283203125,-0.44921875
13366,1.19140625,1.23046875,-0.17578125,-0.390625
13367,1.240234375,1.298828125,-0.185546875,-0.390625
13368,1.15234375,1.171875,-0.224609375,-0.5078125
13369,1.26953125,1.15234375,-0.2734375,-0.400390625
13370,1.357421875,1.005859375,-0.1953125,-0.33203125
13371,1.123046875,1.11328125,-0.263671875,-0.576171875
13372,1.181640625,1.42578125,-0.185546875,-0.44921875
13373,1.240234375,1.259765625,-0.244140625,-0.361328125
13374,1.083984375,1.23046875,-0.2734375,-0.33203125
13375,1.240234375,1.259765625,-0.322265625,-0.400390625
13376,1.240234375,1.318359375,-0.33203125,-0.41015625
13377,1.220703125,1.337890625,-0.33203125,-0.205078125
13378,1.142578125,1.19140625,-0.244140625,-0.341796875
13379,1.240234375,1.11328125,-0.29296875,-0.4296875
13380,1.064453125,1.337890625,-0.1953125,-0.341796875
13381,1.142578125,1.42578125,-0.302734375,-0.517578125
13382,1.083984375,1.357421875,-0.244140625,-0.400390625
13383,1.1328125,1.26953125,-0.107421875,-0.595703125
13384,1.171875,1.171875,-0.1171875,-0.3515625
13385,1.142578125,1.19140625,-0.21484375,-0.44921875
13386,1.11328125,1.162109375,-0.107421875,-0.263671875
13387,1.19140625,1.181640625,-0.17578125,-0.322265625
13388,1.07421875,1.0546875,-0.322265625,-0.380859375
13389,1.181640625,1.2109375,-0.166015625,-0.41015625
13390,1.171875,1.201171875,-0.15625,-0.37109375
13391,1.142578125,1.11328125,-0.244140625,-0.283203125
13392,1.15234375,1.240234375,-0.25390625,-0.33203125
13393,1.181640625,1.26953125,-0.21484375,-0.322265625
13394,1.201171875,1.6015625,-0.224609375,-0.341796875
13395,1.162109375,1.201171875,-0.1953125,-0.29296875
13396,1.142578125,1.328125,-0.21484375,-0.3125
13397,1.103515625,1.171875,-0.234375,-0.400390625
13398,1.103515625,1.005859375,-0.400390625,-0.654296875
13399,1.19140625,1.1328125,-0.2734375,-0.21484375
13400,1.162109375,1.083984375,-0.3125,-0.322265625
13401,1.083984375,1.064453125,-0.302734375,-0.33203125
13402,1.064453125,1.123046875,-0.263671875,-0.302734375
13403,1.142578125,1.0546875,-0.2734375,-0.380859375
13404,1.201171875,1.09375,-0.3515625,-0.419921875
13405,1.25,1.064453125,-0.341796875,-0.37109375
13406,1.201171875,1.1328125,-0.1171875,-0.400390625
13407,1.26953125,1.0546875,-0.283203125,-0.439453125
13408,1.318359375,1.142578125,-0.244140625,-0.478515625
13409,1.23046875,1.025390625,-0.25390625,-0.37109375
13410,1.259765625,1.123046875,-0.166015625,-0.52734375
13411,1.279296875,1.11328125,-0.1953125,-0.361328125
13412,1.38671875,1.09375,-0.185546875,-0.361328125
13413,1.26953125,1.123046875,-0.205078125,-0.29296875
13414,1.25,1.103515625,-0.263671875,-0.537109375
13415,1.38671875,0.947265625,-0.205078125,-0.3515625
13416,1.220703125,1.015625,-0.33203125,-0.400390625
13417,1.2109375,1.03515625,-0.21484375,-0.41015625
13418,1.220703125,0.9765625,-0.205078125,-0.37109375
13419,1.201171875,1.07421875,-0.17578125,-0.390625
13420,1.103515625,1.123046875,-0.17578125,-0.33203125
13421,1.23046875,0.95703125,-0.13671875,-0.390625
13422,1.30859375,1.015625,-0.3515625,-0.263671875
13423,1.201171875,1.083984375,-0.15625,-0.322265625
13424,1.240234375,1.015625,-0.1953125,-0.3125
13425,1.142578125,1.07421875,-0.283203125,-0.29296875
13426,1.240234375,1.03515625,-0.09765625,-0.3515625
13427,1.162109375,1.064453125,-0.263671875,-0.341796875
13428,1.25,0.859375,-0.21484375,-0.29296875
13429,1.19140625,1.0546875,-0.087890625,-0.302734375
13430,1.328125,1.0546875,-0.205078125,-0.37109375
13431,1.318359375,1.025390625,-0.13671875,-0.37109375
13432,1.30859375,1.03515625,-0.205078125,-0.390625
13433,1.1328125,1.005859375,-0.1953125,-0.361328125
13434,1.19140625,1.03515625,-0.205078125,-0.341796875
13435,1.240234375,1.11328125,-0.21484375,-0.537109375
13436,1.181640625,1.025390625,-0.244140625,-0.3125
13437,1.19140625,1.09375,-0.29296875,-0.400390625
13438,1.0546875,1.09375,-0.048828125,-0.361328125
13439,1.25,1.0546875,-0.1953125,-0.322265625
13440,1.123046875,0.95703125,-0.25390625,-0.3125
13441,1.279296875,0.927734375,-0.185546875,-0.3515625
13442,1.298828125,1.11328125,-0.146484375,-0.322265625
13443,1.19140625,0.9375,-0.224609375,-0.341796875
13444,1.220703125,1.0546875,-0.15625,-0.46875
13445,1.142578125,1.09375,-0.1171875,-0.3125
13446,1.07421875,0.87890625,-0.166015625,-0.263671875
13447,1.123046875,1.025390625,-0.13671875,-0.556640625
13448,1.083984375,1.044921875,-0.13671875,-0.29296875
13449,1.142578125,1.005859375,-0.2734375,-0.3125
13450,1.15234375,1.005859375,-0.15625,-0.263671875
13451,1.162109375,1.015625,-0.205078125,-0.25390625
13452,1.1328125,1.09375,-0.126953125,-0.302734375
13453,1.220703125,1.064453125,-0.33203125,-0.3515625
13454,1.240234375,0.9375,-0.244140625,-0.185546875
13455,1.23046875,0.966796875,-0.205078125,-0.302734375
13456,1.171875,1.044921875,-0.1953125,-0.439453125
13457,1.25,1.03515625,-0.21484375,-0.126953125
13458,1.181640625,1.025390625,-0.234375,-0.2734375
13459,1.181640625,0.9765625,-0.185546875,-0.2734375
13460,1.1328125,1.005859375,-0.21484375,-0.361328125
13461,1.2109375,1.005859375,-0.244140625,-0.380859375
13462,1.171875,1.064453125,-0.322265625,-0.244140625
13463,1.07421875,0.9765625,-0.234375,-0.341796875
13464,1.201171875,0.99609375,-0.361328125,-0.25390625
13465,1.1328125,0.9765625,-0.29296875,-0.380859375
13466,1.1328125,0.9765625,-0.29296875,-0.283203125
13467,1.2109375,0.908203125,-0.33203125,-0.322265625
13468,1.259765625,0.8984375,-0.17578125,-0.341796875
13469,1.23046875,0.99609375,-0.21484375,-0.419921875
13470,1.318359375,1.025390625,-0.1171875,-0.3125
13471,1.1328125,1.123046875,-0.439453125,-0.302734375
13472,1.171875,0.888671875,-0.205078125,-0.478515625
13473,1.26953125,1.083984375,-0.1171875,-0.322265625
13474,1.2109375,1.11328125,-0.205078125,-0.361328125
13475,1.162109375,1.083984375,-0.0390625,-0.46875
13476,1.279296875,0.966796875,-0.244140625,-0.361328125
13477,1.240234375,1.03515625,-0.3125,-0.3125
13478,1.23046875,1.03515625,-0.205078125,-0.205078125
13479,1.240234375,0.966796875,-0.205078125,-0.439453125
13480,1.123046875,0.859375,-0.25390625,-0.4296875
13481,1.318359375,1.0546875,-0.25390625,-0.44921875
13482,1.259765625,0.986328125,-0.205078125,-0.380859375
13483,1.162109375,0.9375,-0.15625,-0.439453125
13484,1.201171875,1.025390625,-0.244140625,-0.458984375
13485,1.2109375,1.201171875,-0.302734375,-0.400390625
13486,1.201171875,0.986328125,-0.224609375,-0.41015625
13487,1.201171875,1.025390625,-0.263671875,-0.205078125
13488,1.25,1.025390625,-0.15625,-0.390625
13489,1.25,0.947265625,-0.1171875,-0.380859375
13490,1.162109375,1.025390625,-0.224609375,-0.361328125
13491,1.19140625,1.025390625,-0.234375,-0.380859375
13492,1.2109375,1.103515625,-0.224609375,-0.419921875
13493,1.201171875,0.99609375,-0.3125,-0.107421875
13494,1.142578125,0.947265625,-0.234375,-0.302734375
13495,1.162109375,1.03515625,-0.234375,-0.29296875
13496,1.083984375,1.03515625,-0.25390625,-0.361328125
13497,1.240234375,0.91796875,-0.234375,-0.244140625
13498,1.171875,0.986328125,-0.400390625,-0.322265625
13499,1.162109375,1.005859375,-0.224609375,-0.1953125
13500,1.23046875,0.947265625,-0.1953125,-0.205078125
13501,1.30859375,1.03515625,-0.21484375,-0.302734375
13502,1.07421875,1.07421875,-0.1953125,-0.234375
13503,1.11328125,0.966796875,-0.302734375,-0.185546875
13504,1.220703125,0.99609375,-0.15625,-0.25390625
13505,1.064453125,1.015625,-0.224609375,-0.244140625
13506,1.1328125,1.162109375,-0.166015625,-0.25390625
13507,1.162109375,1.005859375,-0.283203125,-0.322265625
13508,1.123046875,1.044921875,-0.166015625,-0.4296875
13509,1.0546875,0.95703125,-0.21484375,-0.224609375
13510,1.123046875,1.07421875,-0.15625,-0.33203125
13511,1.23046875,0.986328125,-0.09765625,-0.283203125
13512,1.2109375,0.927734375,-0.234375,-0.341796875
13513,1.19140625,1.044921875,-0.439453125,-0.3125
13514,1.142578125,1.064453125,-0.244140625,-0.224609375
13515,1.240234375,1.11328125,-0.1953125,-0.2734375
13516,1.123046875,1.025390625,-0.439453125,-0.302734375
13517,1.083984375,1.07421875,-0.234375,-0.2734375
13518,1.1328125,1.03515625,-0.244140625,-0.09765625
13519,1.25,1.103515625,-0.224609375,-0.283203125
13520,1.11328125,1.005859375,-0.21484375,-0.390625
13521,1.171875,0.99609375,-0.2734375,-0.2734375
13522,1.2109375,1.044921875,-0.234375,-0.25390625
13523,1.19140625,1.103515625,-0.205078125,-0.29296875
13524,1.11328125,1.083984375,-0.17578125,-0.244140625
13525,1.181640625,1.015625,-0.17578125,-0.25390625
13526,1.201171875,1.103515625,-0.25390625,-0.4296875
13527,1.201171875,1.09375,-0.185546875,-0.13671875
13528,1.2109375,1.09375,-0.224609375,-0.2734375
13529,1.162109375,1.07421875,-0.2734375,-0.302734375
13530,1.181640625,1.083984375,-0.185546875,-0.234375
13531,1.1328125,1.220703125,-0.244140625,-0.361328125
13532,1.07421875,1.11328125,-0.4296875,-0.2734375
13533,1.11328125,1.11328125,-0.2734375,-0.107421875
13534,1.162109375,1.142578125,-0.3125,-0.126953125
13535,1.23046875,1.083984375,-0.3515625,-0.224609375
13536,1.11328125,1.083984375,-0.244140625,-0.185546875
13537,1.181640625,1.103515625,-0.146484375,-0.341796875
13538,1.171875,1.07421875,-0.21484375,-0.1953125
13539,1.162109375,1.15234375,-0.1171875,-0.263671875
13540,1.15234375,1.123046875,-0.1953125,-0.17578125
13541,1.142578125,1.103515625,-0.17578125,-0.13671875
13542,1.181640625,1.103515625,-0.13671875,-0.458984375
13543,1.2109375,1.162109375,-0.15625,-0.15625
13544,1.044921875,1.064453125,-0.126953125,-0.2734375
13545,1.09375,1.103515625,-0.205078125,-0.234375
13546,1.240234375,1.025390625,-0.146484375,-0.3125
13547,1.220703125,1.142578125,-0.244140625,-0.234375
13548,1.240234375,1.015625,-0.15625,-0.1953125
13549,1.328125,1.220703125,-0.1953125,-0.2734375
13550,1.259765625,0.99609375,-0.25390625,-0.21484375
13551,1.2109375,1.181640625,-0.224609375,-0.25390625
13552,1.19140625,1.005859375,-0.263671875,-0.25390625
13553,1.201171875,1.07421875,-0.15625,-0.244140625
13554,1.171875,1.083984375,-0.283203125,-0.205078125
13555,1.083984375,1.1328125,-0.322265625,-0.302734375
13556,1.23046875,1.123046875,-0.2734375,-0.2734375
13557,1.26953125,1.103515625,-0.263671875,-0.29296875
13558,1.30859375,1.23046875,-0.2734375,-0.3515625
13559,1.259765625,1.064453125,-0.2734375,-0.33203125
13560,1.201171875,1.064453125,-0.302734375,-0.224609375
13561,1.07421875,1.03515625,-0.25390625,-0.33203125
13562,1.1328125,1.0546875,-0.361328125,-0.29296875
13563,1.26953125,1.11328125,-0.29296875,-0.283203125
13564,1.26953125,1.083984375,-0.29296875,-0.263671875
13565,1.2109375,1.123046875,-0.263671875,-0.283203125
13566,1.03515625,1.005859375,-0.3125,-0.244140625
13567,1.07421875,1.03515625,-0.283203125,-0.166015625
13568,1.1328125,1.318359375,-0.33203125,-0.244140625
13569,1.103515625,1.15234375,-0.361328125,-0.21484375
13570,1.26953125,1.064453125,-0.3125,-0.17578125
13571,1.123046875,1.044921875,-0.244140625,-0.205078125
13572,1.0546875,1.044921875,-0.2734375,-0.205078125
13573,1.2109375,1.005859375,-0.29296875,-0.263671875
13574,1.123046875,1.083984375,-0.361328125,-0.244140625
13575,1.201171875,1.064453125,-0.29296875,-0.263671875
13576,1.171875,1.0546875,-0.2734375,-0.25390625
13577,1.23046875,1.03515625,-0.25390625,-0.25390625
13578,1.15234375,1.103515625,-0.205078125,-0.3515625
13579,1.2109375,1.064453125,-0.2734375,-0.13671875
13580,1.15234375,0.966796875,-0.341796875,-0.21484375
13581,1.11328125,1.044921875,-0.224609375,-0.283203125
13582,1.19140625,1.07421875,-0.29296875,-0.29296875
13583,1.162109375,1.09375,-0.244140625,-0.107421875
13584,1.1328125,1.11328125,-0.244140625,-0.185546875
13585,1.09375,1.025390625,-0.283203125,-0.263671875
13586,1.07421875,1.005859375,-0.234375,-0.263671875
13587,1.142578125,1.005859375,-0.205078125,-0.17578125
13588,1.2109375,0.9765625,-0.224609375,-0.2734375
13589,1.09375,1.11328125,-0.234375,-0.205078125
13590,1.2109375,1.03515625,-0.283203125,-0.185546875
13591,1.083984375,1.07421875,-0.21484375,-0.09765625
13592,1.19140625,1.103515625,-0.283203125,-0.263671875
13593,1.181640625,1.09375,-0.205078125,-0.263671875
13594,1.07421875,1.005859375,-0.1171875,-0.498046875
13595,1.2109375,1.15234375,-0.25390625,-0.25390625
13596,1.220703125,1.162109375,-0.1953125,-0.21484375
13597,1.142578125,1.09375,-0.234375,-0.5078125
13598,1.123046875,1.123046875,-0.126953125,-0.302734375
13599,1.171875,1.03515625,-0.263671875,-0.322265625
13600,1.11328125,1.07421875,-0.166015625,-0.185546875
13601,1.220703125,1.064453125,-0.224609375,-0.224609375
13602,1.162109375,1.259765625,-0.3125,-0.283203125
13603,1.26953125,1.07421875,-0.166015625,-0.3125
13604,1.083984375,1.015625,-0.13671875,-0.25390625
13605,1.201171875,0.95703125,-0.322265625,-0.224609375
13606,1.142578125,1.11328125,-0.21484375,-0.41015625
13607,1.2109375,1.142578125,-0.224609375,-0.244140625
13608,1.103515625,1.123046875,-0.1953125,-0.283203125
13609,1.26953125,1.142578125,-0.244140625,-0.29296875
13610,1.19140625,1.083984375,-0.185546875,-0.3125
13611,1.11328125,1.259765625,-0.322265625,-0.322265625
13612,0.99609375,1.103515625,-0.185546875,-0.3125
13613,1.0546875,0.99609375,-0.234375,-0.21484375
13614,1.142578125,1.220703125,-0.234375,-0.234375
13615,1.123046875,1.142578125,-0.146484375,-0.2734375
13616,1.201171875,1.11328125,-0.3125,-0.234375
13617,1.171875,1.162109375,-0.1953125,-0.29296875
13618,1.142578125,1.103515625,-0.244140625,-0.2734375
13619,1.1328125,0.966796875,-0.1953125,-0.4296875
13620,1.15234375,1.123046875,-0.25390625,-0.244140625
13621,1.11328125,1.162109375,-0.302734375,-0.146484375
13622,1.2109375,1.083984375,-0.263671875,-0.3125
13623,1.142578125,1.19140625,-0.21484375,-0.25390625
13624,1.1328125,1.2109375,-0.2734375,-0.166015625
13625,1.201171875,1.2890625,-0.15625,-0.21484375
13626,1.064453125,1.15234375,-0.21484375,-0.244140625
13627,1.09375,1.142578125,-0.1953125,-0.4296875
13628,1.19140625,1.26953125,-0.185546875,-0.283203125
13629,1.201171875,1.181640625,-0.263671875,-0.21484375
13630,1.240234375,1.181640625,-0.25390625,-0.185546875
13631,1.34765625,1.259765625,-0.205078125,-0.33203125
13632,1.259765625,1.03515625,-0.1953125,-0.1171875
13633,1.181640625,1.15234375,-0.21484375,-0.33203125
13634,1.181640625,1.2109375,-0.224609375,-0.15625
13635,1.1328125,1.0546875,-0.283203125,-0.37109375
13636,1.19140625,1.181640625,-0.25390625,-0.166015625
13637,1.09375,1.23046875,-0.224609375,-0.1953125
13638,1.0546875,0.9765625,-0.185546875,-0.244140625
13639,1.201171875,1.083984375,-0.1953125,-0.25390625
13640,1.2109375,1.201171875,-0.25390625,-0.2734375
13641,1.19140625,1.162109375,-0.15625,-0.234375
13642,1.201171875,1.19140625,-0.33203125,-0.224609375
13643,1.083984375,1.123046875,-0.234375,-0.283203125
13644,1.26953125,1.123046875,-0.21484375,-0.29296875
13645,1.2109375,1.123046875,-0.234375,-0.3515625
13646,1.26953125,1.220703125,-0.283203125,-0.234375
13647,1.2109375,1.162109375,-0.21484375,-0.126953125
13648,1.2109375,1.15234375,-0.15625,-0.166015625
13649,1.123046875,1.181640625,-0.244140625,-0.263671875
13650,1.201171875,1.1328125,-0.244140625,-0.2734375
13651,1.318359375,1.171875,-0.1953125,-0.185546875
13652,1.2109375,1.201171875,-0.205078125,-0.146484375
13653,1.201171875,1.25,-0.0390625,-0.283203125
13654,1.26953125,1.142578125,-0.224609375,-0.244140625
13655,1.220703125,1.2109375,-0.15625,-0.2734375
13656,1.083984375,1.201171875,-0.25390625,-0.3125
13657,1.09375,1.2890625,0.029296875,-0.244140625
13658,1.103515625,1.181640625,-0.185546875,-0.439453125
13659,1.181640625,1.171875,-0.25390625,-0.263671875
13660,1.162109375,1.1328125,-0.25390625,-0.3125
13661,1.123046875,1.142578125,-0.263671875,-0.166015625
13662,1.07421875,1.279296875,-0.25390625,-0.380859375
13663,1.171875,1.171875,-0.25390625,-0.205078125
13664,1.162109375,1.240234375,-0.244140625,-0.1953125
13665,1.103515625,1.2109375,-0.25390625,-0.29296875
13666,1.142578125,1.2109375,-0.400390625,-0.234375
13667,0.9765625,1.220703125,-0.302734375,-0.2734375
13668,1.044921875,1.142578125,-0.244140625,-0.185546875
13669,1.09375,1.181640625,-0.13671875,-0.263671875
13670,1.38671875,1.2890625,-0.224609375,-0.15625
13671,1.2109375,1.337890625,-0.322265625,-0.224609375
13672,1.26953125,1.162109375,-0.234375,-0.224609375
13673,1.259765625,1.15234375,-0.3515625,-0.390625
13674,1.279296875,1.1328125,-0.283203125,-0.2734375
13675,1.240234375,1.064453125,-0.48828125,-0.263671875
13676,1.23046875,1.259765625,-0.3515625,-0.25390625
13677,1.15234375,1.298828125,-0.37109375,-0.29296875
13678,1.25,1.25,-0.185546875,-0.29296875
13679,1.240234375,1.240234375,-0.341796875,-0.29296875
13680,1.2109375,1.2109375,-0.302734375,-0.29296875
13681,1.25,1.201171875,-0.224609375,-0.283203125
13682,1.171875,1.201171875,-0.322265625,-0.25390625
13683,1.19140625,1.26953125,-0.234375,-0.29296875
13684,1.25,1.201171875,-0.322265625,-0.283203125
13685,1.123046875,1.25,-0.302734375,-0.244140625
13686,1.19140625,1.201171875,-0.25390625,-0.302734375
13687,1.2109375,1.23046875,-0.25390625,-0.322265625
13688,1.201171875,1.240234375,-0.263671875,-0.2734375
13689,1.23046875,1.23046875,-0.3125,-0.13671875
13690,1.15234375,1.240234375,-0.21484375,-0.234375
13691,1.201171875,1.26953125,-0.380859375,-0.380859375
13692,1.07421875,1.23046875,-0.244140625,-0.17578125
13693,1.2109375,1.123046875,-0.17578125,-0.234375
13694,1.26953125,1.181640625,-0.1953125,-0.1953125
13695,1.259765625,1.162109375,-0.2734375,-0.263671875
13696,1.083984375,1.220703125,-0.302734375,-0.2734375
13697,1.19140625,1.142578125,-0.224609375,-0.2734375
13698,1.171875,1.15234375,-0.234375,-0.302734375
13699,1.142578125,1.142578125,-0.244140625,-0.302734375
13700,1.259765625,1.201171875,-0.3515625,-0.3125
13701,1.201171875,1.201171875,-0.283203125,-0.4296875
13702,1.23046875,1.1328125,-0.15625,-0.3515625
13703,1.2109375,1.220703125,-0.107421875,-0.263671875
13704,1.19140625,1.162109375,-0.25390625,-0.1953125
13705,1.162109375,1.2109375,-0.146484375,-0.390625
13706,1.15234375,1.26953125,-0.234375,-0.41015625
13707,1.19140625,1.181640625,-0.283203125,-0.390625
13708,1.23046875,1.162109375,-0.224609375,-0.3515625
13709,1.19140625,1.083984375,-0.322265625,-0.244140625
13710,1.240234375,1.103515625,-0.234375,-0.361328125
13711,1.19140625,1.123046875,-0.068359375,-0.46875
13712,1.23046875,1.15234375,-0.15625,-0.2734375
13713,1.318359375,1.162109375,-0.244140625,-0.537109375
13714,1.23046875,1.162109375,-0.1171875,-0.3515625
13715,1.279296875,1.1328125,-0.302734375,-0.37109375
13716,1.220703125,1.11328125,-0.322265625,-0.283203125
13717,1.201171875,1.005859375,-0.107421875,-0.3515625
13718,1.181640625,1.2109375,-0.244140625,-0.3515625
13719,1.220703125,1.123046875,-0.21484375,-0.33203125
13720,1.318359375,1.240234375,-0.244140625,-0.380859375
13721,1.171875,1.25,-0.17578125,-0.283203125
13722,1.23046875,1.30859375,-0.263671875,-0.400390625
13723,1.23046875,1.201171875,-0.185546875,-0.29296875
13724,1.15234375,1.279296875,-0.205078125,-0.37109375
13725,1.26953125,1.279296875,-0.21484375,-0.3125
13726,1.298828125,1.11328125,-0.263671875,-0.234375
13727,1.30859375,1.26953125,-0.185546875,-0.341796875
13728,1.220703125,1.2109375,-0.244140625,-0.283203125
13729,1.30859375,1.103515625,-0.33203125,-0.29296875
13730,1.2109375,1.25,-0.263671875,-0.390625
13731,1.318359375,1.259765625,-0.283203125,-0.29296875
13732,1.337890625,1.279296875,-0.3515625,-0.3515625
13733,1.318359375,1.240234375,-0.361328125,-0.41015625
13734,1.357421875,1.240234375,-0.29296875,-0.146484375
13735,1.259765625,1.19140625,-0.3515625,-0.33203125
13736,1.259765625,1.279296875,-0.33203125,-0.33203125
13737,1.30859375,1.25,-0.25390625,-0.283203125
13738,1.416015625,1.30859375,-0.25390625,-0.3125
13739,1.3671875,1.337890625,-0.341796875,-0.41015625
13740,1.279296875,1.298828125,-0.322265625,-0.41015625
13741,1.23046875,1.2890625,-0.2734375,-0.302734375
13742,1.23046875,1.25,-0.302734375,-0.322265625
13743,1.26953125,1.279296875,-0.302734375,-0.380859375
13744,1.396484375,1.318359375,-0.2734375,-0.390625
13745,1.259765625,1.26953125,-0.078125,-0.419921875
13746,1.318359375,1.240234375,-0.25390625,-0.498046875
13747,1.396484375,1.279296875,-0.244140625,-0.380859375
13748,1.376953125,1.337890625,-0.15625,-0.302734375
13749,1.337890625,1.2109375,-0.126953125,-0.390625
13750,1.162109375,1.26953125,-0.322265625,-0.234375
13751,1.337890625,1.40625,-0.1171875,-0.361328125
13752,1.171875,1.23046875,-0.21484375,-0.37109375
13753,1.298828125,1.15234375,-0.263671875,-0.302734375
13754,1.357421875,1.23046875,-0.25390625,-0.25390625
13755,1.2109375,1.26953125,-0.25390625,-0.263671875
13756,1.279296875,1.2109375,-0.224609375,-0.390625
13757,1.328125,1.25,-0.244140625,-0.322265625
13758,1.328125,1.318359375,-0.302734375,-0.380859375
13759,1.30859375,1.25,-0.244140625,-0.52734375
13760,1.298828125,1.181640625,-0.166015625,-0.400390625
13761,1.376953125,1.220703125,-0.283203125,-0.44921875
13762,1.162109375,1.15234375,-0.234375,-0.29296875
13763,1.357421875,1.2890625,-0.234375,-0.37109375
13764,1.25,1.23046875,-0.17578125,-0.419921875
13765,1.357421875,1.259765625,-0.234375,-0.517578125
13766,1.259765625,1.240234375,-0.302734375,-0.380859375
13767,1.220703125,1.25,-0.166015625,-0.380859375
13768,1.1328125,1.220703125,-0.25390625,-0.3515625
13769,1.181640625,1.328125,-0.205078125,-0.37109375
13770,1.259765625,1.3671875,-0.224609375,-0.419921875
13771,1.298828125,1.240234375,-0.361328125,-0.44921875
13772,1.171875,1.279296875,-0.146484375,-0.263671875
13773,1.181640625,1.23046875,-0.205078125,-0.283203125
13774,1.279296875,1.2890625,-0.224609375,-0.244140625
13775,1.26953125,1.328125,-0.17578125,-0.21484375
13776,1.181640625,1.201171875,-0.17578125,-0.517578125
13777,1.19140625,1.23046875,-0.2734375,-0.205078125
13778,1.15234375,1.240234375,-0.322265625,-0.3125
13779,1.23046875,1.25,-0.3125,-0.380859375
13780,1.240234375,1.220703125,-0.283203125,-0.09765625
13781,1.2109375,1.23046875,-0.3125,-0.29296875
13782,1.298828125,1.19140625,-0.263671875,-0.283203125
13783,1.083984375,1.279296875,-0.322265625,-0.390625
13784,1.15234375,1.25,-0.302734375,-0.361328125
13785,1.25,1.474609375,-0.3515625,-0.234375
13786,1.26953125,1.259765625,-0.21484375,-0.390625
13787,1.201171875,1.30859375,-0.25390625,-0.380859375
13788,1.240234375,1.25,-0.166015625,-0.302734375
13789,1.181640625,1.220703125,-0.21484375,-0.400390625
13790,1.201171875,1.181640625,-0.21484375,-0.2734375
13791,1.240234375,1.1328125,-0.205078125,-0.419921875
13792,1.1328125,1.171875,-0.224609375,-0.322265625
13793,1.23046875,1.15234375,-0.21484375,-0.361328125
13794,1.11328125,1.23046875,-0.234375,-0.4296875
13795,1.162109375,1.181640625,-0.17578125,-0.41015625
13796,1.162109375,1.435546875,-0.21484375,-0.361328125
13797,1.298828125,1.220703125,-0.15625,-0.41015625
13798,1.201171875,1.23046875,-0.185546875,-0.3515625
13799,1.103515625,1.259765625,-0.224609375,-0.419921875
13800,1.279296875,1.30859375,-0.1953125,-0.3125
13801,1.171875,1.19140625,-0.244140625,-0.419921875
13802,1.171875,1.0546875,-0.205078125,-0.37109375
13803,1.1328125,1.19140625,-0.3125,-0.361328125
13804,1.19140625,1.220703125,-0.322265625,-0.322265625
13805,1.2890625,1.2109375,-0.2734375,-0.390625
13806,1.23046875,1.181640625,-0.263671875,-0.302734375
13807,1.19140625,1.23046875,-0.33203125,-0.400390625
13808,1.19140625,1.2890625,-0.3125,-0.44921875
13809,1.142578125,1.240234375,-0.341796875,-0.400390625
13810,1.19140625,1.279296875,-0.400390625,-0.390625
13811,1.142578125,1.240234375,-0.33203125,-0.4296875
13812,1.201171875,1.19140625,-0.302734375,-0.361328125
13813,1.259765625,1.259765625,-0.302734375,-0.263671875
13814,1.201171875,1.220703125,-0.2734375,-0.419921875
13815,1.23046875,1.376953125,-0.09765625,-0.390625
13816,1.25,1.2109375,-0.15625,-0.17578125
13817,1.23046875,1.23046875,-0.21484375,-0.380859375
13818,1.259765625,1.0546875,-0.15625,-0.37109375
13819,1.19140625,1.11328125,-0.205078125,-0.400390625
13820,1.201171875,1.23046875,-0.205078125,-0.5859375
13821,1.201171875,1.1328125,-0.185546875,-0.380859375
13822,1.240234375,1.2109375,-0.2734375,-0.390625
13823,1.15234375,1.044921875,-0.2734375,-0.361328125
13824,1.23046875,1.220703125,-0.107421875,-0.380859375
13825,1.181640625,1.171875,-0.1953125,-0.29296875
13826,1.162109375,1.2109375,-0.21484375,-0.283203125
13827,1.15234375,1.1328125,-0.3515625,-0.4296875
13828,1.2109375,0.9765625,-0.478515625,-0.44921875
13829,1.201171875,1.11328125,-0.302734375,-0.224609375
13830,1.162109375,1.103515625,-0.302734375,-0.341796875
13831,1.2109375,0.9765625,-0.2734375,-0.33203125
13832,1.15234375,1.09375,-0.341796875,-0.3125
13833,1.171875,1.07421875,-0.185546875,-0.380859375
13834,1.220703125,1.044921875,-0.107421875,-0.37109375
13835,1.23046875,1.07421875,-0.33203125,-0.46875
13836,1.201171875,1.123046875,-0.185546875,-0.390625
13837,1.23046875,1.07421875,-0.37109375,-0.37109375
13838,1.25,1.064453125,-0.234375,-0.33203125
13839,1.201171875,1.083984375,-0.3125,-0.44921875
13840,1.23046875,0.888671875,-0.341796875,-0.3515625
13841,1.181640625,1.07421875,-0.205078125,-0.3515625
13842,1.15234375,1.083984375,-0.146484375,-0.322265625
13843,1.240234375,1.181640625,-0.05859375,-0.361328125
13844,1.142578125,1.11328125,-0.15625,-0.41015625
13845,1.2109375,1.11328125,-0.263671875,-0.380859375
13846,1.162109375,1.064453125,-0.1953125,-0.25390625
13847,1.259765625,1.123046875,-0.263671875,-0.44921875
13848,1.240234375,1.2109375,-0.21484375,-0.361328125
13849,1.240234375,1.0546875,-0.13671875,-0.361328125
13850,1.298828125,1.005859375,-0.224609375,-0.4296875
13851,1.23046875,1.09375,-0.263671875,-0.458984375
13852,1.162109375,1.025390625,-0.13671875,-0.380859375
13853,1.34765625,1.09375,-0.234375,-0.37109375
13854,1.220703125,0.986328125,-0.21484375,-0.3515625
13855,1.30859375,0.947265625,-0.263671875,-0.341796875
13856,1.396484375,1.044921875,-0.341796875,-0.33203125
13857,1.279296875,1.015625,-0.244140625,-0.5078125
13858,1.25,1.005859375,-0.107421875,-0.33203125
13859,1.279296875,0.927734375,-0.234375,-0.517578125
13860,1.142578125,0.8984375,-0.263671875,-0.361328125
13861,1.259765625,0.927734375,-0.1953125,-0.3515625
13862,1.220703125,1.005859375,-0.13671875,-0.341796875
13863,1.25,0.927734375,-0.244140625,-0.3125
13864,1.26953125,0.947265625,-0.29296875,-0.322265625
13865,1.279296875,0.91796875,-0.263671875,-0.17578125
13866,1.318359375,1.064453125,-0.283203125,-0.44921875
13867,1.142578125,0.966796875,-0.185546875,-0.400390625
13868,1.25,1.025390625,-0.166015625,-0.361328125
13869,1.240234375,0.830078125,-0.205078125,-0.234375
13870,1.142578125,0.986328125,-0.1953125,-0.3125
13871,1.337890625,1.09375,-0.1953125,-0.302734375
13872,1.318359375,0.947265625,-0.224609375,-0.37109375
13873,1.23046875,1.09375,-0.283203125,-0.41015625
13874,1.318359375,0.99609375,-0.185546875,-0.15625
13875,1.25,1.015625,-0.25390625,-0.21484375
13876,1.240234375,1.03515625,-0.234375,-0.302734375
13877,1.220703125,1.09375,-0.263671875,-0.33203125
13878,1.328125,1.07421875,-0.205078125,-0.341796875
13879,1.201171875,1.0546875,-0.0390625,-0.302734375
13880,1.279296875,1.07421875,-0.302734375,-0.205078125
13881,1.162109375,1.03515625,-0.263671875,-0.234375
13882,1.25,0.986328125,-0.1953125,-0.3125
13883,1.259765625,1.083984375,-0.166015625,-0.2734375
13884,1.181640625,1.015625,-0.2734375,-0.302734375
13885,1.201171875,1.09375,-0.33203125,-0.33203125
13886,1.26953125,1.083984375,-0.283203125,-0.380859375
13887,1.181640625,1.15234375,-0.21484375,-0.341796875
13888,1.240234375,1.103515625,-0.09765625,-0.390625
13889,1.19140625,1.15234375,-0.185546875,-0.419921875
13890,1.220703125,1.015625,-0.1171875,-0.3515625
13891,1.123046875,0.9765625,-0.234375,-0.3515625
13892,1.162109375,0.966796875,-0.2734375,-0.41015625
13893,1.2109375,1.015625,-0.224609375,-0.341796875
13894,1.171875,1.083984375,-0.166015625,-0.29296875
13895,1.142578125,1.025390625,-0.25390625,-0.302734375
13896,1.201171875,0.947265625,-0.1953125,-0.3125
13897,1.26953125,1.083984375,-0.166015625,-0.322265625
13898,1.298828125,1.07421875,-0.25390625,-0.33203125
13899,1.201171875,0.9375,-0.1953125,-0.458984375
13900,1.123046875,1.09375,-0.1171875,-0.33203125
13901,1.201171875,1.03515625,-0.25390625,-0.33203125
13902,1.23046875,0.888671875,-0.15625,-0.33203125
13903,1.279296875,1.015625,-0.322265625,-0.341796875
13904,1.279296875,1.03515625,-0.224609375,-0.3515625
13905,1.181640625,0.95703125,-0.224609375,-0.41015625
13906,1.19140625,1.044921875,-0.234375,-0.302734375
13907,1.25,1.03515625,-0.17578125,-0.361328125
13908,1.19140625,1.083984375,-0.17578125,-0.498046875
13909,1.25,0.947265625,-0.263671875,-0.244140625
13910,1.25,0.8984375,-0.263671875,-0.234375
13911,1.015625,0.99609375,-0.2734375,-0.33203125
13912,1.15234375,1.015625,-0.205078125,-0.37109375
13913,1.201171875,1.03515625,-0.17578125,-0.33203125
13914,1.19140625,1.064453125,-0.283203125,-0.380859375
13915,1.2109375,1.0546875,-0.244140625,-0.341796875
13916,1.220703125,1.123046875,-0.224609375,-0.390625
13917,1.171875,1.025390625,-0.263671875,-0.458984375
13918,1.103515625,1.015625,-0.2734375,-0.341796875
13919,1.19140625,1.015625,-0.302734375,-0.380859375
13920,1.2109375,1.123046875,-0.341796875,-0.33203125
13921,1.2109375,1.03515625,-0.25390625,-0.29296875
13922,1.220703125,0.966796875,-0.33203125,-0.3515625
13923,1.2109375,1.03515625,-0.205078125,-0.361328125
13924,1.083984375,1.09375,-0.29296875,-0.419921875
13925,1.23046875,1.1328125,-0.361328125,-0.322265625
13926,1.23046875,0.95703125,-0.234375,-0.25390625
13927,1.1328125,1.005859375,-0.224609375,-0.25390625
13928,1.19140625,1.162109375,-0.234375,-0.37109375
13929,1.279296875,1.015625,-0.244140625,-0.3515625
13930,1.259765625,1.083984375,-0.33203125,-0.1953125
13931,1.181640625,1.044921875,-0.33203125,-0.29296875
13932,1.2109375,1.064453125,-0.166015625,-0.087890625
13933,1.171875,1.0546875,-0.29296875,-0.2734375
13934,1.162109375,1.083984375,-0.1953125,-0.283203125
13935,1.171875,1.083984375,-0.2734375,-0.1953125
13936,1.171875,1.015625,-0.25390625,-0.390625
13937,1.201171875,1.083984375,-0.283203125,-0.29296875
13938,1.34765625,1.044921875,-0.224609375,-0.341796875
13939,1.15234375,1.064453125,-0.205078125,-0.3125
13940,1.25,1.015625,-0.25390625,-0.283203125
13941,1.201171875,0.966796875,-0.15625,-0.46875
13942,1.11328125,1.015625,-0.244140625,-0.263671875
13943,1.15234375,1.162109375,-0.13671875,-0.380859375
13944,1.103515625,1.025390625,-0.263671875,-0.302734375
13945,1.083984375,0.986328125,-0.224609375,-0.205078125
13946,1.181640625,0.9375,0.0390625,-0.244140625
13947,1.142578125,1.09375,-0.185546875,-0.09765625
13948,1.201171875,1.07421875,-0.17578125,-0.2734375
13949,1.23046875,1.044921875,-0.25390625,-0.341796875
13950,1.240234375,1.07421875,-0.15625,-0.1953125
13951,1.15234375,0.986328125,-0.17578125,-0.05859375
13952,1.171875,0.95703125,-0.048828125,-0.263671875
13953,1.1328125,1.07421875,-0.3125,-0.33203125
13954,1.2109375,1.07421875,-0.29296875,-0.244140625
13955,1.201171875,1.07421875,-0.2734375,-0.341796875
13956,1.259765625,0.95703125,-0.33203125,-0.25390625
13957,1.259765625,1.07421875,-0.25390625,-0.224609375
13958,1.19140625,1.005859375,-0.234375,-0.361328125
13959,1.201171875,1.044921875,-0.322265625,-0.244140625
13960,1.220703125,1.09375,-0.322265625,-0.498046875
13961,1.240234375,1.0546875,-0.25390625,-0.29296875
13962,1.298828125,1.064453125,-0.17578125,-0.263671875
13963,1.162109375,1.03515625,-0.146484375,-0.361328125
13964,1.19140625,1.064453125,-0.322265625,-0.3125
13965,1.1328125,1.11328125,-0.283203125,-0.361328125
13966,1.220703125,1.11328125,-0.224609375,-0.322265625
13967,1.201171875,1.005859375,-0.21484375,-0.2734375
13968,1.171875,1.103515625,-0.33203125,-0.234375
13969,1.26953125,1.0546875,-0.185546875,-0.224609375
13970,1.220703125,1.0546875,-0.234375,-0.3125
13971,1.123046875,1.103515625,-0.234375,-0.21484375
13972,1.142578125,1.0546875,-0.15625,-0.1171875
13973,1.2109375,1.083984375,-0.1953125,-0.244140625
13974,1.11328125,1.083984375,-0.205078125,-0.185546875
13975,1.2109375,1.15234375,-0.234375,-0.302734375
13976,1.2109375,1.1328125,-0.224609375,-0.21484375
13977,1.23046875,1.220703125,-0.263671875,-0.21484375
13978,1.279296875,1.015625,-0.234375,-0.068359375
13979,1.171875,1.03515625,-0.234375,-0.234375
13980,1.220703125,1.03515625,-0.322265625,-0.3515625
13981,1.201171875,1.025390625,-0.244140625,-0.3125
13982,1.171875,1.2109375,-0.25390625,-0.1953125
13983,1.23046875,1.19140625,-0.263671875,-0.21484375
13984,1.279296875,1.025390625,-0.37109375,-0.33203125
13985,1.15234375,1.11328125,-0.3515625,-0.25390625
13986,1.240234375,1.083984375,-0.234375,-0.15625
13987,1.25,1.1328125,-0.322265625,-0.146484375
13988,1.201171875,0.986328125,-0.302734375,-0.15625
13989,1.142578125,0.9765625,-0.25390625,-0.263671875
13990,1.09375,1.23046875,-0.33203125,-0.37109375
13991,1.162109375,1.064453125,-0.3125,-0.224609375
13992,1.15234375,1.23046875,-0.21484375,-0.2734375
13993,1.298828125,1.07421875,-0.25390625,-0.29296875
13994,1.23046875,1.11328125,-0.3125,-0.205078125
13995,1.23046875,1.044921875,-0.185546875,-0.302734375
13996,1.2109375,1.064453125,-0.2734375,-0.21484375
13997,1.23046875,1.30859375,-0.283203125,-0.46875
13998,1.220703125,1.103515625,-0.302734375,-0.33203125
13999,1.259765625,1.03515625,-0.263671875,-0.390625
14000,1.044921875,1.03515625,-0.263671875,-0.234375
14001,1.201171875,1.103515625,-0.29296875,-0.322265625
14002,1.07421875,1.044921875,-0.37109375,-0.224609375
14003,1.0546875,1.07421875,-0.234375,-0.380859375
14004,1.11328125,1.0546875,-0.2734375,-0.283203125
14005,1.1328125,1.044921875,-0.205078125,-0.25390625
14006,1.07421875,1.03515625,-0.244140625,-0.224609375
14007,1.240234375,1.044921875,-0.29296875,-0.244140625
14008,1.181640625,1.07421875,-0.234375,-0.244140625
14009,1.201171875,1.044921875,-0.263671875,-0.37109375
14010,1.09375,0.8984375,-0.33203125,-0.087890625
14011,1.298828125,1.03515625,-0.361328125,-0.263671875
14012,1.1328125,1.123046875,-0.166015625,-0.2734375
14013,1.03515625,1.30859375,-0.341796875,-0.283203125
14014,1.1328125,0.986328125,-0.224609375,-0.2734375
14015,1.171875,1.0546875,-0.224609375,-0.322265625
14016,1.15234375,1.19140625,-0.166015625,-0.17578125
14017,1.171875,1.123046875,-0.263671875,-0.302734375
14018,1.15234375,1.123046875,-0.224609375,-0.166015625
14019,1.15234375,1.044921875,-0.2734375,-0.166015625
14020,1.201171875,1.11328125,-0.087890625,-0.224609375
14021,1.201171875,1.064453125,-0.1953125,-0.46875
14022,1.083984375,1.103515625,-0.166015625,-0.2734375
14023,1.064453125,1.11328125,-0.21484375,-0.234375
14024,1.123046875,1.15234375,-0.234375,-0.234375
14025,1.162109375,1.083984375,-0.224609375,-0.166015625
14026,1.2890625,1.123046875,-0.205078125,-0.244140625
14027,1.103515625,1.09375,-0.33203125,-0.302734375
14028,1.0546875,0.95703125,-0.166015625,-0.29296875
14029,1.19140625,1.1328125,-0.185546875,-0.15625
14030,1.2109375,1.19140625,-0.1171875,-0.3125
14031,1.181640625,1.181640625,-0.126953125,-0.283203125
14032,1.11328125,1.1328125,-0.341796875,-0.17578125
14033,1.142578125,1.1328125,-0.234375,-0.1953125
14034,1.220703125,1.142578125,-0.205078125,-0.224609375
14035,1.07421875,1.15234375,-0.048828125,-0.263671875
14036,1.083984375,1.1328125,-0.322265625,-0.33203125
14037,1.083984375,1.03515625,-0.21484375,-0.29296875
14038,1.142578125,1.34765625,-0.244140625,-0.244140625
14039,1.19140625,1.11328125,-0.3125,-0.29296875
14040,1.064453125,1.15234375,-0.205078125,-0.224609375
14041,1.162109375,1.1328125,-0.21484375,-0.263671875
14042,1.083984375,1.171875,-0.3515625,-0.21484375
14043,1.103515625,1.11328125,-0.17578125,-0.234375
14044,1.09375,1.09375,-0.244140625,-0.21484375
14045,1.25,1.11328125,-0.21484375,-0.244140625
14046,1.240234375,1.11328125,-0.224609375,-0.263671875
14047,1.19140625,1.298828125,-0.185546875,-0.322265625
14048,1.142578125,1.142578125,-0.234375,-0.3515625
14049,1.318359375,1.181640625,-0.224609375,-0.244140625
14050,1.181640625,1.240234375,-0.302734375,-0.205078125
14051,1.0546875,1.09375,-0.2734375,-0.322265625
14052,1.240234375,1.220703125,-0.21484375,-0.1953125
14053,1.240234375,1.123046875,-0.21484375,-0.234375
14054,1.2109375,1.181640625,-0.21484375,-0.205078125
14055,1.171875,1.171875,-0.224609375,-0.1953125
14056,1.171875,1.220703125,-0.29296875,-0.244140625
14057,1.142578125,1.123046875,-0.244140625,-0.234375
14058,1.171875,1.15234375,-0.1953125,-0.234375
14059,1.23046875,1.396484375,-0.146484375,-0.25390625
14060,1.23046875,1.19140625,-0.234375,-0.126953125
14061,1.220703125,1.220703125,-0.25390625,-0.361328125
14062,1.15234375,1.15234375,-0.390625,-0.283203125
14063,1.201171875,1.142578125,-0.068359375,-0.244140625
14064,1.15234375,1.171875,-0.33203125,-0.09765625
14065,1.220703125,1.201171875,-0.205078125,-0.2734375
14066,1.19140625,1.2109375,-0.25390625,-0.224609375
14067,1.25,1.142578125,-0.205078125,-0.302734375
14068,1.162109375,1.1328125,-0.185546875,-0.2734375
14069,1.11328125,1.15234375,-0.166015625,-0.361328125
14070,1.220703125,1.142578125,-0.2734375,-0.146484375
14071,1.0546875,1.181640625,-0.1171875,-0.263671875
14072,1.0546875,1.19140625,-0.283203125,-0.2734375
14073,1.2890625,1.181640625,-0.166015625,-0.41015625
14074,1.2890625,1.25,-0.17578125,-0.2734375
14075,1.162109375,1.181640625,-0.2734375,-0.341796875
14076,1.2109375,1.171875,-0.21484375,-0.498046875
14077,1.171875,1.171875,-0.21484375,-0.33203125
14078,1.19140625,1.26953125,-0.1953125,-0.3125
14079,1.201171875,1.142578125,-0.146484375,-0.302734375
14080,1.328125,1.171875,-0.185546875,-0.302734375
14081,1.2109375,1.259765625,-0.05859375,-0.33203125
14082,1.181640625,1.19140625,-0.126953125,-0.322265625
14083,1.30859375,1.26953125,-0.29296875,-0.380859375
14084,1.279296875,1.083984375,-0.107421875,-0.33203125
14085,1.162109375,1.2109375,-0.1953125,-0.283203125
14086,1.181640625,1.19140625,-0.166015625,-0.2734375
14087,1.15234375,1.171875,-0.244140625,-0.322265625
14088,1.044921875,1.181640625,-0.1953125,-0.33203125
14089,1.103515625,1.220703125,-0.17578125,-0.3125
14090,1.171875,1.181640625,-0.1953125,-0.37109375
14091,1.1328125,1.19140625,-0.263671875,-0.224609375
14092,1.220703125,1.142578125,-0.37109375,-0.2734375
14093,1.220703125,1.11328125,-0.087890625,-0.185546875
14094,1.201171875,1.181640625,-0.244140625,-0.46875
14095,1.11328125,1.162109375,-0.302734375,-0.341796875
14096,1.083984375,1.34765625,-0.17578125,-0.234375
14097,1.181640625,1.15234375,-0.2734375,-0.25390625
14098,1.240234375,1.083984375,-0.3125,-0.380859375
14099,1.1328125,1.044921875,-0.361328125,-0.283203125
14100,1.171875,1.171875,-0.419921875,-0.2734375
14101,1.1328125,1.083984375,-0.2734375,-0.263671875
14102,1.279296875,1.19140625,-0.2734375,-0.21484375
14103,1.30859375,1.2109375,-0.302734375,-0.17578125
14104,1.201171875,1.044921875,-0.37109375,-0.29296875
14105,1.19140625,1.171875,-0.283203125,-0.322265625
14106,1.171875,1.162109375,-0.322265625,-0.2734375
14107,1.279296875,1.25,-0.3125,-0.234375
14108,1.1328125,1.171875,-0.166015625,-0.3515625
14109,1.181640625,1.15234375,-0.224609375,-0.400390625
14110,1.1328125,1.298828125,-0.2734375,-0.322265625
14111,1.220703125,1.25,-0.283203125,-0.322265625
14112,1.201171875,1.240234375,-0.234375,-0.390625
14113,1.201171875,1.201171875,-0.322265625,-0.244140625
14114,1.123046875,1.103515625,-0.263671875,-0.33203125
14115,1.142578125,1.201171875,-0.283203125,-0.37109375
14116,1.2109375,1.0546875,-0.283203125,-0.224609375
14117,1.23046875,1.11328125,-0.3125,-0.29296875
14118,1.2109375,1.181640625,-0.302734375,-0.341796875
14119,1.11328125,1.259765625,-0.1953125,-0.09765625
14120,1.09375,1.240234375,-0.126953125,-0.419921875
14121,1.015625,1.23046875,-0.205078125,-0.44921875
14122,1.103515625,1.201171875,-0.244140625,-0.322265625
14123,1.044921875,1.240234375,-0.234375,-0.3515625
14124,1.142578125,1.09375,-0.244140625,-0.458984375
14125,1.123046875,1.1328125,-0.234375,-0.25390625
14126,1.201171875,1.298828125,-0.2734375,-0.3515625
14127,1.171875,1.2109375,-0.29296875,-0.3515625
14128,1.171875,1.11328125,-0.224609375,-0.322265625
14129,1.103515625,1.171875,-0.2734375,-0.3125
14130,1.181640625,1.1328125,-0.126953125,-0.4296875
14131,1.201171875,1.2109375,-0.263671875,-0.078125
14132,1.181640625,1.19140625,-0.341796875,-0.283203125
14133,1.201171875,1.171875,-0.15625,-0.302734375
14134,1.181640625,1.201171875,-0.25390625,-0.25390625
14135,1.171875,1.201171875,-0.244140625,-0.33203125
14136,1.162109375,1.15234375,-0.263671875,-0.263671875
14137,1.142578125,1.259765625,-0.302734375,-0.234375
14138,1.162109375,1.298828125,-0.234375,-0.1953125
14139,1.142578125,1.201171875,-0.17578125,-0.322265625
14140,1.26953125,1.123046875,-0.21484375,-0.3125
14141,1.337890625,1.162109375,-0.302734375,-0.29296875
14142,1.220703125,1.25,-0.21484375,-0.2734375
14143,1.34765625,1.23046875,-0.302734375,-0.3125
14144,1.259765625,1.142578125,-0.244140625,-0.3515625
14145,1.259765625,1.240234375,-0.29296875,-0.322265625
14146,1.279296875,1.181640625,-0.13671875,-0.244140625
14147,1.337890625,1.23046875,-0.2734375,-0.361328125
14148,1.2890625,1.201171875,-0.146484375,-0.3125
14149,1.34765625,1.181640625,-0.322265625,-0.263671875
14150,1.25,1.181640625,-0.234375,-0.361328125
14151,1.25,1.181640625,-0.322265625,-0.41015625
14152,1.25,1.23046875,-0.361328125,-0.166015625
14153,1.337890625,0.966796875,-0.29296875,-0.33203125
14154,1.259765625,1.162109375,-0.17578125,-0.390625
14155,1.2890625,1.201171875,-0.185546875,-0.322265625
14156,1.25,0.927734375,-0.244140625,-0.390625
14157,1.298828125,1.1328125,-0.29296875,-0.341796875
14158,1.240234375,1.162109375,-0.3515625,-0.2734375
14159,1.19140625,1.181640625,-0.224609375,-0.341796875
14160,1.171875,1.220703125,-0.341796875,-0.29296875
14161,1.2890625,1.15234375,-0.234375,-0.17578125
14162,1.357421875,1.2109375,-0.283203125,-0.29296875
14163,1.2890625,1.30859375,-0.21484375,-0.341796875
14164,1.396484375,1.318359375,-0.263671875,-0.3125
14165,1.30859375,1.26953125,-0.25390625,-0.3125
14166,1.30859375,1.30859375,-0.234375,-0.322265625
14167,1.25,1.23046875,-0.380859375,-0.380859375
14168,1.240234375,1.103515625,-0.25390625,-0.3125
14169,1.279296875,1.26953125,-0.361328125,-0.361328125
14170,1.103515625,1.25,-0.224609375,-0.44921875
14171,1.25,1.23046875,-0.1953125,-0.322265625
14172,1.298828125,1.376953125,-0.244140625,-0.390625
14173,1.1328125,1.19140625,-0.29296875,-0.361328125
14174,1.240234375,1.337890625,-0.29296875,-0.341796875
14175,1.240234375,1.1328125,-0.29296875,-0.3515625
14176,1.162109375,1.26953125,-0.25390625,-0.224609375
14177,1.298828125,1.357421875,-0.21484375,-0.4296875
14178,1.181640625,1.1328125,-0.15625,-0.37109375
14179,1.2109375,1.23046875,-0.234375,-0.283203125
14180,1.2109375,1.220703125,-0.185546875,-0.29296875
14181,1.2109375,1.259765625,-0.400390625,-0.361328125
14182,1.23046875,1.26953125,-0.185546875,-0.3125
14183,1.279296875,1.279296875,-0.234375,-0.341796875
14184,1.2109375,1.2109375,-0.17578125,-0.37109375
14185,1.30859375,1.23046875,-0.15625,-0.361328125
14186,1.376953125,1.259765625,-0.224609375,-0.419921875
14187,1.42578125,1.181640625,-0.224609375,-0.33203125
14188,1.357421875,1.2109375,-0.2734375,-0.4296875
14189,1.298828125,1.240234375,-0.224609375,-0.341796875
14190,1.30859375,1.19140625,-0.302734375,-0.361328125
14191,1.318359375,1.23046875,-0.185546875,-0.29296875
14192,1.30859375,1.181640625,-0.244140625,-0.634765625
14193,1.3671875,1.259765625,-0.146484375,-0.458984375
14194,1.298828125,1.357421875,-0.146484375,-0.390625
14195,1.240234375,1.201171875,-0.166015625,-0.390625
14196,1.34765625,1.03515625,-0.263671875,-0.390625
14197,1.318359375,1.11328125,-0.13671875,-0.380859375
14198,1.220703125,1.162109375,-0.244140625,-0.234375
14199,1.328125,1.181640625,-0.263671875,-0.380859375
14200,1.181640625,1.162109375,-0.283203125,-0.390625
14201,1.181640625,1.19140625,-0.166015625,-0.3515625
14202,1.23046875,1.26953125,-0.1953125,-0.341796875
14203,1.19140625,1.171875,-0.283203125,-0.361328125
14204,1.220703125,1.25,-0.33203125,-0.29296875
14205,1.279296875,1.4453125,-0.263671875,-0.341796875
14206,1.25,1.201171875,-0.234375,-0.3515625
14207,1.240234375,1.162109375,-0.263671875,-0.44921875
14208,1.15234375,1.279296875,-0.3515625,-0.341796875
14209,1.279296875,1.162109375,-0.3125,-0.419921875
14210,1.328125,1.279296875,-0.25390625,-0.33203125
14211,1.03515625,1.15234375,-0.244140625,-0.341796875
14212,1.162109375,1.025390625,-0.44921875,-0.37109375
14213,1.240234375,1.171875,-0.3125,-0.302734375
14214,1.259765625,1.181640625,-0.29296875,-0.41015625
14215,1.11328125,1.279296875,-0.283203125,-0.361328125
14216,1.201171875,1.142578125,-0.25390625,-0.302734375
14217,1.083984375,1.181640625,-0.17578125,-0.283203125
14218,1.11328125,0.927734375,-0.126953125,-0.29296875
14219,1.279296875,1.279296875,-0.205078125,-0.341796875
14220,1.19140625,1.42578125,-0.224609375,-0.4296875
14221,1.19140625,1.23046875,-0.234375,-0.41015625
14222,1.240234375,1.2109375,-0.29296875,-0.37109375
14223,1.181640625,0.9375,-0.205078125,-0.302734375
14224,1.171875,1.220703125,-0.244140625,-0.37109375
14225,1.19140625,1.162109375,-0.244140625,-0.361328125
14226,1.19140625,1.0546875,-0.21484375,-0.29296875
14227,1.220703125,1.11328125,-0.146484375,-0.380859375
14228,1.279296875,1.15234375,-0.29296875,-0.44921875
14229,1.25,1.181640625,-0.205078125,-0.400390625
14230,1.259765625,1.11328125,-0.390625,-0.400390625
14231,1.1328125,1.181640625,-0.244140625,-0.400390625
14232,1.15234375,1.220703125,-0.25390625,-0.322265625
14233,1.162109375,1.240234375,-0.1953125,-0.439453125
14234,1.220703125,1.181640625,-0.25390625,-0.390625
14235,1.240234375,1.201171875,-0.283203125,-0.380859375
14236,1.23046875,1.162109375,-0.25390625,-0.361328125
14237,1.220703125,1.19140625,-0.224609375,-0.263671875
14238,1.318359375,1.162109375,-0.302734375,-0.537109375
14239,1.162109375,1.435546875,-0.244140625,-0.400390625
14240,1.123046875,1.240234375,-0.25390625,-0.498046875
14241,1.2109375,1.240234375,-0.205078125,-0.3125
14242,1.171875,1.171875,-0.224609375,-0.37109375
14243,1.171875,1.220703125,-0.166015625,-0.41015625
14244,1.09375,1.181640625,-0.29296875,-0.4296875
14245,1.0546875,1.279296875,-0.224609375,-0.37109375
14246,1.0546875,1.15234375,-0.25390625,-0.09765625
14247,1.083984375,1.2109375,-0.17578125,-0.380859375
14248,1.171875,1.181640625,-0.1953125,-0.37109375
14249,1.181640625,1.2109375,-0.224609375,-0.361328125
14250,1.07421875,1.171875,-0.234375,-0.48828125
14251,1.23046875,1.19140625,-0.244140625,-0.341796875
14252,1.19140625,1.171875,-0.3125,-0.37109375
14253,1.25,1.220703125,-0.3515625,-0.5078125
14254,1.03515625,1.064453125,-0.263671875,-0.4296875
14255,1.25,1.23046875,-0.15625,-0.48828125
14256,1.298828125,1.181640625,-0.224609375,-0.244140625
14257,1.357421875,1.201171875,-0.1953125,-0.400390625
14258,1.2890625,1.23046875,-0.2734375,-0.361328125
14259,1.201171875,1.220703125,-0.244140625,-0.3515625
14260,1.240234375,1.220703125,-0.302734375,-0.3125
14261,1.2109375,1.181640625,-0.185546875,-0.41015625
14262,1.220703125,1.162109375,-0.3125,-0.361328125
14263,1.171875,1.19140625,-0.302734375,-0.37109375
14264,1.2890625,1.15234375,-0.283203125,-0.419921875
14265,1.240234375,1.0546875,-0.244140625,-0.517578125
14266,1.142578125,1.044921875,-0.224609375,-0.41015625
14267,1.2109375,1.064453125,-0.234375,-0.341796875
14268,1.259765625,1.11328125,-0.322265625,-0.41015625
14269,1.15234375,1.07421875,-0.29296875,-0.41015625
14270,1.171875,1.025390625,-0.09765625,-0.234375
14271,1.279296875,1.103515625,-0.302734375,-0.37109375
14272,1.220703125,0.966796875,-0.3125,-0.41015625
14273,1.201171875,1.015625,-0.263671875,-0.3125
14274,1.2109375,1.07421875,-0.224609375,-0.576171875
14275,1.23046875,1.083984375,-0.17578125,-0.341796875
14276,1.19140625,1.11328125,-0.3515625,-0.263671875
14277,1.11328125,1.07421875,-0.1171875,-0.390625
14278,1.240234375,1.171875,-0.185546875,-0.302734375
14279,1.2890625,1.07421875,-0.283203125,-0.283203125
14280,1.220703125,1.123046875,-0.205078125,-0.3125
14281,1.2109375,1.044921875,-0.244140625,-0.380859375
14282,1.201171875,1.11328125,-0.25390625,-0.2734375
14283,1.240234375,1.03515625,-0.126953125,-0.341796875
14284,1.1328125,1.044921875,-0.1953125,-0.33203125
14285,1.103515625,1.09375,-0.1953125,-0.33203125
14286,1.259765625,1.03515625,-0.224609375,-0.2734375
14287,1.337890625,1.09375,-0.244140625,-0.205078125
14288,1.1328125,1.015625,-0.2734375,-0.302734375
14289,1.181640625,1.03515625,-0.302734375,-0.21484375
14290,1.298828125,1.015625,-0.21484375,-0.17578125
14291,1.220703125,1.1328125,-0.205078125,-0.2734375
14292,1.171875,1.103515625,-0.224609375,-0.37109375
14293,1.19140625,1.015625,-0.29296875,-0.283203125
14294,1.181640625,1.044921875,-0.1953125,-0.3125
14295,1.240234375,1.015625,-0.29296875,-0.341796875
14296,1.201171875,0.9765625,-0.15625,-0.41015625
14297,1.181640625,0.99609375,-0.25390625,-0.2734375
14298,1.19140625,1.025390625,-0.146484375,-0.3125
14299,1.15234375,1.025390625,-0.21484375,-0.380859375
14300,1.259765625,0.9765625,-0.224609375,-0.29296875
14301,1.279296875,0.99609375,-0.224609375,-0.3515625
14302,1.2109375,1.09375,-0.25390625,-0.44921875
14303,1.103515625,1.03515625,-0.263671875,-0.361328125
14304,1.19140625,1.044921875,-0.263671875,-0.25390625
14305,1.220703125,1.123046875,-0.185546875,-0.2734375
14306,1.25,1.015625,-0.185546875,-0.25390625
14307,1.19140625,1.044921875,-0.0390625,-0.1171875
14308,1.162109375,1.09375,-0.21484375,-0.263671875
14309,1.123046875,1.1328125,-0.341796875,-0.2734375
14310,1.240234375,1.123046875,-0.2734375,-0.4296875
14311,1.2109375,0.95703125,-0.244140625,-0.283203125
14312,1.162109375,1.044921875,-0.205078125,-0.2734375
14313,1.181640625,1.123046875,-0.15625,-0.33203125
14314,1.103515625,1.09375,-0.185546875,-0.29296875
14315,1.201171875,0.966796875,-0.21484375,-0.263671875
14316,1.171875,1.015625,-0.400390625,-0.341796875
14317,1.15234375,1.083984375,-0.15625,-0.537109375
14318,1.1328125,0.869140625,-0.2734375,-0.341796875
14319,1.162109375,1.064453125,-0.205078125,-0.4296875
14320,1.337890625,1.064453125,-0.185546875,-0.48828125
14321,1.181640625,1.005859375,-0.205078125,-0.380859375
14322,1.142578125,1.083984375,-0.21484375,-0.283203125
14323,1.259765625,0.966796875,-0.37109375,-0.439453125
14324,1.11328125,0.99609375,-0.1953125,-0.341796875
14325,1.142578125,0.947265625,-0.1953125,-0.361328125
14326,1.162109375,1.03515625,-0.302734375,-0.322265625
14327,1.11328125,0.947265625,-0.244140625,-0.4296875
14328,1.181640625,1.064453125,-0.224609375,-0.2734375
14329,1.142578125,0.986328125,-0.25390625,-0.2734375
14330,1.162109375,1.03515625,-0.263671875,-0.44921875
14331,1.220703125,1.123046875,-0.21484375,-0.244140625
14332,1.201171875,0.947265625,-0.224609375,-0.37109375
14333,1.19140625,0.99609375,-0.185546875,-0.283203125
14334,1.142578125,1.005859375,-0.33203125,-0.244140625
14335,1.171875,1.103515625,-0.224609375,-0.390625
14336,1.19140625,0.947265625,-0.1953125,-0.224609375
14337,1.259765625,1.03515625,-0.283203125,-0.29296875
14338,1.103515625,1.03515625,-0.263671875,-0.078125
14339,1.259765625,1.044921875,-0.1953125,-0.29296875
14340,1.201171875,0.966796875,-0.234375,-0.263671875
14341,1.162109375,0.99609375,-0.283203125,-0.33203125
14342,1.181640625,1.09375,-0.29296875,-0.234375
14343,1.201171875,1.064453125,-0.322265625,-0.37109375
14344,1.2109375,1.005859375,-0.3125,-0.400390625
14345,1.083984375,1.07421875,-0.283203125,-0.341796875
14346,1.19140625,1.07421875,-0.390625,-0.29296875
14347,1.162109375,0.99609375,-0.3515625,-0.234375
14348,1.25,0.99609375,-0.283203125,-0.341796875
14349,1.171875,0.99609375,-0.2734375,-0.2734375
14350,1.171875,0.947265625,-0.205078125,-0.5078125
14351,1.25,1.064453125,-0.37109375,-0.3125
14352,1.171875,0.947265625,-0.205078125,-0.29296875
14353,1.220703125,1.064453125,-0.302734375,-0.361328125
14354,1.123046875,0.9375,-0.185546875,-0.234375
14355,1.0546875,0.99609375,-0.361328125,-0.322265625
14356,1.181640625,1.025390625,-0.15625,-0.3515625
14357,1.2109375,0.99609375,-0.17578125,-0.25390625
14358,1.142578125,1.005859375,-0.13671875,-0.3125
14359,1.2109375,1.03515625,-0.224609375,-0.263671875
14360,1.162109375,1.0546875,-0.205078125,-0.302734375
14361,1.181640625,1.15234375,-0.205078125,-0.3125
14362,1.19140625,1.09375,-0.1953125,-0.21484375
14363,1.123046875,1.103515625,-0.25390625,-0.263671875
14364,1.171875,1.083984375,-0.244140625,-0.21484375
14365,1.201171875,1.171875,-0.283203125,-0.419921875
14366,1.220703125,1.064453125,-0.13671875,-0.224609375
14367,1.181640625,1.07421875,-0.126953125,-0.322265625
14368,1.181640625,1.083984375,-0.15625,-0.4296875
14369,1.142578125,1.103515625,-0.17578125,-0.3125
14370,1.171875,1.09375,-0.166015625,-0.3515625
14371,1.171875,1.03515625,-0.13671875,-0.244140625
14372,1.025390625,1.15234375,-0.185546875,-0.380859375
14373,1.220703125,1.1328125,-0.15625,-0.234375
14374,1.23046875,1.162109375,-0.146484375,-0.13671875
14375,1.11328125,1.064453125,-0.17578125,-0.3515625
14376,1.123046875,1.11328125,-0.185546875,-0.244140625
14377,1.337890625,0.99609375,-0.146484375,-0.263671875
14378,1.142578125,1.142578125,-0.146484375,-0.400390625
14379,1.2890625,1.259765625,-0.126953125,-0.29296875
14380,1.19140625,1.0546875,-0.068359375,-0.2734375
14381,1.23046875,1.201171875,-0.1953125,-0.380859375
14382,1.34765625,1.171875,-0.13671875,-0.25390625
14383,1.26953125,1.1328125,-0.322265625,-0.29296875
14384,1.220703125,1.03515625,-0.263671875,-0.3515625
14385,1.220703125,1.083984375,-0.224609375,-0.37109375
14386,1.2890625,1.123046875,-0.21484375,-0.283203125
14387,1.201171875,1.123046875,-0.205078125,-0.13671875
14388,1.26953125,1.103515625,-0.234375,-0.1953125
14389,1.279296875,1.025390625,-0.1953125,-0.302734375
14390,1.162109375,1.09375,-0.283203125,-0.341796875
14391,1.259765625,0.947265625,-0.205078125,-0.302734375
14392,1.15234375,1.09375,-0.185546875,-0.3125
14393,1.103515625,0.986328125,-0.205078125,-0.234375
14394,1.220703125,0.966796875,-0.29296875,-0.234375
14395,1.142578125,0.908203125,-0.25390625,-0.244140625
14396,1.201171875,0.9375,-0.146484375,-0.302734375
14397,1.201171875,1.083984375,-0.3125,-0.17578125
14398,1.259765625,1.03515625,-0.29296875,-0.263671875
14399,1.162109375,1.064453125,-0.224609375,-0.0390625
14400,1.19140625,1.07421875,-0.244140625,-0.234375
14401,1.1328125,1.044921875,-0.185546875,-0.302734375
14402,1.201171875,0.947265625,-0.361328125,-0.302734375
14403,1.23046875,1.171875,-0.17578125,-0.234375
14404,1.2890625,1.005859375,-0.25390625,-0.29296875
14405,1.2109375,1.103515625,-0.25390625,-0.361328125
14406,1.162109375,1.142578125,-0.205078125,-0.2734375
14407,1.2109375,0.9765625,-0.283203125,-0.283203125
14408,1.220703125,1.15234375,-0.224609375,-0.283203125
14409,1.201171875,1.123046875,-0.205078125,-0.29296875
14410,1.23046875,1.09375,-0.322265625,-0.25390625
14411,1.201171875,1.15234375,-0.263671875,-0.244140625
14412,1.25,1.103515625,-0.3515625,-0.25390625
14413,1.2890625,1.201171875,-0.283203125,-0.2734375
14414,1.1328125,1.11328125,-0.224609375,-0.25390625
14415,1.11328125,1.1328125,-0.283203125,-0.29296875
14416,1.171875,1.03515625,-0.419921875,-0.234375
14417,1.123046875,1.103515625,-0.283203125,-0.322265625
14418,1.15234375,1.103515625,-0.234375,-0.068359375
14419,1.1328125,1.044921875,-0.263671875,-0.234375
14420,1.162109375,1.09375,-0.224609375,-0.25390625
14421,1.162109375,1.123046875,-0.2734375,-0.283203125
14422,1.19140625,1.142578125,-0.224609375,-0.283203125
14423,1.2890625,1.0546875,-0.263671875,-0.1953125
14424,1.23046875,1.15234375,-0.322265625,-0.126953125
14425,1.09375,0.966796875,-0.263671875,-0.234375
14426,1.162109375,1.2109375,-0.322265625,-0.126953125
14427,1.181640625,1.083984375,-0.302734375,-0.283203125
14428,1.201171875,1.0546875,-0.205078125,-0.244140625
14429,1.15234375,1.171875,-0.21484375,-0.17578125
14430,1.240234375,1.11328125,-0.17578125,-0.21484375
14431,1.23046875,1.07421875,-0.3125,-0.263671875
14432,1.181640625,1.044921875,-0.234375,-0.244140625
14433,1.19140625,1.03515625,-0.283203125,-0.322265625
14434,1.259765625,1.123046875,-0.33203125,-0.263671875
14435,1.171875,1.09375,-0.205078125,-0.3125
14436,1.19140625,1.044921875,-0.2734375,-0.126953125
14437,1.19140625,1.083984375,-0.21484375,-0.21484375
14438,1.2890625,1.07421875,-0.244140625,-0.234375
14439,1.25,1.123046875,-0.166015625,-0.361328125
14440,1.181640625,1.103515625,-0.322265625,-0.244140625
14441,1.19140625,1.298828125,-0.146484375,-0.33203125
14442,1.142578125,1.07421875,-0.234375,-0.244140625
14443,1.162109375,1.123046875,-0.15625,-0.283203125
14444,1.26953125,1.1328125,-0.15625,-0.29296875
14445,1.162109375,1.03515625,-0.224609375,-0.41015625
14446,1.2109375,1.025390625,-0.21484375,-0.185546875
14447,1.2890625,1.162109375,-0.224609375,-0.283203125
14448,1.181640625,1.11328125,-0.1953125,-0.21484375
14449,1.162109375,1.162109375,-0.185546875,-0.166015625
14450,1.0546875,1.19140625,-0.107421875,-0.29296875
14451,1.298828125,1.0546875,-0.126953125,-0.244140625
14452,1.181640625,1.11328125,-0.263671875,-0.322265625
14453,1.103515625,1.03515625,-0.146484375,-0.21484375
14454,1.0546875,1.09375,-0.234375,-0.146484375
14455,1.2109375,1.123046875,-0.224609375,-0.25390625
14456,1.201171875,0.849609375,-0.33203125,-0.244140625
14457,1.328125,0.986328125,-0.166015625,-0.205078125
14458,1.15234375,1.064453125,-0.15625,-0.283203125
14459,1.181640625,1.03515625,-0.302734375,-0.244140625
14460,1.181640625,1.123046875,-0.185546875,-0.302734375
14461,1.103515625,1.15234375,-0.166015625,-0.322265625
14462,1.123046875,1.181640625,-0.1171875,-0.17578125
14463,1.25,1.064453125,-0.126953125,-0.1953125
14464,1.201171875,1.103515625,-0.17578125,-0.302734375
14465,1.03515625,1.083984375,-0.166015625,-0.21484375
14466,1.083984375,1.044921875,-0.146484375,-0.5078125
14467,1.1328125,1.19140625,-0.1953125,-0.33203125
14468,1.171875,1.005859375,-0.234375,-0.21484375
14469,1.220703125,1.083984375,-0.1953125,-0.37109375
14470,1.09375,0.9765625,-0.244140625,-0.322265625
14471,1.142578125,1.123046875,-0.29296875,-0.380859375
14472,1.11328125,1.044921875,-0.234375,-0.361328125
14473,1.15234375,1.123046875,-0.234375,-0.244140625
14474,1.19140625,1.025390625,-0.205078125,-0.25390625
14475,1.19140625,1.162109375,-0.244140625,-0.361328125
14476,1.181640625,1.142578125,-0.25390625,-0.1953125
14477,1.19140625,1.15234375,-0.322265625,-0.3515625
14478,1.083984375,1.201171875,-0.25390625,-0.29296875
14479,1.220703125,1.19140625,-0.166015625,-0.283203125
14480,1.240234375,1.15234375,-0.166015625,-0.341796875
14481,1.2890625,1.26953125,-0.09765625,-0.224609375
14482,1.15234375,1.201171875,-0.263671875,-0.29296875
14483,1.19140625,1.162109375,-0.29296875,-0.263671875
14484,1.2890625,1.1328125,-0.185546875,-0.2734375
14485,1.201171875,1.259765625,-0.205078125,-0.263671875
14486,1.220703125,1.162109375,-0.263671875,-0.25390625
14487,1.171875,1.220703125,-0.234375,-0.25390625
14488,1.162109375,1.220703125,-0.166015625,-0.4296875
14489,1.15234375,1.11328125,-0.185546875,-0.302734375
14490,1.19140625,1.2109375,-0.224609375,-0.33203125
14491,1.19140625,1.15234375,-0.283203125,-0.400390625
14492,1.201171875,1.25,-0.2734375,-0.244140625
14493,1.220703125,1.240234375,-0.185546875,-0.078125
14494,1.162109375,1.171875,-0.15625,-0.1171875
14495,1.1328125,1.220703125,-0.25390625,-0.322265625
14496,1.25,1.142578125,-0.21484375,-0.15625
14497,1.181640625,1.11328125,-0.166015625,-0.37109375
14498,1.2109375,1.25,-0.1953125,-0.29296875
14499,1.171875,1.23046875,-0.283203125,-0.341796875
14500,1.162109375,1.171875,-0.13671875,-0.21484375
14501,1.162109375,1.220703125,-0.146484375,-0.302734375
14502,1.240234375,1.25,-0.185546875,-0.302734375
14503,1.181640625,1.142578125,-0.244140625,-0.302734375
14504,1.23046875,1.03515625,-0.205078125,-0.283203125
14505,1.044921875,1.171875,-0.283203125,-0.302734375
14506,1.142578125,1.2109375,-0.234375,-0.185546875
14507,1.1328125,1.162109375,-0.234375,-0.205078125
14508,1.123046875,1.123046875,-0.263671875,-0.2734375
14509,1.083984375,1.25,-0.283203125,-0.390625
14510,1.240234375,1.171875,-0.107421875,-0.400390625
14511,1.162109375,1.15234375,-0.15625,-0.29296875
14512,1.23046875,1.171875,-0.185546875,-0.25390625
14513,1.201171875,1.25,-0.25390625,-0.283203125
14514,1.2109375,1.083984375,-0.302734375,-0.283203125
14515,1.259765625,1.279296875,-0.21484375,-0.21484375
14516,1.279296875,1.162109375,-0.21484375,-0.361328125
14517,1.23046875,1.181640625,-0.17578125,-0.29296875
14518,1.1328125,1.1328125,-0.234375,-0.322265625
14519,1.19140625,1.2109375,-0.1953125,-0.17578125
14520,1.162109375,1.19140625,-0.25390625,-0.2734375
14521,1.19140625,1.240234375,-0.21484375,-0.263671875
14522,1.26953125,1.259765625,-0.29296875,-0.302734375
14523,1.19140625,1.181640625,-0.17578125,-0.322265625
14524,1.25,1.2890625,-0.302734375,-0.341796875
14525,1.15234375,1.181640625,-0.29296875,-0.3515625
14526,1.3671875,1.09375,-0.41015625,-0.2734375
14527,1.171875,1.142578125,-0.33203125,-0.205078125
14528,1.220703125,1.259765625,-0.283203125,-0.21484375
14529,1.1328125,1.220703125,-0.185546875,-0.302734375
14530,1.07421875,1.240234375,-0.263671875,-0.244140625
14531,1.201171875,1.298828125,-0.224609375,-0.390625
14532,1.220703125,1.2109375,-0.263671875,-0.33203125
14533,1.142578125,1.181640625,-0.283203125,-0.517578125
14534,1.240234375,1.15234375,-0.263671875,-0.29296875
14535,1.201171875,1.201171875,-0.166015625,-0.263671875
14536,1.181640625,1.19140625,-0.3125,-0.263671875
14537,1.171875,1.19140625,-0.244140625,-0.33203125
14538,1.25,1.171875,-0.322265625,-0.263671875
14539,1.259765625,1.171875,-0.25390625,-0.224609375
14540,1.171875,1.07421875,-0.322265625,-0.4296875
14541,1.09375,1.240234375,-0.322265625,-0.2734375
14542,1.181640625,1.2890625,-0.322265625,-0.25390625
14543,1.201171875,1.2109375,-0.25390625,-0.244140625
14544,1.142578125,1.220703125,-0.244140625,-0.29296875
14545,1.103515625,1.240234375,-0.234375,-0.283203125
14546,1.220703125,1.2109375,-0.224609375,-0.25390625
14547,1.240234375,1.279296875,-0.3515625,-0.2734375
14548,1.15234375,1.2109375,-0.29296875,-0.244140625
14549,1.083984375,1.142578125,-0.322265625,-0.224609375
14550,1.220703125,1.142578125,-0.283203125,-0.302734375
14551,1.298828125,1.40625,-0.25390625,-0.25390625
14552,1.220703125,1.171875,-0.234375,-0.263671875
14553,1.34765625,0.99609375,-0.21484375,-0.234375
14554,1.201171875,1.259765625,-0.224609375,-0.341796875
14555,1.19140625,1.19140625,-0.126953125,-0.41015625
14556,1.279296875,1.19140625,-0.166015625,-0.283203125
14557,1.26953125,1.181640625,-0.283203125,-0.25390625
14558,1.30859375,1.15234375,-0.263671875,-0.25390625
14559,1.162109375,1.171875,-0.283203125,-0.234375
14560,1.240234375,1.181640625,-0.1953125,-0.361328125
14561,1.2890625,1.15234375,-0.185546875,-0.25390625
14562,1.201171875,1.19140625,-0.185546875,-0.25390625
14563,1.357421875,1.15234375,-0.2734375,-0.322265625
14564,1.34765625,1.162109375,-0.1953125,-0.1953125
14565,1.26953125,1.396484375,-0.205078125,-0.37109375
14566,1.2109375,1.201171875,-0.244140625,-0.234375
14567,1.2109375,1.15234375,-0.2734375,-0.126953125
14568,1.181640625,1.25,-0.17578125,-0.29296875
14569,1.30859375,1.34765625,-0.380859375,-0.224609375
14570,1.0546875,1.2109375,-0.29296875,-0.25390625
14571,1.279296875,1.171875,-0.263671875,-0.25390625
14572,1.07421875,1.259765625,-0.17578125,-0.3515625
14573,1.142578125,1.162109375,-0.3125,-0.244140625
14574,1.2890625,1.298828125,-0.302734375,-0.25390625
14575,1.26953125,1.23046875,-0.390625,-0.283203125
14576,1.298828125,1.201171875,-0.283203125,-0.25390625
14577,1.26953125,1.19140625,-0.322265625,-0.263671875
14578,1.279296875,1.044921875,-0.21484375,-0.29296875
14579,1.26953125,1.23046875,-0.302734375,-0.29296875
14580,1.240234375,1.34765625,-0.224609375,-0.2734375
14581,1.298828125,1.259765625,-0.166015625,-0.29296875
14582,1.298828125,1.26953125,-0.205078125,-0.21484375
14583,1.201171875,1.2109375,-0.205078125,-0.263671875
14584,1.240234375,1.240234375,-0.1953125,-0.25390625
14585,1.103515625,1.23046875,-0.224609375,-0.3125
14586,1.123046875,1.005859375,-0.244140625,-0.3125
14587,1.298828125,1.259765625,-0.302734375,-0.29296875
14588,1.1328125,1.220703125,-0.2734375,-0.21484375
14589,1.2890625,1.416015625,-0.25390625,-0.37109375
14590,1.30859375,1.181640625,-0.3515625,-0.283203125
14591,1.337890625,1.26953125,-0.205078125,-0.244140625
14592,1.2890625,1.279296875,-0.322265625,-0.2734375
14593,1.2890625,1.240234375,-0.244140625,-0.244140625
14594,1.376953125,1.15234375,-0.1953125,-0.322265625
14595,1.25,1.240234375,-0.263671875,-0.546875
14596,1.46484375,1.4453125,-0.29296875,-0.361328125
14597,1.34765625,1.298828125,-0.263671875,-0.13671875
14598,1.4453125,1.23046875,-0.17578125,-0.341796875
14599,1.259765625,1.328125,-0.2734375,-0.3515625
14600,1.298828125,1.201171875,-0.2734375,-0.46875
14601,1.298828125,1.181640625,-0.302734375,-0.341796875
14602,1.2109375,1.259765625,-0.29296875,-0.341796875
14603,1.220703125,1.2890625,-0.1953125,-0.263671875
14604,1.279296875,1.337890625,-0.234375,-0.439453125
14605,1.181640625,1.2890625,-0.283203125,-0.380859375
14606,1.259765625,1.240234375,-0.234375,-0.29296875
14607,1.220703125,1.318359375,-0.2734375,-0.478515625
14608,1.240234375,1.220703125,-0.078125,-0.322265625
14609,1.15234375,1.328125,-0.244140625,-0.44921875
14610,1.2109375,1.30859375,-0.185546875,-0.390625
14611,1.30859375,1.416015625,-0.13671875,-0.341796875
14612,1.201171875,1.30859375,-0.087890625,-0.380859375
14613,1.259765625,1.220703125,-0.17578125,-0.29296875
14614,1.318359375,1.2890625,-0.21484375,-0.322265625
14615,1.337890625,1.34765625,-0.21484375,-0.302734375
14616,1.318359375,1.26953125,-0.087890625,-0.419921875
14617,1.298828125,1.259765625,-0.126953125,-0.37109375
14618,1.298828125,1.26953125,-0.17578125,-0.44921875
14619,1.25,1.259765625,-0.1953125,-0.341796875
14620,1.357421875,1.162109375,-0.244140625,-0.361328125
14621,1.337890625,1.298828125,-0.29296875,-0.419921875
14622,1.38671875,1.279296875,-0.390625,-0.517578125
14623,1.318359375,1.23046875,-0.126953125,-0.2734375
14624,1.337890625,1.220703125,-0.37109375,-0.322265625
14625,1.2890625,1.23046875,-0.224609375,-0.224609375
14626,1.279296875,1.1328125,-0.3515625,-0.29296875
14627,1.376953125,1.11328125,-0.25390625,-0.3515625
14628,1.25,1.259765625,-0.302734375,-0.46875
14629,1.220703125,1.318359375,-0.25390625,-0.302734375
14630,1.298828125,1.09375,-0.17578125,-0.4296875
14631,1.259765625,1.1328125,-0.078125,-0.1171875
14632,1.416015625,1.181640625,-0.21484375,-0.3125
14633,1.25,1.23046875,-0.234375,-0.33203125
14634,1.298828125,1.201171875,-0.390625,-0.341796875
14635,1.171875,1.318359375,-0.29296875,-0.380859375
14636,1.26953125,1.2109375,-0.234375,-0.2734375
14637,1.2890625,1.181640625,-0.33203125,-0.4296875
14638,1.220703125,1.083984375,-0.244140625,-0.41015625
14639,1.259765625,1.07421875,-0.263671875,-0.380859375
14640,1.240234375,1.162109375,-0.21484375,-0.458984375
14641,1.318359375,1.171875,-0.29296875,-0.458984375
14642,1.201171875,1.181640625,-0.21484375,-0.439453125
14643,1.142578125,1.23046875,-0.25390625,-0.341796875
14644,1.09375,1.19140625,-0.2734375,-0.400390625
14645,1.2109375,1.0546875,-0.302734375,-0.390625
14646,1.220703125,1.220703125,-0.244140625,-0.419921875
14647,1.015625,1.2109375,-0.322265625,-0.33203125
14648,1.15234375,1.26953125,-0.263671875,-0.37109375
14649,1.181640625,1.201171875,-0.1953125,-0.390625
14650,1.181640625,1.19140625,-0.302734375,-0.400390625
14651,1.201171875,1.240234375,-0.244140625,-0.37109375
14652,1.1328125,1.220703125,-0.2734375,-0.400390625
14653,1.0546875,1.220703125,-0.17578125,-0.322265625
14654,1.396484375,1.2109375,-0.15625,-0.46875
14655,1.1328125,1.26953125,-0.2734375,-0.3515625
14656,1.298828125,1.03515625,-0.263671875,-0.29296875
14657,1.240234375,1.09375,-0.224609375,-0.361328125
14658,1.220703125,1.220703125,-0.302734375,-0.5078125
14659,1.162109375,1.23046875,-0.283203125,-0.3125
14660,1.181640625,1.142578125,-0.3125,-0.37109375
14661,1.2109375,1.1328125,-0.3125,-0.341796875
14662,1.2109375,1.2890625,-0.419921875,-0.341796875
14663,1.2890625,1.201171875,-0.17578125,-0.439453125
14664,1.26953125,1.220703125,-0.087890625,-0.458984375
14665,1.2109375,1.220703125,-0.205078125,-0.380859375
14666,1.25,1.15234375,-0.3515625,-0.4296875
14667,1.240234375,1.23046875,-0.41015625,-0.3515625
14668,1.23046875,1.318359375,-0.205078125,-0.46875
14669,1.19140625,1.201171875,-0.17578125,-0.439453125
14670,1.279296875,1.181640625,-0.283203125,-0.2734375
14671,1.142578125,1.171875,-0.3125,-0.29296875
14672,1.279296875,1.23046875,-0.234375,-0.3515625
14673,1.09375,1.19140625,-0.25390625,-0.419921875
14674,1.142578125,1.220703125,-0.224609375,-0.33203125
14675,1.181640625,1.162109375,-0.09765625,-0.322265625
14676,1.240234375,1.259765625,-0.302734375,-0.380859375
14677,1.220703125,1.171875,-0.1953125,-0.439453125
14678,1.181640625,1.142578125,-0.17578125,-0.283203125
14679,1.103515625,1.171875,-0.1953125,-0.3125
14680,1.23046875,1.259765625,-0.166015625,-0.302734375
14681,1.19140625,1.201171875,-0.234375,-0.322265625
14682,1.181640625,1.11328125,-0.1953125,-0.361328125
14683,1.240234375,1.123046875,-0.224609375,-0.3515625
14684,1.25,1.064453125,-0.25390625,-0.46875
14685,1.181640625,1.171875,-0.21484375,-0.341796875
14686,1.240234375,1.07421875,-0.322265625,-0.458984375
14687,1.201171875,1.25,-0.21484375,-0.400390625
14688,1.181640625,1.103515625,-0.185546875,-0.33203125
14689,1.240234375,1.083984375,-0.205078125,-0.322265625
14690,1.15234375,1.015625,-0.205078125,-0.33203125
14691,1.240234375,1.11328125,-0.361328125,-0.2734375
14692,1.240234375,1.103515625,-0.283203125,-0.3515625
14693,1.240234375,1.23046875,-0.21484375,-0.341796875
14694,1.23046875,1.1328125,-0.234375,-0.322265625
14695,1.259765625,1.07421875,-0.283203125,-0.302734375
14696,1.25,1.07421875,-0.244140625,-0.283203125
14697,1.318359375,1.07421875,-0.224609375,-0.37109375
14698,1.23046875,1.03515625,-0.25390625,-0.3515625
14699,1.142578125,0.986328125,-0.17578125,-0.478515625
14700,1.171875,1.015625,-0.2734375,-0.361328125
14701,1.142578125,1.15234375,-0.21484375,-0.33203125
14702,1.25,1.2109375,-0.146484375,-0.341796875
14703,1.25,1.11328125,-0.2734375,-0.380859375
14704,1.240234375,1.083984375,-0.21484375,-0.3515625
14705,1.25,1.025390625,-0.25390625,-0.37109375
14706,1.201171875,1.07421875,-0.205078125,-0.361328125
14707,1.23046875,0.9765625,-0.107421875,-0.56640625
14708,1.19140625,1.123046875,-0.205078125,-0.25390625
14709,1.26953125,1.181640625,-0.33203125,-0.3125
14710,1.201171875,0.986328125,-0.234375,-0.166015625
14711,1.259765625,0.927734375,-0.244140625,-0.341796875
14712,1.25,0.91796875,-0.1953125,-0.283203125
14713,1.240234375,0.9765625,-0.2734375,-0.3515625
14714,1.201171875,1.1328125,-0.263671875,-0.419921875
14715,1.220703125,1.19140625,-0.126953125,-0.3125
14716,1.30859375,1.025390625,-0.234375,-0.322265625
14717,1.2109375,0.99609375,-0.15625,-0.244140625
14718,1.416015625,0.91796875,-0.234375,-0.33203125
14719,1.259765625,1.142578125,-0.185546875,-0.205078125
14720,1.318359375,1.083984375,-0.224609375,-0.21484375
14721,1.298828125,1.005859375,-0.224609375,-0.322265625
14722,1.181640625,1.07421875,-0.21484375,-0.33203125
14723,1.201171875,1.025390625,-0.205078125,-0.25390625
14724,1.15234375,0.986328125,-0.263671875,-0.341796875
14725,1.162109375,1.103515625,-0.205078125,-0.224609375
14726,1.279296875,1.083984375,-0.126953125,-0.15625
14727,1.181640625,1.03515625,-0.3125,-0.29296875
14728,1.23046875,1.0546875,-0.25390625,-0.41015625
14729,1.025390625,1.044921875,-0.146484375,-0.1953125
14730,1.220703125,0.9765625,-0.25390625,-0.244140625
14731,1.142578125,0.9765625,-0.263671875,-0.17578125
14732,1.171875,1.064453125,-0.234375,-0.322265625
14733,1.15234375,1.123046875,-0.21484375,-0.21484375
14734,1.1328125,1.064453125,-0.283203125,-0.244140625
14735,1.103515625,1.025390625,-0.234375,-0.283203125
14736,0.986328125,0.9765625,-0.13671875,-0.283203125
14737,1.220703125,0.966796875,-0.166015625,-0.37109375
14738,1.23046875,1.03515625,-0.380859375,-0.29296875
14739,1.201171875,0.888671875,-0.1953125,-0.234375
14740,1.142578125,0.986328125,-0.17578125,-0.29296875
14741,1.171875,1.0546875,-0.146484375,-0.322265625
14742,1.220703125,0.810546875,-0.283203125,-0.302734375
14743,1.2109375,1.23046875,-0.322265625,-0.29296875
14744,1.2890625,1.03515625,-0.185546875,-0.224609375
14745,1.26953125,0.869140625,-0.224609375,-0.29296875
14746,1.19140625,0.966796875,-0.263671875,-0.37109375
14747,1.23046875,1.005859375,-0.205078125,-0.33203125
14748,1.240234375,1.11328125,-0.244140625,-0.361328125
14749,1.2890625,0.99609375,-0.13671875,-0.33203125
14750,1.2890625,0.95703125,-0.185546875,-0.234375
14751,1.162109375,1.171875,-0.17578125,-0.322265625
14752,1.064453125,0.986328125,-0.2734375,-0.41015625
14753,1.0546875,0.986328125,-0.21484375,-0.48828125
14754,1.11328125,0.830078125,-0.1953125,-0.380859375
14755,1.162109375,1.015625,-0.13671875,-0.29296875
14756,1.064453125,0.966796875,-0.185546875,-0.29296875
14757,1.11328125,0.947265625,-0.283203125,-0.3125
14758,1.11328125,1.064453125,-0.15625,-0.3125
14759,1.171875,0.986328125,-0.3125,-0.341796875
14760,0.9765625,1.103515625,-0.283203125,-0.322265625
14761,1.181640625,1.015625,-0.244140625,-0.341796875
14762,1.123046875,0.927734375,-0.263671875,-0.33203125
14763,1.123046875,1.083984375,-0.2734375,-0.37109375
14764,1.1328125,0.91796875,-0.37109375,-0.361328125
14765,0.947265625,0.986328125,-0.25390625,-0.302734375
14766,1.171875,1.083984375,-0.341796875,-0.3125
14767,1.23046875,1.103515625,-0.390625,-0.33203125
14768,1.1328125,1.09375,-0.25390625,-0.458984375
14769,1.34765625,1.171875,-0.224609375,-0.322265625
14770,1.181640625,0.8984375,-0.17578125,-0.302734375
14771,1.103515625,0.986328125,-0.107421875,-0.322265625
14772,1.15234375,1.044921875,-0.224609375,-0.361328125
14773,1.181640625,1.015625,-0.185546875,-0.341796875
14774,1.25,0.9765625,-0.21484375,-0.302734375
14775,1.19140625,0.986328125,-0.25390625,-0.390625
14776,1.240234375,1.03515625,-0.283203125,-0.37109375
14777,1.240234375,1.025390625,-0.09765625,-0.25390625
14778,1.220703125,1.005859375,-0.205078125,-0.224609375
14779,1.240234375,1.181640625,-0.322265625,-0.29296875
14780,1.1328125,0.986328125,-0.3125,-0.146484375
14781,1.123046875,1.064453125,-0.244140625,-0.1953125
14782,1.220703125,1.005859375,-0.17578125,-0.29296875
14783,1.11328125,1.09375,-0.302734375,-0.205078125
14784,1.181640625,0.99609375,-0.205078125,-0.380859375
14785,1.1328125,0.9765625,-0.1953125,-0.29296875
14786,1.19140625,1.083984375,-0.146484375,-0.29296875
14787,1.103515625,1.044921875,-0.17578125,-0.244140625
14788,1.123046875,0.99609375,-0.2734375,-0.244140625
14789,1.123046875,1.03515625,-0.107421875,-0.33203125
14790,1.11328125,1.064453125,-0.1171875,-0.1953125
14791,1.15234375,0.99609375,-0.146484375,-0.283203125
14792,1.142578125,0.99609375,-0.126953125,-0.2734375
14793,1.123046875,1.07421875,-0.146484375,-0.341796875
14794,1.19140625,1.044921875,-0.21484375,-0.205078125
14795,1.11328125,1.0546875,-0.09765625,-0.166015625
14796,1.15234375,1.005859375,-0.146484375,-0.21484375
14797,1.220703125,0.8984375,-0.21484375,-0.3125
14798,1.201171875,1.07421875,-0.146484375,-0.3125
14799,1.26953125,1.103515625,-0.244140625,-0.302734375
14800,1.181640625,1.0546875,-0.224609375,-0.283203125
14801,1.25,1.07421875,-0.21484375,-0.2734375
14802,1.240234375,1.11328125,-0.126953125,-0.322265625
14803,1.162109375,1.044921875,-0.13671875,-0.283203125
14804,1.19140625,1.2109375,-0.185546875,-0.302734375
14805,1.220703125,1.03515625,-0.15625,-0.2734375
14806,1.181640625,0.986328125,-0.13671875,-0.361328125
14807,1.26953125,1.15234375,-0.25390625,-0.283203125
14808,1.328125,1.15234375,-0.146484375,-0.341796875
14809,1.15234375,1.19140625,-0.17578125,-0.341796875
14810,1.2890625,1.15234375,-0.244140625,-0.1953125
14811,1.171875,1.07421875,-0.263671875,-0.185546875
14812,1.171875,1.0546875,-0.15625,-0.2734375
14813,1.19140625,1.044921875,-0.029296875,-0.33203125
14814,1.09375,1.083984375,-0.244140625,-0.3125
14815,1.2109375,1.15234375,-0.25390625,-0.341796875
14816,1.103515625,0.9765625,-0.29296875,-0.2734375
14817,1.181640625,1.0546875,-0.224609375,-0.390625
14818,1.220703125,1.171875,-0.146484375,-0.263671875
14819,1.162109375,1.0546875,-0.25390625,-0.244140625
14820,1.181640625,1.103515625,-0.185546875,-0.302734375
14821,1.25,1.123046875,-0.1953125,-0.205078125
14822,1.0546875,1.123046875,-0.1953125,-0.21484375
14823,1.26953125,1.11328125,-0.17578125,-0.234375
14824,1.3671875,1.025390625,-0.1953125,-0.29296875
14825,1.171875,1.181640625,-0.166015625,-0.341796875
14826,1.30859375,1.07421875,-0.166015625,-0.234375
14827,1.11328125,1.181640625,-0.244140625,-0.205078125
14828,1.15234375,1.064453125,-0.087890625,-0.263671875
14829,1.2890625,1.025390625,-0.17578125,-0.302734375
14830,1.162109375,0.9765625,-0.1953125,-0.25390625
14831,1.220703125,1.123046875,-0.2734375,-0.2734375
14832,1.162109375,1.0546875,-0.263671875,-0.25390625
14833,1.25,1.25,-0.244140625,-0.3125
14834,1.103515625,1.03515625,-0.205078125,-0.244140625
14835,1.181640625,1.103515625,-0.185546875,-0.29296875
14836,1.220703125,1.07421875,-0.263671875,-0.25390625
14837,1.162109375,1.1328125,-0.244140625,-0.341796875
14838,1.201171875,1.0546875,-0.263671875,-0.2734375
14839,1.162109375,1.07421875,-0.29296875,-0.439453125
14840,1.201171875,1.03515625,-0.25390625,-0.322265625
14841,1.220703125,0.966796875,-0.33203125,-0.29296875
14842,1.044921875,1.09375,-0.361328125,-0.419921875
14843,1.279296875,1.09375,-0.205078125,-0.302734375
14844,1.181640625,1.07421875,-0.33203125,-0.0390625
14845,1.11328125,1.064453125,-0.29296875,-0.25390625
14846,1.11328125,1.07421875,-0.3125,-0.3125
14847,1.11328125,1.11328125,-0.302734375,-0.302734375
14848,1.26953125,1.025390625,-0.341796875,-0.302734375
14849,1.2109375,1.11328125,-0.283203125,-0.146484375
14850,1.19140625,1.025390625,-0.3125,-0.322265625
14851,1.162109375,1.005859375,-0.322265625,-0.185546875
14852,1.181640625,1.2890625,-0.37109375,-0.400390625
14853,1.09375,0.9765625,-0.341796875,-0.166015625
14854,1.15234375,1.09375,-0.244140625,-0.146484375
14855,1.083984375,1.103515625,-0.263671875,-0.205078125
14856,1.103515625,1.015625,-0.3125,-0.224609375
14857,1.123046875,1.03515625,-0.302734375,-0.25390625
14858,1.201171875,1.181640625,-0.244140625,-0.400390625
14859,1.171875,1.015625,-0.29296875,-0.166015625
14860,1.162109375,1.044921875,-0.205078125,-0.185546875
14861,1.1328125,0.966796875,-0.263671875,-0.205078125
14862,1.162109375,1.03515625,-0.302734375,-0.244140625
14863,1.19140625,1.0546875,-0.234375,-0.17578125
14864,1.083984375,1.11328125,-0.21484375,-0.17578125
14865,1.162109375,1.0546875,-0.234375,-0.224609375
14866,1.201171875,1.044921875,-0.1953125,-0.2734375
14867,1.19140625,1.259765625,-0.2734375,-0.302734375
14868,1.064453125,1.220703125,-0.29296875,-0.205078125
14869,1.23046875,1.162109375,-0.224609375,-0.283203125
14870,1.171875,1.181640625,-0.1953125,-0.107421875
14871,1.19140625,1.015625,-0.2734375,-0.205078125
14872,1.142578125,1.044921875,-0.224609375,-0.29296875
14873,1.171875,0.99609375,-0.185546875,-0.25390625
14874,1.142578125,1.2890625,-0.107421875,-0.29296875
14875,1.083984375,1.044921875,-0.107421875,-0.234375
14876,1.1328125,1.2890625,-0.1953125,-0.283203125
14877,1.1328125,0.9765625,-0.1171875,-0.29296875
14878,1.181640625,1.171875,-0.17578125,-0.33203125
14879,1.220703125,1.15234375,-0.234375,-0.224609375
14880,1.23046875,1.07421875,-0.205078125,-0.205078125
14881,1.26953125,1.162109375,-0.21484375,-0.322265625
14882,1.171875,1.123046875,-0.126953125,-0.302734375
14883,1.181640625,1.1328125,-0.17578125,-0.25390625
14884,1.142578125,1.044921875,-0.185546875,-0.25390625
14885,1.201171875,1.1328125,-0.283203125,-0.224609375
14886,1.23046875,1.181640625,-0.1953125,-0.25390625
14887,1.19140625,1.015625,-0.205078125,-0.33203125
14888,1.19140625,1.064453125,-0.234375,-0.25390625
14889,1.279296875,1.005859375,-0.234375,-0.2734375
14890,1.357421875,1.11328125,-0.205078125,-0.263671875
14891,1.201171875,1.123046875,-0.166015625,-0.166015625
14892,1.1328125,1.23046875,-0.05859375,-0.2734375
14893,1.220703125,1.220703125,-0.3125,-0.205078125
14894,1.0546875,1.123046875,-0.1953125,-0.283203125
14895,1.25,1.19140625,-0.17578125,-0.205078125
14896,1.23046875,1.171875,-0.107421875,-0.3125
14897,1.19140625,1.11328125,-0.185546875,-0.341796875
14898,1.142578125,1.123046875,-0.185546875,-0.2734375
14899,1.171875,1.181640625,-0.3125,-0.29296875
14900,1.19140625,1.181640625,-0.2734375,-0.478515625
14901,1.19140625,1.083984375,-0.185546875,-0.25390625
14902,1.064453125,1.19140625,-0.29296875,-0.29296875
14903,1.103515625,1.09375,-0.2734375,-0.3515625
14904,1.15234375,1.201171875,-0.341796875,-0.263671875
14905,1.171875,1.142578125,-0.3515625,-0.263671875
14906,1.2890625,1.11328125,-0.283203125,-0.29296875
14907,1.19140625,1.171875,-0.224609375,-0.2734375
14908,1.240234375,1.142578125,-0.25390625,-0.2734375
14909,1.298828125,1.279296875,-0.1953125,-0.166015625
14910,1.25,1.1328125,-0.25390625,-0.224609375
14911,1.30859375,1.19140625,-0.13671875,-0.234375
14912,1.220703125,1.15234375,-0.166015625,-0.361328125
14913,1.19140625,1.201171875,-0.185546875,-0.283203125
14914,1.162109375,1.103515625,-0.185546875,-0.283203125
14915,1.220703125,1.142578125,-0.1171875,-0.05859375
14916,1.201171875,1.142578125,-0.21484375,-0.244140625
14917,1.201171875,1.2109375,-0.37109375,-0.302734375
14918,1.259765625,1.181640625,-0.25390625,-0.234375
14919,1.23046875,0.99609375,-0.107421875,-0.234375
14920,1.201171875,1.15234375,-0.078125,-0.263671875
14921,1.171875,1.123046875,-0.1953125,-0.244140625
14922,1.19140625,1.19140625,-0.224609375,-0.283203125
14923,1.240234375,1.044921875,-0.185546875,-0.244140625
14924,1.240234375,1.23046875,-0.126953125,-0.3515625
14925,1.162109375,1.142578125,-0.25390625,-0.302734375
14926,1.279296875,1.2109375,-0.37109375,-0.3515625
14927,1.23046875,1.09375,-0.283203125,-0.166015625
14928,1.23046875,1.0546875,-0.3515625,-0.263671875
14929,1.15234375,1.123046875,-0.146484375,-0.25390625
14930,1.11328125,1.181640625,-0.205078125,-0.37109375
14931,1.25,1.25,-0.224609375,-0.302734375
14932,1.1328125,1.240234375,-0.33203125,-0.263671875
14933,1.337890625,1.181640625,-0.205078125,-0.224609375
14934,1.09375,1.171875,-0.2734375,-0.29296875
14935,1.15234375,1.240234375,-0.361328125,-0.244140625
14936,1.2890625,1.142578125,-0.2734375,-0.458984375
14937,1.171875,1.38671875,-0.205078125,-0.390625
14938,1.26953125,1.11328125,-0.29296875,-0.263671875
14939,1.162109375,1.23046875,-0.21484375,-0.25390625
14940,1.19140625,1.201171875,-0.234375,-0.37109375
14941,1.162109375,1.03515625,-0.21484375,-0.234375
14942,1.240234375,1.171875,-0.244140625,-0.263671875
14943,1.259765625,1.15234375,-0.3515625,-0.146484375
14944,1.181640625,1.142578125,-0.224609375,-0.2734375
14945,1.171875,1.11328125,-0.21484375,-0.46875
14946,1.26953125,1.2109375,-0.25390625,-0.25390625
14947,1.09375,1.181640625,-0.2734375,-0.302734375
14948,1.15234375,1.23046875,-0.21484375,-0.46875
14949,1.201171875,1.09375,-0.224609375,-0.390625
14950,1.171875,1.279296875,-0.205078125,-0.3125
14951,1.142578125,1.181640625,-0.166015625,-0.263671875
14952,1.240234375,1.123046875,-0.302734375,-0.283203125
14953,1.26953125,1.15234375,-0.29296875,-0.244140625
14954,1.162109375,1.19140625,-0.244140625,-0.33203125
14955,1.240234375,1.103515625,-0.244140625,-0.25390625
14956,1.201171875,1.171875,-0.17578125,-0.2734375
14957,1.15234375,1.181640625,-0.25390625,-0.263671875
14958,1.2109375,1.201171875,-0.17578125,-0.322265625
14959,1.2109375,1.318359375,-0.205078125,-0.263671875
14960,1.11328125,1.123046875,-0.283203125,-0.33203125
14961,1.123046875,1.201171875,-0.21484375,-0.224609375
14962,1.220703125,1.357421875,-0.21484375,-0.3515625
14963,1.15234375,1.240234375,-0.146484375,-0.322265625
14964,1.240234375,1.279296875,-0.234375,-0.33203125
14965,1.15234375,1.220703125,-0.126953125,-0.322265625
14966,1.19140625,1.2890625,-0.400390625,-0.478515625
14967,1.09375,1.220703125,-0.25390625,-0.322265625
14968,1.2109375,1.1328125,-0.2734375,-0.3125
14969,1.25,1.26953125,-0.25390625,-0.390625
14970,1.171875,1.11328125,-0.3125,-0.341796875
14971,1.123046875,1.2109375,-0.205078125,-0.400390625
14972,1.19140625,1.19140625,-0.361328125,-0.25390625
14973,1.171875,1.142578125,-0.3125,-0.244140625
14974,1.11328125,0.986328125,-0.224609375,-0.2734375
14975,1.181640625,1.23046875,-0.29296875,-0.25390625
14976,1.162109375,1.0546875,-0.302734375,-0.15625
14977,1.259765625,1.09375,-0.205078125,-0.37109375
14978,1.142578125,1.181640625,-0.21484375,-0.2734375
14979,1.181640625,1.201171875,-0.3515625,-0.361328125
14980,1.2109375,1.201171875,-0.322265625,-0.302734375
14981,1.2109375,1.15234375,-0.263671875,-0.2734375
14982,1.1328125,1.19140625,-0.322265625,-0.17578125
14983,1.162109375,1.123046875,-0.25390625,-0.29296875
14984,1.1328125,1.25,-0.21484375,-0.283203125
14985,1.171875,1.181640625,-0.21484375,-0.25390625
14986,1.376953125,1.142578125,-0.25390625,-0.2734375
14987,1.19140625,1.19140625,-0.302734375,-0.341796875
14988,1.30859375,1.11328125,-0.166015625,-0.5078125
14989,1.162109375,1.2109375,-0.263671875,-0.361328125
14990,1.220703125,1.123046875,-0.21484375,-0.224609375
14991,1.25,1.162109375,-0.25390625,-0.283203125
14992,1.2109375,1.298828125,-0.205078125,-0.41015625
14993,1.15234375,1.1328125,-0.283203125,-0.3125
14994,1.19140625,1.1328125,-0.166015625,-0.302734375
14995,1.259765625,1.259765625,-0.3125,-0.302734375
14996,1.103515625,1.142578125,-0.2734375,-0.3125
14997,1.279296875,1.220703125,-0.2734375,-0.498046875
14998,1.220703125,1.30859375,-0.263671875,-0.2734375
14999,1.2109375,0.99609375,-0.1953125,-0.283203125
15000,1.2890625,1.25,-0.263671875,-0.3125
15001,1.201171875,1.23046875,-0.244140625,-0.302734375
15002,1.201171875,1.103515625,-0.33203125,-0.37109375
15003,1.19140625,1.142578125,-0.3515625,-0.37109375
15004,1.50390625,1.2890625,-0.244140625,-0.322265625
15005,1.07421875,1.19140625,-0.244140625,-0.322265625
15006,1.34765625,1.2890625,-0.302734375,-0.3125
15007,1.201171875,1.298828125,-0.1953125,-0.361328125
15008,1.259765625,1.19140625,-0.263671875,-0.341796875
15009,1.2890625,1.337890625,-0.09765625,-0.302734375
15010,1.259765625,1.23046875,-0.205078125,-0.25390625
15011,1.240234375,1.279296875,-0.2734375,-0.3125
15012,1.240234375,1.259765625,-0.21484375,-0.341796875
15013,1.162109375,1.240234375,-0.126953125,-0.205078125
15014,1.240234375,1.11328125,-0.17578125,-0.29296875
15015,1.2109375,1.2890625,-0.234375,-0.3125
15016,1.23046875,1.2890625,-0.205078125,-0.33203125
15017,1.328125,1.357421875,-0.1171875,-0.3125
15018,1.30859375,1.23046875,-0.17578125,-0.390625
15019,1.494140625,1.259765625,-0.185546875,-0.341796875
15020,1.337890625,1.1328125,-0.205078125,-0.302734375
15021,1.396484375,1.162109375,-0.29296875,-0.41015625
15022,1.26953125,1.30859375,-0.37109375,-0.25390625
15023,1.240234375,1.25,-0.078125,-0.21484375
15024,1.240234375,1.298828125,-0.322265625,-0.283203125
15025,1.240234375,1.30859375,-0.263671875,-0.37109375
15026,1.298828125,1.07421875,-0.17578125,-0.2734375
15027,1.3671875,1.279296875,-0.25390625,-0.5078125
15028,1.318359375,1.201171875,-0.3125,-0.419921875
15029,1.40625,1.259765625,-0.25390625,-0.390625
15030,1.435546875,1.11328125,-0.400390625,-0.458984375
15031,1.2890625,1.201171875,-0.283203125,-0.41015625
15032,1.328125,1.25,-0.25390625,-0.37109375
15033,1.4453125,1.259765625,-0.341796875,-0.2734375
15034,1.26953125,1.259765625,-0.341796875,-0.33203125
15035,1.337890625,1.25,-0.21484375,-0.37109375
15036,1.259765625,1.279296875,-0.09765625,-0.2734375
15037,1.1328125,1.259765625,-0.263671875,-0.283203125
15038,1.279296875,1.142578125,-0.341796875,-0.302734375
15039,1.23046875,1.181640625,-0.244140625,-0.46875
15040,1.23046875,1.259765625,-0.283203125,-0.625
15041,1.220703125,1.162109375,-0.21484375,-0.283203125
15042,1.220703125,1.181640625,-0.205078125,-0.37109375
15043,1.26953125,1.201171875,-0.21484375,-0.205078125
15044,1.26953125,1.162109375,-0.283203125,-0.322265625
15045,1.2890625,1.162109375,-0.1953125,-0.33203125
15046,1.328125,1.23046875,-0.166015625,-0.380859375
15047,1.123046875,1.181640625,-0.205078125,-0.3125
15048,1.3671875,1.30859375,-0.3515625,-0.361328125
15049,1.455078125,1.162109375,-0.21484375,-0.322265625
15050,1.171875,1.30859375,-0.224609375,-0.224609375
15051,1.318359375,1.34765625,-0.1953125,-0.322265625
15052,1.279296875,1.298828125,-0.3125,-0.52734375
15053,1.220703125,1.259765625,-0.25390625,-0.4296875
15054,1.279296875,1.220703125,-0.322265625,-0.33203125
15055,1.240234375,1.240234375,-0.322265625,-0.302734375
15056,1.25,1.259765625,-0.2734375,-0.44921875
15057,1.19140625,1.123046875,-0.33203125,-0.302734375
15058,1.2109375,1.2890625,-0.263671875,-0.283203125
15059,1.201171875,1.23046875,-0.29296875,-0.3515625
15060,1.259765625,1.25,-0.33203125,-0.33203125
15061,1.30859375,1.162109375,-0.244140625,-0.2734375
15062,1.240234375,1.162109375,-0.37109375,-0.37109375
15063,1.26953125,1.357421875,-0.234375,-0.361328125
15064,1.259765625,1.2109375,-0.2734375,-0.341796875
15065,1.23046875,1.09375,-0.302734375,-0.33203125
15066,1.2890625,1.181640625,-0.263671875,-0.283203125
15067,1.15234375,1.103515625,-0.146484375,-0.263671875
15068,1.259765625,1.25,-0.283203125,-0.244140625
15069,1.11328125,1.220703125,-0.224609375,-0.263671875
15070,1.337890625,1.201171875,-0.185546875,-0.4296875
15071,1.2109375,1.171875,-0.234375,-0.302734375
15072,1.181640625,1.25,-0.29296875,-0.390625
15073,1.19140625,1.2109375,-0.185546875,-0.458984375
15074,1.09375,1.181640625,-0.263671875,-0.5078125
15075,1.123046875,1.181640625,-0.341796875,-0.400390625
15076,1.201171875,1.0546875,-0.263671875,-0.390625
15077,1.11328125,1.015625,-0.244140625,-0.224609375
15078,1.259765625,1.171875,-0.263671875,-0.380859375
15079,1.201171875,1.1328125,-0.224609375,-0.576171875
15080,1.240234375,1.123046875,-0.224609375,-0.400390625
15081,1.123046875,1.171875,-0.2734375,-0.380859375
15082,1.03515625,1.15234375,-0.234375,-0.302734375
15083,1.171875,1.2109375,-0.185546875,-0.439453125
15084,1.279296875,1.162109375,-0.3515625,-0.37109375
15085,1.19140625,1.142578125,-0.29296875,-0.4296875
15086,1.064453125,1.19140625,-0.29296875,-0.439453125
15087,1.298828125,1.162109375,-0.2734375,-0.44921875
15088,1.2109375,1.279296875,-0.185546875,-0.234375
15089,1.26953125,1.2109375,-0.322265625,-0.263671875
15090,1.220703125,1.2109375,-0.3515625,-0.302734375
15091,1.171875,1.240234375,-0.166015625,-0.41015625
15092,1.220703125,1.171875,-0.244140625,-0.2734375
15093,1.201171875,1.181640625,-0.3515625,-0.419921875
15094,1.2109375,1.181640625,-0.29296875,-0.302734375
15095,1.2890625,1.25,-0.2734375,-0.44921875
15096,1.220703125,1.2890625,-0.3125,-0.3515625
15097,1.240234375,1.181640625,-0.458984375,-0.3125
15098,1.220703125,1.23046875,-0.29296875,-0.400390625
15099,1.181640625,1.220703125,-0.166015625,-0.400390625
15100,1.025390625,1.181640625,-0.21484375,-0.361328125
15101,1.123046875,1.220703125,-0.283203125,-0.37109375
15102,1.201171875,1.171875,-0.234375,-0.341796875
15103,1.142578125,1.2109375,-0.341796875,-0.52734375
15104,1.201171875,1.26953125,-0.25390625,-0.380859375
15105,1.064453125,1.123046875,-0.263671875,-0.419921875
15106,1.044921875,1.220703125,-0.107421875,-0.361328125
15107,1.103515625,1.15234375,-0.3125,-0.322265625
15108,1.1328125,1.103515625,-0.263671875,-0.341796875
15109,1.07421875,1.2109375,-0.322265625,-0.41015625
15110,1.15234375,1.142578125,-0.146484375,-0.498046875
15111,1.083984375,1.298828125,-0.25390625,-0.3515625
15112,1.220703125,1.15234375,-0.244140625,-0.37109375
15113,1.15234375,1.25,-0.224609375,-0.361328125
15114,1.201171875,0.99609375,-0.25390625,-0.41015625
15115,1.171875,1.162109375,-0.1953125,-0.380859375
15116,1.142578125,1.11328125,-0.283203125,-0.517578125
15117,1.240234375,1.2890625,-0.283203125,-0.302734375
15118,1.171875,1.07421875,-0.224609375,-0.380859375
15119,1.181640625,1.171875,-0.205078125,-0.224609375
15120,1.103515625,1.181640625,-0.263671875,-0.37109375
15121,1.201171875,1.0546875,-0.1953125,-0.390625
15122,1.26953125,1.2109375,-0.185546875,-0.400390625
15123,1.162109375,1.025390625,-0.21484375,-0.341796875
15124,1.19140625,1.396484375,-0.205078125,-0.341796875
15125,1.15234375,1.15234375,-0.244140625,-0.37109375
15126,1.142578125,1.181640625,-0.29296875,-0.419921875
15127,1.201171875,1.142578125,-0.15625,-0.3515625
15128,1.19140625,1.1328125,-0.234375,-0.3515625
15129,1.23046875,1.142578125,-0.244140625,-0.37109375
15130,1.220703125,1.15234375,-0.078125,-0.3125
15131,1.240234375,1.083984375,-0.0390625,-0.224609375
15132,1.240234375,1.03515625,-0.205078125,-0.361328125
15133,1.171875,1.15234375,-0.244140625,-0.361328125
15134,1.220703125,1.09375,-0.244140625,-0.2734375
15135,1.26953125,1.03515625,-0.302734375,-0.33203125
15136,1.142578125,0.927734375,-0.302734375,-0.302734375
15137,1.171875,1.03515625,-0.09765625,-0.234375
15138,1.26953125,1.123046875,-0.224609375,-0.224609375
15139,1.2109375,1.064453125,-0.283203125,-0.3515625
15140,1.2109375,1.09375,-0.283203125,-0.283203125
15141,1.26953125,1.15234375,-0.2734375,-0.361328125
15142,1.19140625,1.103515625,-0.2734375,-0.3125
15143,1.19140625,1.0546875,-0.205078125,-0.302734375
15144,1.123046875,0.986328125,-0.25390625,-0.283203125
15145,1.240234375,1.015625,-0.3125,-0.3125
15146,1.171875,1.044921875,-0.25390625,-0.185546875
15147,1.162109375,1.015625,-0.205078125,-0.341796875
15148,1.259765625,0.888671875,-0.166015625,-0.322265625
15149,1.181640625,1.015625,-0.1171875,-0.21484375
15150,1.25,0.95703125,-0.244140625,-0.25390625
15151,1.298828125,1.044921875,-0.205078125,-0.1953125
15152,1.259765625,1.083984375,-0.380859375,-0.244140625
15153,1.25,1.123046875,-0.263671875,-0.3515625
15154,1.15234375,1.064453125,-0.1171875,-0.29296875
15155,1.259765625,1.025390625,-0.29296875,-0.33203125
15156,1.2109375,0.947265625,-0.185546875,-0.263671875
15157,1.240234375,1.064453125,-0.15625,-0.341796875
15158,1.220703125,1.015625,-0.15625,-0.283203125
15159,1.181640625,1.07421875,-0.17578125,-0.361328125
15160,1.171875,1.1328125,-0.146484375,-0.341796875
15161,1.103515625,1.0546875,-0.224609375,-0.341796875
15162,1.2109375,1.0546875,-0.3515625,-0.390625
15163,1.25,1.03515625,-0.2734375,-0.1953125
15164,1.220703125,1.064453125,-0.185546875,-0.21484375
15165,1.19140625,1.09375,-0.224609375,-0.263671875
15166,1.162109375,1.15234375,-0.263671875,-0.41015625
15167,1.3671875,1.083984375,-0.185546875,-0.33203125
15168,1.201171875,1.03515625,-0.21484375,-0.498046875
15169,1.220703125,1.11328125,-0.185546875,-0.37109375
15170,1.181640625,0.986328125,-0.263671875,-0.234375
15171,1.181640625,1.03515625,-0.283203125,-0.302734375
15172,1.2109375,0.9765625,-0.1953125,-0.341796875
15173,1.220703125,0.859375,-0.341796875,-0.3125
15174,1.26953125,1.025390625,-0.263671875,-0.44921875
15175,1.220703125,0.986328125,-0.244140625,-0.302734375
15176,1.23046875,0.908203125,-0.29296875,-0.29296875
15177,1.11328125,0.99609375,-0.29296875,-0.439453125
15178,1.181640625,1.064453125,-0.205078125,-0.33203125
15179,1.201171875,1.142578125,-0.419921875,-0.302734375
15180,1.19140625,1.162109375,-0.205078125,-0.341796875
15181,1.318359375,1.044921875,-0.234375,-0.302734375
15182,1.23046875,0.888671875,-0.263671875,-0.263671875
15183,1.181640625,1.015625,-0.322265625,-0.2734375
15184,1.201171875,1.07421875,-0.29296875,-0.205078125
15185,1.064453125,0.986328125,-0.1953125,-0.25390625
15186,1.07421875,1.015625,-0.3125,-0.25390625
15187,1.240234375,0.9375,-0.224609375,-0.263671875
15188,1.2109375,0.986328125,-0.302734375,-0.302734375
15189,1.201171875,0.8984375,-0.21484375,-0.3515625
15190,1.220703125,0.927734375,-0.21484375,-0.3125
15191,1.142578125,0.80078125,-0.322265625,-0.283203125
15192,1.162109375,1.11328125,-0.205078125,-0.380859375
15193,1.142578125,1.083984375,-0.205078125,-0.361328125
15194,1.181640625,0.986328125,-0.21484375,-0.3125
15195,1.181640625,1.025390625,-0.21484375,-0.390625
15196,1.2109375,0.9765625,-0.21484375,-0.322265625
15197,1.23046875,1.15234375,-0.37109375,-0.3515625
15198,1.25,1.083984375,-0.25390625,-0.29296875
15199,1.2109375,1.1328125,-0.15625,-0.15625
15200,1.259765625,1.0546875,-0.234375,-0.341796875
15201,1.26953125,1.064453125,-0.25390625,-0.302734375
15202,1.220703125,1.083984375,-0.224609375,-0.439453125
15203,1.19140625,1.123046875,-0.21484375,-0.380859375
15204,1.162109375,1.171875,-0.205078125,-0.25390625
15205,1.11328125,1.11328125,-0.3515625,-0.29296875
15206,1.240234375,1.064453125,-0.25390625,-0.263671875
15207,1.279296875,1.025390625,-0.439453125,-0.400390625
15208,1.279296875,1.09375,-0.244140625,-0.29296875
15209,1.1328125,1.025390625,-0.33203125,-0.3125
15210,1.26953125,1.083984375,-0.439453125,-0.400390625
15211,1.1328125,1.07421875,-0.205078125,-0.21484375
15212,1.19140625,1.162109375,-0.17578125,-0.263671875
15213,1.11328125,1.025390625,-0.3125,-0.263671875
15214,1.181640625,1.064453125,-0.17578125,-0.302734375
15215,1.171875,1.064453125,-0.21484375,-0.390625
15216,1.103515625,1.044921875,-0.33203125,-0.361328125
15217,1.2109375,1.064453125,-0.1953125,-0.37109375
15218,1.26953125,1.171875,-0.185546875,-0.390625
15219,1.15234375,1.044921875,-0.341796875,-0.3125
15220,1.337890625,1.103515625,-0.205078125,-0.263671875
15221,1.142578125,1.15234375,-0.302734375,-0.33203125
15222,1.123046875,1.11328125,-0.21484375,-0.302734375
15223,1.259765625,1.083984375,-0.21484375,-0.166015625
15224,1.19140625,1.0546875,-0.166015625,-0.3125
15225,1.19140625,1.064453125,-0.185546875,-0.2734375
15226,1.103515625,1.083984375,-0.25390625,-0.13671875
15227,1.2109375,1.15234375,-0.146484375,-0.224609375
15228,1.220703125,1.11328125,-0.17578125,-0.126953125
15229,1.19140625,1.025390625,-0.224609375,-0.33203125
15230,1.2109375,0.99609375,-0.263671875,-0.380859375
15231,1.279296875,0.986328125,-0.205078125,-0.322265625
15232,1.142578125,1.064453125,-0.224609375,-0.185546875
15233,1.11328125,1.07421875,-0.21484375,-0.33203125
15234,1.318359375,1.279296875,-0.087890625,-0.3125
15235,1.171875,1.162109375,-0.1171875,-0.2734375
15236,1.2109375,1.26953125,-0.185546875,-0.263671875
15237,1.259765625,1.083984375,-0.09765625,-0.283203125
15238,1.2109375,1.044921875,-0.1953125,-0.17578125
15239,1.23046875,0.927734375,-0.3125,-0.3125
15240,1.220703125,1.11328125,-0.21484375,-0.302734375
15241,1.09375,1.162109375,-0.25390625,-0.263671875
15242,1.0546875,1.171875,-0.224609375,-0.283203125
15243,1.2109375,1.123046875,-0.244140625,-0.263671875
15244,1.240234375,1.11328125,-0.244140625,-0.458984375
15245,1.103515625,1.025390625,-0.166015625,-0.283203125
15246,1.240234375,1.083984375,-0.17578125,-0.283203125
15247,1.25,1.171875,-0.205078125,-0.322265625
15248,1.15234375,1.123046875,-0.126953125,-0.390625
15249,1.19140625,1.044921875,-0.09765625,-0.361328125
15250,1.2109375,1.162109375,-0.1953125,-0.234375
15251,1.298828125,1.142578125,-0.15625,-0.322265625
15252,1.3671875,1.142578125,-0.107421875,-0.234375
15253,1.38671875,0.95703125,-0.146484375,-0.263671875
15254,1.318359375,1.142578125,-0.1953125,-0.1953125
15255,1.25,1.220703125,-0.21484375,-0.25390625
15256,1.318359375,1.025390625,-0.087890625,-0.390625
15257,1.337890625,1.09375,-0.2734375,-0.13671875
15258,1.298828125,1.064453125,-0.3125,-0.263671875
15259,1.279296875,1.142578125,-0.234375,-0.517578125
15260,1.279296875,1.07421875,-0.21484375,-0.29296875
15261,1.25,0.927734375,-0.2734375,-0.146484375
15262,1.279296875,1.103515625,-0.15625,-0.126953125
15263,1.162109375,1.19140625,-0.341796875,-0.205078125
15264,1.23046875,1.1328125,-0.283203125,-0.25390625
15265,1.171875,1.1328125,-0.341796875,-0.25390625
15266,1.15234375,1.025390625,-0.185546875,-0.224609375
15267,1.181640625,1.23046875,-0.400390625,-0.2734375
15268,1.23046875,1.1328125,-0.361328125,-0.263671875
15269,1.064453125,1.19140625,-0.205078125,-0.126953125
15270,1.240234375,1.103515625,-0.2734375,-0.25390625
15271,1.19140625,1.103515625,-0.419921875,-0.263671875
15272,1.11328125,1.1328125,-0.341796875,-0.322265625
15273,1.259765625,1.123046875,-0.380859375,-0.21484375
15274,1.181640625,1.064453125,-0.400390625,-0.3125
15275,1.19140625,1.083984375,-0.29296875,-0.263671875
15276,1.220703125,1.083984375,-0.29296875,-0.29296875
15277,1.1328125,1.0546875,-0.244140625,-0.205078125
15278,1.25,1.064453125,-0.390625,-0.029296875
15279,1.1328125,1.09375,-0.283203125,-0.322265625
15280,1.11328125,1.15234375,-0.419921875,-0.458984375
15281,1.142578125,1.03515625,-0.2734375,-0.166015625
15282,1.181640625,0.87890625,-0.341796875,-0.1953125
15283,1.240234375,1.11328125,-0.33203125,-0.244140625
15284,1.259765625,1.005859375,-0.3515625,-0.3515625
15285,1.240234375,1.1328125,-0.25390625,-0.244140625
15286,1.19140625,1.09375,-0.263671875,-0.205078125
15287,1.11328125,1.1328125,-0.205078125,-0.1953125
15288,1.2109375,1.07421875,-0.234375,-0.21484375
15289,1.25,1.15234375,-0.205078125,-0.3125
15290,1.162109375,1.142578125,-0.244140625,-0.322265625
15291,1.220703125,1.025390625,-0.2734375,-0.224609375
15292,1.171875,0.986328125,-0.1953125,-0.263671875
15293,1.142578125,1.23046875,-0.234375,-0.234375
15294,1.171875,0.927734375,-0.341796875,-0.1953125
15295,1.083984375,1.064453125,-0.33203125,-0.1953125
15296,1.11328125,1.19140625,-0.224609375,-0.302734375
15297,1.181640625,1.2109375,-0.21484375,-0.25390625
15298,1.162109375,0.9375,-0.1953125,-0.234375
15299,0.95703125,1.142578125,-0.25390625,-0.2734375
15300,1.07421875,1.025390625,-0.283203125,-0.3515625
15301,1.15234375,1.0546875,-0.1953125,-0.244140625
15302,1.25,1.103515625,-0.09765625,-0.146484375
15303,1.181640625,1.064453125,-0.2734375,-0.263671875
15304,1.03515625,1.220703125,-0.244140625,-0.244140625
15305,1.19140625,1.07421875,-0.21484375,-0.2734375
15306,1.123046875,0.99609375,-0.107421875,-0.17578125
15307,1.09375,1.279296875,-0.2734375,-0.263671875
15308,1.015625,1.123046875,-0.13671875,-0.21484375
15309,1.11328125,1.025390625,-0.15625,-0.224609375
15310,1.201171875,1.103515625,-0.322265625,-0.3515625
15311,1.201171875,1.171875,-0.126953125,-0.146484375
15312,1.123046875,1.240234375,-0.234375,-0.15625
15313,1.142578125,1.23046875,-0.205078125,-0.25390625
15314,1.103515625,1.201171875,-0.205078125,-0.46875
15315,1.07421875,1.240234375,-0.234375,-0.21484375
15316,1.142578125,1.23046875,-0.1953125,-0.25390625
15317,1.142578125,1.123046875,-0.25390625,-0.302734375
15318,1.11328125,1.171875,-0.224609375,-0.15625
15319,1.103515625,1.103515625,-0.29296875,-0.29296875
15320,1.103515625,1.171875,-0.1953125,-0.341796875
15321,1.07421875,1.142578125,-0.1953125,-0.263671875
15322,1.07421875,1.19140625,-0.244140625,-0.322265625
15323,1.240234375,1.09375,-0.234375,-0.263671875
15324,1.11328125,1.123046875,-0.146484375,-0.1953125
15325,1.083984375,1.103515625,-0.244140625,-0.322265625
15326,1.220703125,1.11328125,-0.107421875,-0.244140625
15327,1.15234375,1.15234375,-0.283203125,-0.341796875
15328,1.201171875,1.123046875,-0.205078125,-0.302734375
15329,1.142578125,1.162109375,-0.234375,-0.322265625
15330,1.23046875,1.15234375,-0.205078125,-0.263671875
15331,0.99609375,1.181640625,-0.17578125,-0.3515625
15332,1.15234375,1.2109375,-0.44921875,-0.224609375
15333,1.23046875,1.083984375,-0.1953125,-0.29296875
15334,1.19140625,1.103515625,-0.13671875,-0.17578125
15335,1.201171875,1.07421875,-0.166015625,-0.263671875
15336,1.123046875,1.083984375,-0.17578125,-0.3125
15337,1.240234375,1.162109375,-0.322265625,-0.244140625
15338,1.19140625,1.181640625,-0.390625,-0.205078125
15339,1.19140625,1.171875,-0.146484375,-0.087890625
15340,1.220703125,1.171875,-0.21484375,-0.166015625
15341,1.26953125,1.142578125,-0.15625,-0.33203125
15342,1.181640625,1.220703125,-0.263671875,-0.341796875
15343,1.23046875,1.083984375,-0.21484375,-0.283203125
15344,1.25,1.2109375,-0.1953125,-0.263671875
15345,1.2890625,1.162109375,-0.263671875,-0.302734375
15346,1.220703125,1.1328125,-0.224609375,-0.244140625
15347,1.259765625,1.30859375,-0.205078125,-0.185546875
15348,1.25,1.181640625,-0.17578125,-0.29296875
15349,1.26953125,1.103515625,-0.15625,-0.283203125
15350,1.2109375,1.396484375,-0.2734375,-0.224609375
15351,1.318359375,1.2109375,-0.302734375,-0.3125
15352,1.23046875,1.162109375,-0.205078125,-0.25390625
15353,1.19140625,1.1328125,-0.283203125,-0.21484375
15354,1.259765625,1.15234375,-0.126953125,-0.283203125
15355,1.11328125,1.2109375,-0.234375,-0.33203125
15356,1.23046875,1.19140625,-0.224609375,-0.21484375
15357,1.1328125,1.19140625,-0.361328125,-0.29296875
15358,1.220703125,1.23046875,-0.15625,-0.29296875
15359,1.298828125,1.09375,-0.166015625,-0.234375
15360,1.15234375,1.181640625,-0.21484375,-0.3125
15361,1.15234375,1.15234375,-0.234375,-0.13671875
15362,1.083984375,1.25,-0.1953125,-0.205078125
15363,1.11328125,1.201171875,-0.1171875,-0.322265625
15364,1.15234375,1.162109375,-0.244140625,-0.3125
15365,1.162109375,1.162109375,-0.244140625,-0.302734375
15366,1.220703125,1.142578125,-0.283203125,-0.1171875
15367,1.201171875,1.19140625,-0.263671875,-0.2734375
15368,1.103515625,1.279296875,-0.21484375,-0.322265625
15369,1.240234375,1.240234375,-0.263671875,-0.33203125
15370,1.298828125,1.2109375,-0.17578125,-0.341796875
15371,1.181640625,1.07421875,-0.17578125,-0.322265625
15372,1.19140625,1.23046875,-0.302734375,-0.244140625
15373,1.279296875,1.2890625,-0.1953125,-0.234375
15374,1.171875,1.240234375,-0.380859375,-0.205078125
15375,1.220703125,1.181640625,-0.33203125,-0.4296875
15376,1.328125,1.34765625,-0.21484375,-0.263671875
15377,1.220703125,1.07421875,-0.2734375,-0.1953125
15378,1.142578125,1.181640625,-0.13671875,-0.1953125
15379,1.201171875,1.298828125,-0.21484375,-0.01953125
15380,1.181640625,1.162109375,-0.205078125,-0.244140625
15381,1.240234375,1.298828125,-0.185546875,-0.341796875
15382,1.220703125,1.181640625,-0.234375,-0.2734375
15383,1.15234375,1.3671875,-0.224609375,-0.2734375
15384,1.26953125,1.2109375,-0.224609375,-0.41015625
15385,1.201171875,1.19140625,-0.283203125,-0.244140625
15386,1.26953125,1.201171875,-0.3125,-0.2734375
15387,1.201171875,1.2109375,-0.263671875,-0.263671875
15388,1.416015625,1.171875,-0.263671875,-0.2734375
15389,1.328125,1.171875,-0.322265625,-0.244140625
15390,1.23046875,1.15234375,-0.400390625,-0.29296875
15391,1.240234375,1.2109375,-0.25390625,-0.283203125
15392,1.25,1.181640625,-0.29296875,-0.361328125
15393,1.240234375,1.2109375,-0.185546875,-0.13671875
15394,1.103515625,1.201171875,-0.126953125,-0.244140625
15395,1.201171875,1.240234375,-0.29296875,-0.341796875
15396,1.220703125,1.240234375,-0.380859375,-0.2734375
15397,1.171875,1.259765625,-0.234375,0
15398,1.201171875,1.259765625,-0.224609375,-0.283203125
15399,1.162109375,1.26953125,-0.09765625,-0.2734375
15400,1.240234375,1.298828125,-0.263671875,-0.224609375
15401,1.23046875,1.2109375,-0.33203125,-0.283203125
15402,1.171875,1.181640625,-0.234375,-0.341796875
15403,1.103515625,1.15234375,-0.15625,-0.21484375
15404,1.23046875,1.34765625,-0.37109375,-0.2734375
15405,1.30859375,1.23046875,-0.205078125,-0.29296875
15406,1.26953125,1.240234375,-0.33203125,-0.361328125
15407,1.181640625,1.240234375,-0.33203125,-0.29296875
15408,1.0546875,1.34765625,-0.2734375,-0.25390625
15409,1.123046875,1.2109375,-0.263671875,-0.390625
15410,1.15234375,1.259765625,-0.322265625,-0.3125
15411,1.1328125,1.0546875,-0.419921875,-0.234375
15412,1.328125,1.2109375,-0.29296875,-0.166015625
15413,1.15234375,1.19140625,-0.2734375,-0.2734375
15414,1.123046875,1.220703125,-0.3125,-0.3125
15415,1.083984375,1.23046875,-0.3515625,-0.283203125
15416,1.240234375,1.220703125,-0.17578125,-0.4296875
15417,1.201171875,1.064453125,-0.25390625,-0.263671875
15418,1.2109375,1.25,-0.244140625,-0.2734375
15419,1.181640625,1.259765625,-0.166015625,-0.33203125
15420,1.240234375,1.220703125,-0.33203125,-0.2734375
15421,1.083984375,1.2109375,-0.205078125,-0.390625
15422,1.162109375,1.15234375,-0.244140625,-0.361328125
15423,1.162109375,1.26953125,-0.263671875,-0.283203125
15424,1.23046875,1.259765625,-0.302734375,-0.1953125
15425,1.220703125,1.328125,-0.25390625,-0.283203125
15426,1.142578125,1.240234375,-0.263671875,-0.234375
15427,1.240234375,1.279296875,-0.21484375,-0.078125
15428,1.26953125,1.123046875,-0.263671875,-0.283203125
15429,1.2109375,1.26953125,-0.361328125,-0.185546875
15430,1.19140625,1.279296875,-0.234375,-0.224609375
15431,1.34765625,1.259765625,-0.205078125,-0.283203125
15432,1.318359375,1.2109375,-0.37109375,-0.37109375
15433,1.318359375,1.220703125,-0.380859375,-0.185546875
15434,1.25,1.259765625,-0.29296875,-0.390625
15435,1.23046875,1.26953125,-0.29296875,-0.37109375
15436,1.23046875,1.19140625,-0.126953125,-0.3515625
15437,1.259765625,1.162109375,-0.15625,-0.46875
15438,1.220703125,1.259765625,-0.2734375,-0.322265625
15439,1.162109375,1.23046875,-0.224609375,-0.29296875
15440,1.240234375,1.259765625,-0.185546875,-0.17578125
15441,1.19140625,1.42578125,-0.244140625,-0.361328125
15442,1.30859375,1.259765625,-0.3515625,-0.341796875
15443,1.25,1.103515625,-0.15625,-0.44921875
15444,1.201171875,1.25,-0.234375,-0.3515625
15445,1.328125,1.19140625,-0.224609375,-0.478515625
15446,1.34765625,1.220703125,-0.1953125,-0.224609375
15447,1.357421875,1.220703125,-0.185546875,-0.322265625
15448,1.50390625,1.162109375,-0.078125,-0.283203125
15449,1.34765625,1.201171875,-0.146484375,-0.25390625
15450,1.40625,1.2109375,-0.244140625,-0.263671875
15451,1.376953125,1.2890625,-0.17578125,-0.380859375
15452,1.2890625,1.201171875,-0.283203125,-0.25390625
15453,1.2109375,1.26953125,-0.224609375,-0.224609375
15454,1.34765625,1.23046875,-0.146484375,-0.2734375
15455,1.3671875,1.240234375,-0.234375,-0.341796875
15456,1.240234375,0.986328125,-0.3515625,-0.322265625
15457,1.2890625,1.26953125,-0.263671875,-0.341796875
15458,1.318359375,1.357421875,-0.2734375,-0.224609375
15459,1.34765625,1.123046875,-0.21484375,-0.341796875
15460,1.26953125,1.2109375,-0.302734375,-0.17578125
15461,1.318359375,1.279296875,-0.29296875,-0.4296875
15462,1.298828125,1.25,-0.302734375,-0.361328125
15463,1.2890625,1.298828125,-0.283203125,-0.3125
15464,1.318359375,1.30859375,-0.263671875,-0.3125
15465,1.2109375,1.259765625,-0.13671875,-0.2734375
15466,1.181640625,1.298828125,-0.205078125,-0.302734375
15467,1.337890625,1.25,-0.263671875,-0.3515625
15468,1.26953125,1.2890625,-0.2734375,-0.3125
15469,1.171875,1.34765625,-0.234375,-0.44921875
15470,1.328125,1.279296875,-0.234375,-0.3125
15471,1.162109375,1.279296875,-0.2734375,-0.302734375
15472,1.25,1.298828125,-0.17578125,-0.302734375
15473,1.25,1.26953125,-0.234375,-0.419921875
15474,1.240234375,1.328125,-0.244140625,-0.283203125
15475,1.162109375,1.171875,-0.3125,-0.3515625
15476,1.298828125,1.162109375,-0.21484375,-0.439453125
15477,1.25,1.142578125,-0.263671875,-0.380859375
15478,1.171875,1.103515625,-0.33203125,-0.400390625
15479,1.171875,1.25,-0.234375,-0.361328125
15480,1.201171875,1.25,-0.29296875,-0.3515625
15481,1.279296875,1.19140625,-0.283203125,-0.390625
15482,1.240234375,1.142578125,-0.224609375,-0.390625
15483,1.26953125,1.25,-0.224609375,-0.341796875
15484,1.25,1.11328125,-0.341796875,-0.341796875
15485,1.279296875,1.171875,-0.380859375,-0.380859375
15486,1.181640625,1.123046875,-0.283203125,-0.33203125
15487,1.25,1.2109375,-0.3515625,-0.322265625
15488,1.240234375,1.201171875,-0.390625,-0.3125
15489,1.103515625,1.162109375,-0.283203125,-0.263671875
15490,1.23046875,1.279296875,-0.146484375,-0.37109375
15491,1.259765625,1.25,-0.3125,-0.3125
15492,1.279296875,1.25,-0.283203125,-0.3515625
15493,1.328125,1.09375,-0.25390625,-0.3515625
15494,1.201171875,1.15234375,-0.21484375,-0.380859375
15495,1.259765625,1.23046875,-0.185546875,-0.322265625
15496,1.240234375,1.2109375,-0.283203125,-0.263671875
15497,1.376953125,1.201171875,-0.29296875,-0.166015625
15498,1.357421875,1.181640625,-0.1953125,-0.048828125
15499,1.30859375,1.23046875,-0.3125,-0.322265625
15500,1.26953125,1.240234375,-0.1953125,-0.400390625
15501,1.23046875,1.171875,-0.244140625,-0.263671875
15502,1.26953125,1.40625,-0.224609375,-0.341796875
15503,1.328125,1.2109375,-0.33203125,-0.263671875
15504,1.201171875,1.2109375,-0.185546875,-0.44921875
15505,1.23046875,1.220703125,-0.322265625,-0.3515625
15506,1.23046875,1.201171875,-0.234375,-0.341796875
15507,1.2109375,1.142578125,-0.2734375,-0.205078125
15508,1.23046875,1.201171875,-0.244140625,-0.361328125
15509,1.279296875,1.1328125,-0.29296875,-0.400390625
15510,1.181640625,1.23046875,-0.21484375,-0.322265625
15511,1.19140625,1.103515625,-0.322265625,-0.3125
15512,1.318359375,1.162109375,-0.25390625,-0.400390625
15513,1.26953125,1.201171875,-0.283203125,-0.41015625
15514,1.26953125,1.220703125,-0.3125,-0.390625
15515,1.11328125,1.142578125,-0.146484375,-0.283203125
15516,1.171875,1.142578125,-0.244140625,-0.44921875
15517,1.23046875,1.240234375,-0.2734375,-0.3515625
15518,1.103515625,1.162109375,-0.224609375,-0.390625
15519,1.23046875,1.240234375,-0.21484375,-0.419921875
15520,1.220703125,1.2890625,-0.17578125,-0.37109375
15521,1.181640625,1.279296875,-0.205078125,-0.33203125
15522,1.171875,1.26953125,-0.224609375,-0.439453125
15523,1.162109375,1.298828125,-0.166015625,-0.380859375
15524,1.19140625,1.279296875,-0.341796875,-0.283203125
15525,1.23046875,1.181640625,-0.224609375,-0.263671875
15526,1.03515625,1.1328125,-0.302734375,-0.380859375
15527,1.318359375,1.25,-0.185546875,-0.3515625
15528,1.220703125,1.30859375,-0.1953125,-0.322265625
15529,1.11328125,1.328125,-0.205078125,-0.478515625
15530,1.2109375,1.2890625,-0.33203125,-0.341796875
15531,1.162109375,1.162109375,-0.224609375,-0.390625
15532,1.2109375,1.240234375,-0.244140625,-0.37109375
15533,1.25,1.015625,-0.25390625,-0.3125
15534,1.15234375,1.181640625,-0.17578125,-0.341796875
15535,1.26953125,1.1328125,-0.302734375,-0.400390625
15536,1.171875,1.23046875,-0.361328125,-0.322265625
15537,1.23046875,1.259765625,-0.302734375,-0.283203125
15538,1.26953125,1.220703125,-0.185546875,-0.341796875
15539,1.220703125,1.171875,-0.21484375,-0.3515625
15540,1.201171875,1.2109375,-0.263671875,-0.439453125
15541,1.142578125,1.25,-0.283203125,-0.37109375
15542,1.19140625,1.38671875,-0.29296875,-0.361328125
15543,1.09375,1.19140625,-0.244140625,-0.390625
15544,1.23046875,1.259765625,-0.185546875,-0.400390625
15545,1.2109375,1.30859375,-0.126953125,-0.361328125
15546,1.26953125,1.11328125,-0.25390625,-0.33203125
15547,1.259765625,1.015625,-0.380859375,-0.41015625
15548,1.337890625,1.123046875,-0.234375,-0.3125
15549,1.15234375,1.03515625,-0.146484375,-0.3125
15550,1.162109375,1.123046875,-0.302734375,-0.234375
15551,1.26953125,1.181640625,-0.224609375,-0.41015625
15552,1.171875,1.201171875,-0.1953125,-0.380859375
15553,1.30859375,1.26953125,-0.29296875,-0.41015625
15554,1.19140625,1.240234375,-0.146484375,-0.37109375
15555,1.19140625,1.220703125,-0.283203125,-0.390625
15556,1.15234375,1.162109375,-0.2734375,-0.3515625
15557,1.2890625,1.07421875,-0.25390625,-0.361328125
15558,1.220703125,1.09375,-0.13671875,-0.458984375
15559,1.19140625,1.15234375,-0.283203125,-0.263671875
15560,1.30859375,1.09375,-0.3125,-0.361328125
15561,1.298828125,1.1328125,-0.17578125,-0.29296875
15562,1.25,1.083984375,-0.1953125,-0.458984375
15563,1.220703125,1.123046875,-0.1953125,-0.400390625
15564,1.2109375,1.09375,-0.3125,-0.41015625
15565,1.26953125,1.201171875,-0.224609375,-0.341796875
15566,1.2890625,1.07421875,-0.1171875,-0.361328125
15567,1.19140625,1.103515625,-0.322265625,-0.400390625
15568,1.318359375,1.083984375,-0.205078125,-0.341796875
15569,1.26953125,1.23046875,-0.25390625,-0.3515625
15570,1.201171875,1.064453125,-0.244140625,-0.322265625
15571,1.328125,1.103515625,-0.25390625,-0.556640625
15572,1.181640625,1.103515625,-0.2734375,-0.302734375
15573,1.23046875,1.123046875,-0.09765625,-0.400390625
15574,1.240234375,1.07421875,-0.25390625,-0.263671875
15575,1.1328125,1.15234375,-0.3125,-0.33203125
15576,1.23046875,1.064453125,-0.17578125,-0.224609375
15577,1.2109375,1.09375,-0.068359375,-0.46875
15578,1.30859375,1.03515625,-0.166015625,-0.5078125
15579,1.376953125,1.064453125,-0.1953125,-0.33203125
15580,1.240234375,1.07421875,-0.15625,-0.44921875
15581,1.23046875,1.015625,-0.21484375,-0.33203125
15582,1.25,1.03515625,-0.13671875,-0.380859375
15583,1.2109375,1.11328125,-0.166015625,-0.166015625
15584,1.083984375,1.103515625,-0.166015625,-0.33203125
15585,1.162109375,0.927734375,-0.234375,-0.380859375
15586,1.240234375,1.0546875,-0.146484375,-0.263671875
15587,1.181640625,0.91796875,-0.185546875,-0.322265625
15588,1.181640625,1.064453125,-0.302734375,-0.322265625
15589,1.23046875,1.015625,-0.17578125,-0.341796875
15590,1.171875,1.23046875,-0.244140625,-0.283203125
15591,1.26953125,1.005859375,-0.15625,-0.33203125
15592,1.1328125,1.103515625,-0.21484375,-0.283203125
15593,1.181640625,1.005859375,-0.185546875,-0.302734375
15594,1.240234375,1.005859375,-0.283203125,-0.33203125
15595,1.220703125,1.103515625,-0.29296875,-0.322265625
15596,1.2109375,1.0546875,-0.2734375,-0.25390625
15597,1.123046875,1.044921875,-0.263671875,-0.33203125
15598,1.181640625,1.1328125,-0.283203125,-0.302734375
15599,1.181640625,1.07421875,-0.146484375,-0.322265625
15600,1.279296875,0.986328125,-0.244140625,-0.2734375
15601,1.23046875,1.03515625,-0.25390625,-0.380859375
15602,1.23046875,1.015625,-0.234375,-0.283203125
15603,1.26953125,1.064453125,-0.224609375,-0.3125
15604,1.123046875,1.025390625,-0.2734375,-0.234375
15605,1.240234375,1.1328125,-0.283203125,-0.322265625
15606,1.19140625,1.201171875,-0.224609375,-0.29296875
15607,1.2109375,0.966796875,-0.185546875,-0.29296875
15608,1.171875,0.8984375,-0.234375,-0.341796875
15609,1.201171875,1.103515625,-0.25390625,-0.234375
15610,1.240234375,1.0546875,-0.234375,-0.224609375
15611,1.23046875,1.103515625,-0.224609375,-0.29296875
15612,1.181640625,1.025390625,-0.21484375,-0.283203125
15613,1.298828125,0.99609375,-0.302734375,-0.21484375
15614,1.103515625,1.044921875,-0.224609375,-0.2734375
15615,1.240234375,0.859375,-0.166015625,-0.322265625
15616,1.240234375,1.083984375,0.029296875,-0.17578125
15617,1.220703125,1.005859375,-0.234375,-0.341796875
15618,1.23046875,1.015625,-0.185546875,-0.263671875
15619,1.240234375,1.03515625,-0.234375,-0.1953125
15620,1.2890625,1.083984375,-0.25390625,-0.322265625
15621,1.142578125,1.005859375,-0.146484375,-0.3125
15622,1.220703125,1.025390625,-0.283203125,-0.439453125
15623,1.26953125,1.044921875,-0.1953125,-0.4296875
15624,1.15234375,1.025390625,-0.185546875,-0.3515625
15625,1.2109375,1.0546875,-0.126953125,-0.3125
15626,1.142578125,1.0546875,-0.224609375,-0.37109375
15627,1.19140625,1.07421875,-0.0390625,-0.3125
15628,1.220703125,0.95703125,-0.263671875,-0.322265625
15629,1.0546875,1.044921875,-0.234375,-0.380859375
15630,1.2109375,1.0546875,-0.263671875,-0.419921875
15631,1.142578125,1.005859375,-0.224609375,-0.380859375
15632,1.23046875,1.1328125,-0.244140625,-0.234375
15633,1.181640625,1.142578125,-0.13671875,-0.341796875
15634,1.11328125,1.03515625,-0.146484375,-0.3515625
15635,1.220703125,1.005859375,-0.224609375,-0.17578125
15636,1.15234375,1.044921875,-0.17578125,-0.3125
15637,1.201171875,1.025390625,-0.244140625,-0.341796875
15638,1.171875,1.005859375,-0.21484375,-0.21484375
15639,1.103515625,1.0546875,-0.234375,-0.33203125
15640,1.181640625,0.830078125,-0.17578125,-0.302734375
15641,1.171875,1.064453125,-0.09765625,-0.2734375
15642,1.162109375,1.005859375,-0.263671875,-0.3125
15643,1.142578125,1.11328125,-0.1953125,-0.29296875
15644,1.201171875,1.123046875,-0.234375,-0.4296875
15645,1.2109375,1.1328125,-0.263671875,-0.3515625
15646,1.201171875,1.005859375,-0.37109375,-0.263671875
15647,1.181640625,1.142578125,-0.302734375,-0.3515625
15648,1.25,0.99609375,-0.126953125,-0.380859375
15649,1.142578125,1.083984375,-0.302734375,-0.3125
15650,1.25,1.15234375,-0.2734375,-0.29296875
15651,1.25,1.142578125,-0.1953125,-0.322265625
15652,1.220703125,1.201171875,-0.224609375,-0.322265625
15653,1.259765625,1.083984375,-0.283203125,-0.439453125
15654,1.19140625,1.09375,-0.21484375,-0.302734375
15655,1.23046875,1.171875,-0.2734375,-0.205078125
15656,1.201171875,1.025390625,-0.224609375,-0.185546875
15657,1.220703125,1.23046875,-0.322265625,-0.224609375
15658,1.259765625,1.142578125,-0.17578125,-0.29296875
15659,1.142578125,1.23046875,-0.21484375,-0.283203125
15660,1.201171875,0.83984375,-0.1171875,-0.3125
15661,1.171875,1.142578125,-0.25390625,-0.244140625
15662,1.15234375,1.064453125,-0.185546875,-0.341796875
15663,1.259765625,1.025390625,-0.17578125,-0.234375
15664,1.23046875,0.87890625,-0.1953125,-0.263671875
15665,1.162109375,1.123046875,-0.126953125,-0.224609375
15666,1.220703125,0.99609375,-0.1953125,-0.25390625
15667,1.201171875,1.0546875,-0.341796875,-0.2734375
15668,1.220703125,1.015625,-0.1953125,-0.17578125
15669,1.201171875,1.064453125,-0.2734375,-0.205078125
15670,1.044921875,1.015625,-0.234375,-0.2734375
15671,1.103515625,1.0546875,-0.166015625,-0.224609375
15672,1.123046875,0.99609375,-0.244140625,-0.224609375
15673,1.142578125,1.19140625,-0.263671875,-0.283203125
15674,1.23046875,1.123046875,-0.224609375,-0.13671875
15675,1.181640625,1.103515625,-0.234375,-0.3515625
15676,1.171875,1.03515625,-0.107421875,-0.283203125
15677,1.23046875,1.064453125,-0.166015625,-0.390625
15678,1.19140625,1.15234375,-0.166015625,-0.25390625
15679,1.26953125,1.064453125,-0.15625,-0.263671875
15680,1.181640625,1.07421875,-0.205078125,-0.2734375
15681,1.103515625,1.15234375,-0.126953125,-0.3125
15682,1.15234375,1.005859375,-0.05859375,-0.263671875
15683,1.201171875,1.03515625,-0.126953125,-0.29296875
15684,1.19140625,0.95703125,-0.048828125,-0.21484375
15685,1.19140625,1.07421875,-0.166015625,-0.29296875
15686,1.19140625,1.0546875,-0.185546875,-0.25390625
15687,1.181640625,1.123046875,-0.185546875,-0.341796875
15688,1.142578125,1.09375,-0.146484375,-0.322265625
15689,1.26953125,1.162109375,-0.21484375,-0.341796875
15690,1.259765625,1.025390625,-0.25390625,-0.15625
15691,1.142578125,1.240234375,-0.1171875,-0.37109375
15692,1.201171875,1.103515625,-0.33203125,-0.25390625
15693,1.2890625,1.171875,-0.25390625,-0.2734375
15694,1.25,1.162109375,-0.3515625,-0.263671875
15695,1.09375,1.11328125,-0.2734375,-0.361328125
15696,1.181640625,1.083984375,-0.302734375,-0.166015625
15697,1.162109375,1.171875,-0.166015625,-0.17578125
15698,1.1328125,1.123046875,-0.21484375,-0.21484375
15699,1.15234375,1.083984375,-0.283203125,-0.21484375
15700,1.09375,1.1328125,-0.263671875,-0.17578125
15701,1.171875,1.064453125,-0.283203125,-0.2734375
15702,1.09375,1.171875,-0.25390625,-0.185546875
15703,1.2890625,1.09375,-0.234375,-0.15625
15704,1.142578125,1.1328125,-0.302734375,-0.21484375
15705,1.11328125,1.1328125,-0.224609375,-0.126953125
15706,1.23046875,1.171875,-0.1953125,-0.1953125
15707,1.2109375,1.09375,-0.244140625,-0.17578125
15708,1.171875,1.1328125,-0.2734375,-0.1953125
15709,1.19140625,1.220703125,-0.33203125,-0.17578125
15710,1.181640625,0.986328125,-0.09765625,-0.185546875
15711,1.201171875,1.09375,-0.21484375,-0.185546875
15712,1.171875,1.103515625,-0.283203125,-0.283203125
15713,1.2109375,1.123046875,-0.244140625,-0.25390625
15714,1.181640625,1.11328125,-0.1953125,-0.25390625
15715,1.171875,1.07421875,-0.25390625,-0.283203125
15716,1.220703125,1.064453125,-0.224609375,-0.234375
15717,1.11328125,1.171875,-0.322265625,-0.224609375
15718,1.103515625,1.2109375,-0.185546875,-0.1953125
15719,1.240234375,1.123046875,-0.205078125,-0.25390625
15720,1.26953125,1.11328125,-0.29296875,-0.087890625
15721,1.083984375,1.103515625,-0.17578125,-0.234375
15722,1.201171875,1.07421875,-0.17578125,-0.244140625
15723,1.201171875,1.171875,-0.341796875,-0.234375
15724,1.07421875,1.15234375,-0.224609375,-0.21484375
15725,1.23046875,1.103515625,-0.390625,-0.234375
15726,1.142578125,1.103515625,-0.25390625,-0.322265625
15727,1.220703125,1.181640625,-0.25390625,-0.13671875
15728,1.181640625,1.1328125,-0.2734375,-0.244140625
15729,1.2109375,1.181640625,-0.25390625,-0.244140625
15730,1.240234375,1.259765625,-0.185546875,-0.244140625
15731,1.162109375,1.044921875,-0.25390625,-0.244140625
15732,1.25,1.123046875,-0.283203125,-0.234375
15733,1.23046875,1.279296875,-0.234375,-0.458984375
15734,1.11328125,1.171875,-0.17578125,-0.25390625
15735,1.26953125,1.083984375,-0.234375,-0.263671875
15736,1.181640625,1.123046875,-0.21484375,-0.205078125
15737,1.2109375,1.09375,-0.25390625,-0.1953125
15738,1.2109375,1.044921875,-0.224609375,-0.126953125
15739,1.015625,1.1328125,-0.224609375,-0.263671875
15740,1.1328125,1.259765625,-0.3125,-0.2734375
15741,1.103515625,1.103515625,-0.21484375,-0.263671875
15742,1.171875,1.171875,-0.15625,-0.41015625
15743,1.064453125,1.044921875,-0.380859375,-0.244140625
15744,1.142578125,1.083984375,-0.244140625,-0.244140625
15745,1.2109375,1.11328125,-0.234375,-0.2734375
15746,1.23046875,1.064453125,-0.2734375,-0.21484375
15747,1.11328125,1.064453125,-0.09765625,-0.166015625
15748,1.07421875,1.11328125,-0.224609375,-0.263671875
15749,1.11328125,1.11328125,-0.09765625,-0.21484375
15750,1.11328125,1.15234375,-0.107421875,-0.1953125
15751,1.09375,1.09375,-0.205078125,-0.322265625
15752,1.19140625,1.15234375,-0.087890625,-0.205078125
15753,1.162109375,1.0546875,-0.21484375,-0.15625
15754,1.11328125,1.03515625,-0.09765625,-0.419921875
15755,1.1328125,1.064453125,-0.224609375,-0.25390625
15756,1.103515625,1.103515625,-0.17578125,-0.205078125
15757,1.083984375,1.162109375,-0.13671875,-0.380859375
15758,1.103515625,1.19140625,-0.17578125,-0.185546875
15759,1.181640625,1.123046875,-0.185546875,-0.263671875
15760,1.2109375,1.162109375,-0.263671875,-0.2734375
15761,1.142578125,1.162109375,-0.166015625,-0.263671875
15762,1.19140625,1.083984375,-0.146484375,-0.263671875
15763,1.15234375,1.162109375,-0.185546875,-0.234375
15764,1.142578125,1.0546875,-0.244140625,-0.263671875
15765,1.2109375,1.142578125,-0.224609375,-0.263671875
15766,1.123046875,1.142578125,-0.166015625,-0.1171875
15767,1.19140625,1.171875,-0.146484375,-0.21484375
15768,1.181640625,0.947265625,-0.126953125,-0.1953125
15769,1.19140625,1.171875,-0.205078125,-0.380859375
15770,1.11328125,1.240234375,-0.15625,-0.21484375
15771,1.181640625,1.259765625,-0.25390625,-0.224609375
15772,1.11328125,1.064453125,-0.25390625,-0.1953125
15773,1.181640625,1.03515625,-0.224609375,-0.25390625
15774,1.15234375,1.2109375,-0.341796875,-0.185546875
15775,1.15234375,1.15234375,-0.185546875,0.029296875
15776,1.240234375,1.1328125,-0.224609375,-0.283203125
15777,1.240234375,1.38671875,-0.1953125,-0.234375
15778,1.201171875,1.240234375,-0.146484375,-0.25390625
15779,1.220703125,1.240234375,-0.068359375,-0.244140625
15780,1.259765625,1.201171875,-0.3125,-0.205078125
15781,1.162109375,1.0546875,-0.244140625,-0.283203125
15782,1.07421875,1.259765625,-0.1953125,-0.302734375
15783,1.201171875,1.2109375,-0.21484375,-0.21484375
15784,1.26953125,1.19140625,-0.205078125,-0.21484375
15785,1.259765625,1.083984375,-0.283203125,-0.224609375
15786,1.2890625,1.15234375,-0.244140625,-0.166015625
15787,1.26953125,1.162109375,-0.224609375,-0.244140625
15788,1.181640625,1.240234375,-0.283203125,-0.205078125
15789,1.162109375,1.162109375,-0.25390625,-0.13671875
15790,1.25,1.142578125,-0.244140625,-0.107421875
15791,1.201171875,1.171875,-0.29296875,-0.283203125
15792,1.318359375,1.2890625,-0.244140625,-0.234375
15793,1.201171875,1.19140625,-0.25390625,-0.17578125
15794,1.142578125,1.03515625,-0.21484375,-0.263671875
15795,1.15234375,1.15234375,-0.29296875,-0.263671875
15796,1.162109375,1.181640625,-0.1953125,-0.234375
15797,1.279296875,1.19140625,-0.244140625,-0.56640625
15798,1.162109375,1.25,-0.25390625,-0.302734375
15799,1.15234375,1.162109375,-0.107421875,-0.2734375
15800,1.123046875,1.201171875,-0.17578125,-0.244140625
15801,1.142578125,1.1328125,-0.185546875,-0.263671875
15802,1.2890625,1.15234375,-0.17578125,-0.380859375
15803,1.025390625,1.123046875,-0.244140625,-0.224609375
15804,1.15234375,1.474609375,-0.234375,-0.21484375
15805,1.162109375,1.11328125,-0.185546875,-0.322265625
15806,1.162109375,1.23046875,-0.224609375,-0.380859375
15807,1.15234375,1.171875,-0.21484375,-0.25390625
15808,1.2109375,1.171875,-0.263671875,-0.322265625
15809,1.201171875,1.1328125,-0.3125,-0.263671875
15810,1.25,1.2109375,-0.234375,-0.322265625
15811,1.162109375,1.11328125,-0.185546875,-0.3125
15812,1.220703125,1.26953125,-0.21484375,-0.37109375
15813,1.19140625,1.337890625,-0.205078125,-0.29296875
15814,1.201171875,1.19140625,-0.17578125,-0.029296875
15815,1.30859375,1.181640625,-0.25390625,-0.478515625
15816,1.26953125,1.171875,-0.107421875,-0.283203125
15817,1.15234375,1.201171875,-0.224609375,-0.2734375
15818,1.1328125,1.201171875,-0.205078125,-0.244140625
15819,1.26953125,1.142578125,-0.1953125,-0.17578125
15820,1.25,1.162109375,-0.1953125,-0.15625
15821,1.220703125,1.181640625,-0.224609375,-0.29296875
15822,1.318359375,1.181640625,-0.224609375,-0.380859375
15823,1.1328125,1.2109375,-0.1171875,-0.21484375
15824,1.318359375,1.1328125,-0.21484375,-0.21484375
15825,1.09375,1.15234375,-0.263671875,-0.29296875
15826,1.318359375,1.201171875,-0.17578125,-0.205078125
15827,1.220703125,1.201171875,-0.283203125,-0.361328125
15828,1.11328125,1.103515625,-0.322265625,-0.25390625
15829,1.259765625,1.23046875,-0.283203125,-0.263671875
15830,1.2890625,1.11328125,-0.322265625,-0.283203125
15831,1.171875,1.11328125,-0.224609375,-0.283203125
15832,1.19140625,1.171875,-0.3125,-0.263671875
15833,1.23046875,1.162109375,-0.322265625,-0.263671875
15834,1.259765625,1.1328125,-0.234375,-0.244140625
15835,1.171875,1.19140625,-0.3515625,-0.263671875
15836,1.15234375,1.201171875,-0.146484375,-0.13671875
15837,1.11328125,1.171875,-0.244140625,-0.21484375
15838,1.123046875,0.966796875,-0.205078125,-0.25390625
15839,1.220703125,1.26953125,-0.322265625,-0.0390625
15840,1.064453125,1.240234375,-0.15625,-0.1953125
15841,1.15234375,1.318359375,-0.205078125,-0.263671875
15842,1.181640625,1.1328125,-0.283203125,-0.41015625
15843,1.201171875,1.1328125,-0.302734375,-0.234375
15844,1.19140625,1.123046875,-0.25390625,-0.3515625
15845,1.171875,1.181640625,-0.263671875,-0.25390625
15846,1.15234375,1.19140625,-0.17578125,-0.25390625
15847,1.1328125,1.142578125,-0.29296875,-0.224609375
15848,1.123046875,1.083984375,-0.21484375,-0.302734375
15849,1.259765625,1.240234375,-0.322265625,-0.25390625
15850,1.181640625,1.09375,-0.078125,-0.29296875
15851,1.2890625,1.318359375,-0.322265625,-0.29296875
15852,1.1328125,1.19140625,-0.263671875,-0.439453125
15853,1.15234375,1.40625,-0.166015625,-0.25390625
15854,1.220703125,1.2890625,-0.25390625,-0.3125
15855,1.25,1.162109375,-0.234375,-0.263671875
15856,1.142578125,1.19140625,-0.2734375,-0.234375
15857,1.25,1.2890625,-0.205078125,-0.29296875
15858,1.23046875,1.19140625,-0.302734375,-0.205078125
15859,1.23046875,1.142578125,-0.107421875,-0.25390625
15860,1.142578125,1.201171875,-0.25390625,-0.263671875
15861,1.328125,1.2109375,-0.263671875,-0.3125
15862,1.23046875,1.26953125,-0.263671875,-0.263671875
15863,1.2109375,1.2109375,-0.2734375,-0.3125
15864,1.38671875,1.201171875,-0.234375,-0.322265625
15865,1.34765625,1.171875,-0.166015625,-0.3125
15866,1.279296875,1.23046875,-0.341796875,-0.37109375
15867,1.240234375,1.337890625,-0.3125,-0.44921875
15868,1.328125,1.123046875,-0.29296875,-0.29296875
15869,1.26953125,1.25,-0.3125,-0.244140625
15870,1.2109375,1.23046875,-0.283203125,-0.126953125
15871,1.30859375,1.337890625,-0.1953125,-0.302734375
15872,1.435546875,1.2890625,-0.1953125,-0.21484375
15873,1.38671875,1.279296875,-0.263671875,-0.283203125
15874,1.376953125,1.201171875,-0.185546875,-0.302734375
15875,1.376953125,1.30859375,-0.283203125,-0.361328125
15876,1.318359375,1.259765625,-0.283203125,-0.087890625
15877,1.26953125,1.30859375,-0.283203125,-0.37109375
15878,1.25,1.26953125,-0.322265625,-0.302734375
15879,1.30859375,1.220703125,-0.25390625,-0.33203125
15880,1.328125,1.2890625,-0.224609375,-0.4296875
15881,1.494140625,1.25,-0.390625,-0.341796875
15882,1.396484375,1.19140625,-0.263671875,-0.361328125
15883,1.3671875,1.259765625,-0.302734375,-0.419921875
15884,1.3671875,1.201171875,-0.2734375,-0.380859375
15885,1.30859375,1.240234375,-0.13671875,-0.4296875
15886,1.318359375,1.220703125,-0.2734375,-0.361328125
15887,1.34765625,1.259765625,-0.2734375,-0.3515625
15888,1.40625,1.162109375,-0.21484375,-0.224609375
15889,1.318359375,1.298828125,-0.3125,-0.244140625
15890,1.337890625,1.201171875,-0.244140625,-0.361328125
15891,1.23046875,1.2890625,-0.21484375,-0.400390625
15892,1.30859375,1.201171875,-0.302734375,-0.244140625
15893,1.240234375,1.357421875,-0.244140625,-0.361328125
15894,1.220703125,1.19140625,-0.322265625,-0.263671875
15895,1.376953125,1.5234375,-0.29296875,-0.3125
15896,1.328125,1.328125,-0.283203125,-0.25390625
15897,1.34765625,1.259765625,-0.3125,-0.15625
15898,1.328125,1.328125,-0.21484375,-0.3125
15899,1.337890625,1.25,-0.3515625,-0.3125
15900,1.19140625,1.298828125,-0.302734375,-0.41015625
15901,1.2890625,1.15234375,-0.3515625,-0.41015625
15902,1.337890625,1.318359375,-0.25390625,-0.302734375
15903,1.4453125,1.30859375,-0.361328125,-0.283203125
15904,1.240234375,1.26953125,-0.21484375,-0.322265625
15905,1.11328125,1.337890625,-0.1953125,-0.3515625
15906,1.220703125,1.259765625,-0.205078125,-0.37109375
15907,1.259765625,1.337890625,-0.322265625,-0.3125
15908,1.220703125,1.259765625,-0.283203125,-0.3125
15909,1.298828125,1.259765625,-0.302734375,-0.302734375
15910,1.23046875,1.259765625,-0.263671875,-0.3515625
15911,1.162109375,1.220703125,-0.3515625,-0.33203125
15912,1.26953125,1.25,-0.244140625,-0.3125
15913,1.201171875,1.162109375,-0.2734375,-0.29296875
15914,1.142578125,1.337890625,-0.2734375,-0.322265625
15915,1.201171875,1.1328125,-0.2734375,-0.3515625
15916,1.240234375,1.044921875,-0.3125,-0.166015625
15917,1.2109375,1.123046875,-0.3125,-0.380859375
15918,1.259765625,1.240234375,-0.263671875,-0.263671875
15919,1.38671875,1.123046875,-0.263671875,-0.283203125
15920,1.201171875,1.201171875,-0.2734375,-0.29296875
15921,1.259765625,1.201171875,-0.33203125,-0.419921875
15922,1.298828125,1.259765625,-0.2734375,-0.41015625
15923,1.19140625,1.123046875,-0.283203125,-0.380859375
15924,1.3671875,1.259765625,-0.244140625,-0.4296875
15925,1.171875,1.2109375,-0.205078125,-0.419921875
15926,1.318359375,1.201171875,-0.224609375,-0.419921875
15927,1.103515625,1.23046875,-0.1171875,-0.419921875
15928,1.201171875,1.240234375,-0.283203125,-0.302734375
15929,1.1328125,1.279296875,-0.224609375,-0.41015625
15930,1.2109375,1.201171875,-0.185546875,-0.458984375
15931,1.23046875,1.19140625,-0.17578125,-0.390625
15932,1.181640625,1.23046875,-0.283203125,-0.37109375
15933,1.1328125,1.220703125,-0.166015625,-0.322265625
15934,1.30859375,1.220703125,-0.234375,-0.673828125
15935,1.0546875,1.298828125,-0.21484375,-0.3515625
15936,1.11328125,1.19140625,-0.17578125,-0.37109375
15937,1.171875,1.162109375,-0.185546875,-0.224609375
15938,1.09375,1.259765625,-0.33203125,-0.3125
15939,1.34765625,1.220703125,-0.1953125,-0.37109375
15940,1.23046875,1.30859375,-0.33203125,-0.41015625
15941,1.201171875,1.15234375,-0.263671875,-0.4296875
15942,1.23046875,1.279296875,-0.29296875,-0.361328125
15943,1.171875,1.259765625,-0.3125,-0.3125
15944,1.220703125,1.19140625,-0.380859375,-0.478515625
15945,1.123046875,1.171875,-0.29296875,-0.380859375
15946,1.2109375,1.279296875,-0.2734375,-0.263671875
15947,1.11328125,1.318359375,-0.3125,-0.3125
15948,1.162109375,1.201171875,-0.3125,-0.341796875
15949,1.2109375,1.19140625,-0.322265625,-0.33203125
15950,1.201171875,1.103515625,-0.185546875,-0.41015625
15951,1.201171875,1.201171875,-0.25390625,-0.302734375
15952,1.15234375,1.25,-0.234375,-0.322265625
15953,1.240234375,1.103515625,-0.263671875,-0.400390625
15954,1.1328125,1.38671875,-0.146484375,-0.380859375
15955,1.142578125,1.25,-0.234375,-0.380859375
15956,1.23046875,1.318359375,-0.15625,-0.458984375
15957,1.201171875,0.966796875,-0.25390625,-0.46875
15958,1.181640625,1.26953125,-0.17578125,-0.3515625
15959,1.171875,1.19140625,-0.3125,-0.400390625
15960,1.123046875,1.201171875,-0.126953125,-0.4296875
15961,1.181640625,1.259765625,-0.263671875,-0.419921875
15962,1.09375,1.181640625,-0.244140625,-0.33203125
15963,1.142578125,1.240234375,-0.078125,-0.283203125
15964,1.23046875,1.171875,-0.3515625,-0.2734375
15965,1.23046875,1.083984375,-0.2734375,-0.400390625
15966,1.03515625,0.99609375,-0.205078125,-0.3515625
15967,1.142578125,1.15234375,-0.244140625,-0.205078125
15968,1.220703125,1.09375,-0.302734375,-0.37109375
15969,1.1328125,1.0546875,-0.33203125,-0.390625
15970,1.26953125,1.09375,-0.283203125,-0.29296875
15971,1.19140625,1.025390625,-0.263671875,-0.322265625
15972,1.220703125,1.220703125,-0.33203125,-0.41015625
15973,1.240234375,1.171875,-0.322265625,-0.29296875
15974,1.318359375,1.09375,-0.29296875,-0.3125
15975,1.26953125,1.201171875,-0.361328125,-0.37109375
15976,1.259765625,1.1328125,-0.3125,-0.44921875
15977,1.162109375,1.064453125,-0.2734375,-0.29296875
15978,1.279296875,1.11328125,-0.205078125,-0.3125
15979,1.171875,1.103515625,-0.224609375,-0.390625
15980,1.416015625,1.044921875,-0.33203125,-0.498046875
15981,1.220703125,1.07421875,-0.263671875,-0.390625
15982,1.240234375,1.2109375,-0.419921875,-0.380859375
15983,1.376953125,1.11328125,-0.2734375,-0.41015625
15984,1.19140625,0.908203125,-0.283203125,-0.33203125
15985,1.318359375,1.123046875,-0.234375,-0.390625
15986,1.26953125,1.279296875,-0.341796875,-0.380859375
15987,1.220703125,1.2109375,-0.33203125,-0.400390625
15988,1.26953125,1.03515625,-0.263671875,-0.341796875
15989,1.30859375,1.123046875,-0.25390625,-0.5078125
15990,1.25,1.15234375,-0.1953125,-0.3515625
15991,1.220703125,1.123046875,-0.205078125,-0.41015625
15992,1.25,1.044921875,-0.29296875,-0.33203125
15993,1.279296875,1.181640625,-0.185546875,-0.341796875
15994,1.240234375,1.2890625,-0.17578125,-0.33203125
15995,1.162109375,1.0546875,-0.263671875,-0.21484375
15996,1.240234375,1.03515625,-0.419921875,-0.3515625
15997,1.240234375,0.986328125,-0.283203125,-0.263671875
15998,1.220703125,1.03515625,-0.166015625,-0.302734375
15999,1.25,1.03515625,-0.263671875,-0.380859375
16000,1.30859375,1.123046875,-0.166015625,-0.419921875
16001,1.259765625,1.162109375,-0.322265625,-0.2734375
16002,1.220703125,1.1328125,-0.146484375,-0.341796875
16003,1.23046875,1.015625,-0.29296875,-0.2734375
16004,1.162109375,1.044921875,-0.29296875,-0.302734375
16005,1.201171875,1.03515625,-0.37109375,-0.322265625
16006,1.2890625,1.103515625,-0.224609375,-0.244140625
16007,1.15234375,1.07421875,-0.146484375,-0.341796875
16008,1.064453125,1.064453125,-0.185546875,-0.263671875
16009,1.142578125,1.337890625,-0.244140625,-0.322265625
16010,1.279296875,0.99609375,-0.234375,-0.283203125
16011,1.240234375,0.966796875,-0.15625,-0.283203125
16012,1.279296875,1.103515625,-0.302734375,-0.322265625
16013,1.23046875,1.07421875,-0.166015625,-0.17578125
16014,1.142578125,1.03515625,-0.224609375,-0.224609375
16015,1.240234375,1.19140625,-0.205078125,-0.283203125
16016,1.142578125,1.07421875,-0.244140625,-0.361328125
16017,1.259765625,1.171875,-0.166015625,-0.322265625
16018,1.26953125,1.123046875,-0.205078125,-0.361328125
16019,1.23046875,1.083984375,-0.341796875,-0.3125
16020,1.19140625,1.1328125,-0.2734375,-0.37109375
16021,1.19140625,1.1328125,-0.361328125,-0.283203125
16022,1.220703125,1.2109375,-0.263671875,-0.29296875
16023,1.2890625,0.9765625,-0.244140625,-0.205078125
16024,1.25,1.1328125,-0.2734375,-0.29296875
16025,1.240234375,0.986328125,-0.17578125,-0.21484375
16026,1.201171875,1.171875,-0.283203125,-0.2734375
16027,1.181640625,1.11328125,-0.25390625,-0.302734375
16028,1.123046875,0.95703125,-0.263671875,-0.29296875
16029,1.298828125,1.123046875,-0.185546875,-0.33203125
16030,1.171875,1.005859375,-0.244140625,-0.2734375
16031,1.171875,1.015625,-0.283203125,-0.341796875
16032,1.220703125,1.044921875,-0.283203125,-0.3125
16033,1.279296875,1.064453125,-0.263671875,-0.25390625
16034,1.15234375,0.986328125,-0.3515625,-0.244140625
16035,1.259765625,1.064453125,-0.1953125,-0.283203125
16036,1.2109375,1.11328125,-0.185546875,-0.25390625
16037,1.26953125,1.07421875,-0.21484375,-0.3125
16038,1.26953125,1.09375,-0.1953125,-0.205078125
16039,1.123046875,1.015625,-0.205078125,-0.2734375
16040,1.240234375,1.1328125,-0.13671875,-0.380859375
16041,1.240234375,0.99609375,-0.2734375,-0.322265625
16042,1.19140625,1.015625,-0.224609375,-0.3125
16043,1.15234375,1.03515625,-0.283203125,-0.3125
16044,1.25,0.9375,-0.15625,-0.2734375
16045,1.181640625,1.083984375,-0.263671875,-0.3125
16046,1.162109375,1.005859375,-0.234375,-0.33203125
16047,1.220703125,1.015625,-0.2734375,-0.3125
16048,1.201171875,1.103515625,-0.283203125,-0.33203125
16049,1.26953125,0.986328125,-0.3515625,-0.322265625
16050,1.162109375,1.064453125,-0.244140625,-0.224609375
16051,1.171875,1.0546875,-0.146484375,-0.302734375
16052,1.220703125,1.103515625,-0.244140625,-0.15625
16053,1.123046875,1.064453125,-0.21484375,-0.29296875
16054,1.19140625,1.171875,-0.25390625,-0.33203125
16055,1.181640625,1.064453125,-0.3515625,-0.390625
16056,1.26953125,1.220703125,-0.322265625,-0.37109375
16057,1.19140625,1.07421875,-0.15625,-0.390625
16058,1.2109375,1.083984375,-0.17578125,-0.29296875
16059,1.162109375,1.1328125,-0.322265625,-0.361328125
16060,1.044921875,1.162109375,-0.244140625,-0.283203125
16061,1.181640625,1.064453125,-0.3515625,-0.21484375
16062,1.162109375,1.07421875,-0.25390625,-0.244140625
16063,1.103515625,1.11328125,-0.234375,-0.322265625
16064,1.123046875,1.044921875,-0.087890625,-0.283203125
16065,1.1328125,1.07421875,-0.224609375,-0.3125
16066,1.11328125,1.1328125,-0.2734375,-0.341796875
16067,1.19140625,1.064453125,-0.107421875,-0.33203125
16068,1.1328125,1.123046875,-0.244140625,-0.234375
16069,1.181640625,1.123046875,-0.25390625,-0.244140625
16070,1.19140625,1.07421875,-0.234375,-0.33203125
16071,1.19140625,1.064453125,-0.1171875,-0.3125
16072,1.25,1.103515625,-0.17578125,-0.25390625
16073,1.123046875,0.91796875,-0.263671875,-0.263671875
16074,1.2890625,1.103515625,-0.17578125,-0.400390625
16075,1.220703125,0.947265625,-0.244140625,-0.283203125
16076,1.201171875,1.09375,-0.1171875,-0.244140625
16077,1.26953125,1.083984375,-0.17578125,-0.166015625
16078,1.171875,1.09375,-0.166015625,-0.205078125
16079,1.240234375,1.083984375,-0.166015625,-0.3125
16080,1.2109375,1.171875,-0.17578125,-0.33203125
16081,1.1328125,1.11328125,-0.224609375,-0.29296875
16082,1.23046875,1.103515625,-0.21484375,-0.3125
16083,1.201171875,1.103515625,-0.322265625,-0.390625
16084,1.26953125,1.23046875,-0.2734375,-0.341796875
16085,1.201171875,1.0546875,-0.185546875,-0.37109375
16086,1.2109375,1.171875,-0.1953125,-0.263671875
16087,1.240234375,1.171875,-0.21484375,-0.263671875
16088,1.279296875,1.044921875,-0.166015625,-0.283203125
16089,1.201171875,1.201171875,-0.341796875,-0.302734375
16090,1.23046875,1.0546875,-0.17578125,-0.2734375
16091,1.181640625,1.064453125,-0.302734375,-0.322265625
16092,1.123046875,1.11328125,-0.224609375,-0.341796875
16093,1.181640625,0.99609375,-0.234375,-0.361328125
16094,1.23046875,1.162109375,-0.3125,-0.3125
16095,1.2109375,1.025390625,-0.21484375,-0.234375
16096,1.162109375,1.064453125,-0.25390625,-0.380859375
16097,1.220703125,1.15234375,-0.244140625,-0.283203125
16098,1.2109375,1.123046875,-0.1953125,-0.25390625
16099,1.181640625,1.07421875,-0.263671875,-0.263671875
16100,1.19140625,1.1328125,-0.283203125,-0.2734375
16101,1.181640625,1.044921875,-0.224609375,-0.1953125
16102,1.103515625,1.044921875,-0.1953125,-0.21484375
16103,1.162109375,1.162109375,-0.166015625,-0.29296875
16104,1.1328125,0.99609375,0.05859375,-0.21484375
16105,1.19140625,1.171875,-0.21484375,-0.1171875
16106,1.2109375,1.1328125,-0.2734375,-0.21484375
16107,1.171875,1.083984375,-0.1953125,-0.126953125
16108,1.2890625,1.083984375,-0.17578125,-0.244140625
16109,1.240234375,1.07421875,-0.244140625,-0.166015625
16110,1.15234375,1.11328125,-0.13671875,-0.21484375
16111,1.142578125,1.123046875,-0.15625,-0.390625
16112,1.142578125,1.025390625,-0.244140625,-0.25390625
16113,1.220703125,1.103515625,-0.224609375,-0.15625
16114,1.26953125,1.103515625,-0.15625,-0.166015625
16115,1.259765625,1.123046875,-0.146484375,-0.3125
16116,1.220703125,0.8203125,-0.15625,-0.322265625
16117,1.259765625,1.07421875,-0.1953125,-0.33203125
16118,1.26953125,1.15234375,-0.25390625,-0.2734375
16119,1.34765625,1.142578125,-0.439453125,-0.244140625
16120,1.26953125,1.103515625,-0.224609375,-0.29296875
16121,1.181640625,1.03515625,-0.25390625,-0.33203125
16122,1.279296875,1.03515625,-0.087890625,-0.25390625
16123,1.09375,1.064453125,-0.283203125,-0.361328125
16124,1.240234375,1.09375,-0.263671875,-0.263671875
16125,1.240234375,1.171875,-0.33203125,-0.1953125
16126,1.162109375,1.181640625,-0.25390625,-0.341796875
16127,1.2109375,1.162109375,-0.29296875,-0.29296875
16128,1.220703125,0.9375,-0.244140625,-0.1953125
16129,1.23046875,1.11328125,-0.234375,-0.419921875
16130,1.2109375,1.03515625,-0.224609375,-0.205078125
16131,1.25,1.2109375,-0.322265625,-0.126953125
16132,1.142578125,1.07421875,-0.2734375,-0.126953125
16133,1.181640625,1.0546875,-0.29296875,-0.283203125
16134,1.11328125,1.25,-0.263671875,-0.21484375
16135,1.337890625,0.966796875,-0.322265625,-0.21484375
16136,1.25,1.103515625,-0.263671875,-0.263671875
16137,1.259765625,1.005859375,-0.09765625,-0.283203125
16138,1.279296875,1.015625,-0.244140625,-0.25390625
16139,1.181640625,1.11328125,-0.244140625,-0.234375
16140,1.2109375,1.09375,-0.13671875,-0.234375
16141,1.15234375,1.083984375,-0.283203125,-0.263671875
16142,1.15234375,1.220703125,-0.21484375,-0.146484375
16143,1.19140625,0.87890625,-0.166015625,-0.166015625
16144,1.1328125,1.03515625,-0.263671875,-0.234375
16145,1.201171875,1.11328125,-0.283203125,-0.2734375
16146,1.298828125,1.064453125,-0.283203125,-0.126953125
16147,1.23046875,1.11328125,-0.2734375,-0.126953125
16148,1.30859375,1.083984375,-0.205078125,-0.068359375
16149,1.181640625,1.142578125,-0.29296875,-0.17578125
16150,1.2109375,1.103515625,-0.25390625,-0.3125
16151,1.298828125,1.11328125,-0.244140625,-0.341796875
16152,1.103515625,1.103515625,-0.302734375,-0.263671875
16153,1.142578125,1.07421875,-0.33203125,-0.15625
16154,1.201171875,1.044921875,-0.263671875,-0.3125
16155,1.220703125,1.2890625,-0.21484375,-0.25390625
16156,1.23046875,1.025390625,-0.21484375,-0.13671875
16157,1.2109375,1.123046875,-0.234375,-0.283203125
16158,1.240234375,1.044921875,-0.263671875,-0.234375
16159,1.25,1.083984375,-0.3125,-0.234375
16160,1.15234375,1.15234375,-0.17578125,-0.29296875
16161,1.15234375,1.162109375,-0.1171875,-0.283203125
16162,1.220703125,1.123046875,-0.244140625,-0.3125
16163,1.15234375,1.162109375,-0.224609375,-0.224609375
16164,1.171875,1.03515625,-0.2734375,-0.25390625
16165,1.220703125,1.11328125,-0.3125,-0.205078125
16166,1.171875,1.142578125,-0.25390625,-0.263671875
16167,1.142578125,1.083984375,-0.185546875,-0.25390625
16168,1.142578125,1.1328125,-0.185546875,-0.1171875
16169,1.2890625,1.142578125,-0.21484375,-0.224609375
16170,1.201171875,1.259765625,-0.390625,-0.25390625
16171,1.142578125,0.9765625,-0.29296875,-0.3125
16172,1.11328125,1.1328125,-0.234375,-0.21484375
16173,1.25,1.162109375,-0.234375,-0.322265625
16174,1.1328125,1.142578125,-0.146484375,-0.234375
16175,1.15234375,1.201171875,-0.224609375,-0.05859375
16176,1.201171875,1.23046875,-0.09765625,-0.234375
16177,1.181640625,1.240234375,-0.283203125,-0.41015625
16178,1.142578125,1.103515625,-0.25390625,-0.419921875
16179,1.171875,1.2109375,-0.185546875,-0.283203125
16180,1.23046875,1.09375,-0.09765625,-0.107421875
16181,1.162109375,1.279296875,-0.205078125,-0.3515625
16182,1.1328125,1.142578125,-0.17578125,-0.400390625
16183,1.15234375,1.162109375,-0.224609375,-0.25390625
16184,1.19140625,1.11328125,-0.3125,-0.17578125
16185,1.201171875,1.201171875,-0.205078125,-0.224609375
16186,1.103515625,1.09375,-0.126953125,-0.2734375
16187,1.181640625,1.11328125,-0.25390625,-0.302734375
16188,1.09375,1.015625,-0.244140625,-0.166015625
16189,1.15234375,0.947265625,-0.068359375,-0.263671875
16190,1.171875,1.201171875,-0.17578125,-0.263671875
16191,1.19140625,1.357421875,-0.283203125,-0.302734375
16192,1.240234375,1.220703125,-0.244140625,-0.322265625
16193,1.201171875,1.123046875,-0.263671875,-0.263671875
16194,1.259765625,0.966796875,-0.3125,-0.224609375
16195,1.142578125,1.044921875,-0.400390625,-0.244140625
16196,1.259765625,1.123046875,-0.1171875,-0.244140625
16197,1.240234375,1.337890625,-0.263671875,-0.2734375
16198,1.298828125,1.298828125,-0.29296875,-0.21484375
16199,1.181640625,1.15234375,-0.21484375,-0.205078125
16200,1.23046875,1.015625,-0.25390625,-0.224609375
16201,1.279296875,1.123046875,-0.126953125,-0.21484375
16202,1.259765625,1.1328125,-0.25390625,-0.283203125
16203,1.30859375,1.15234375,-0.1171875,-0.21484375
16204,1.2109375,1.171875,-0.185546875,-0.263671875
16205,1.083984375,1.1328125,-0.205078125,-0.33203125
16206,1.220703125,1.416015625,-0.3125,-0.283203125
16207,1.240234375,1.171875,-0.1953125,-0.224609375
16208,1.19140625,1.23046875,-0.2734375,-0.166015625
16209,1.25,1.19140625,-0.224609375,-0.21484375
16210,1.298828125,1.15234375,-0.09765625,-0.283203125
16211,1.26953125,1.181640625,-0.234375,-0.283203125
16212,1.337890625,1.279296875,-0.21484375,-0.322265625
16213,1.181640625,1.09375,-0.29296875,-0.25390625
16214,1.3671875,1.15234375,-0.17578125,-0.09765625
16215,1.298828125,1.181640625,-0.13671875,-0.166015625
16216,1.19140625,1.005859375,-0.15625,-0.185546875
16217,1.298828125,1.15234375,-0.126953125,-0.224609375
16218,1.2890625,1.15234375,-0.234375,-0.25390625
16219,1.201171875,1.220703125,-0.146484375,-0.3125
16220,1.259765625,1.181640625,-0.1171875,-0.1953125
16221,1.142578125,1.1328125,-0.2734375,-0.2734375
16222,1.259765625,1.240234375,-0.37109375,-0.283203125
16223,1.19140625,1.162109375,-0.13671875,-0.244140625
16224,1.181640625,1.1328125,-0.21484375,-0.283203125
16225,1.07421875,1.162109375,-0.33203125,-0.263671875
16226,1.1328125,1.19140625,-0.3125,-0.2734375
16227,1.201171875,1.220703125,-0.15625,-0.13671875
16228,1.2109375,1.181640625,-0.185546875,-0.283203125
16229,1.07421875,1.2109375,-0.05859375,-0.224609375
16230,1.23046875,1.181640625,-0.263671875,-0.29296875
16231,1.220703125,1.181640625,-0.205078125,-0.37109375
16232,1.2109375,1.15234375,-0.263671875,-0.29296875
16233,1.2109375,1.240234375,-0.21484375,-0.234375
16234,1.181640625,1.2109375,-0.33203125,-0.205078125
16235,1.142578125,1.19140625,-0.29296875,-0.13671875
16236,1.1328125,1.171875,-0.17578125,-0.322265625
16237,1.26953125,1.201171875,-0.302734375,-0.322265625
16238,1.328125,1.2109375,-0.107421875,-0.224609375
16239,1.240234375,1.2109375,-0.283203125,-0.166015625
16240,1.23046875,1.25,-0.17578125,-0.244140625
16241,1.30859375,1.1328125,-0.283203125,-0.244140625
16242,1.220703125,1.142578125,-0.15625,-0.1953125
16243,1.19140625,1.318359375,-0.25390625,-0.244140625
16244,1.19140625,1.171875,-0.33203125,-0.302734375
16245,1.11328125,1.15234375,-0.400390625,-0.3125
16246,1.259765625,1.162109375,-0.224609375,-0.21484375
16247,1.259765625,1.142578125,-0.21484375,-0.29296875
16248,1.2109375,1.181640625,-0.439453125,-0.25390625
16249,1.259765625,1.30859375,-0.361328125,-0.263671875
16250,1.123046875,1.2890625,-0.244140625,-0.25390625
16251,1.26953125,1.162109375,-0.244140625,-0.400390625
16252,1.220703125,1.201171875,-0.2734375,-0.400390625
16253,1.181640625,1.23046875,-0.361328125,-0.283203125
16254,1.26953125,1.220703125,-0.244140625,-0.21484375
16255,1.19140625,1.2890625,-0.302734375,-0.3125
16256,1.11328125,1.26953125,-0.234375,-0.234375
16257,1.201171875,1.142578125,-0.185546875,-0.263671875
16258,1.19140625,1.15234375,-0.2734375,-0.33203125
16259,1.181640625,1.26953125,-0.234375,-0.283203125
16260,1.142578125,1.19140625,-0.283203125,-0.17578125
16261,1.240234375,1.2109375,-0.234375,-0.21484375
16262,1.240234375,1.19140625,-0.234375,-0.29296875
16263,1.2890625,1.171875,-0.146484375,-0.13671875
16264,1.181640625,1.23046875,-0.29296875,-0.205078125
16265,1.162109375,1.25,-0.185546875,-0.33203125
16266,1.220703125,1.2109375,-0.146484375,-0.15625
16267,1.259765625,1.181640625,-0.21484375,-0.2734375
16268,1.181640625,1.142578125,-0.15625,-0.244140625
16269,1.19140625,1.328125,-0.1953125,-0.419921875
16270,1.15234375,1.23046875,-0.341796875,-0.21484375
16271,1.259765625,1.142578125,-0.15625,-0.263671875
16272,1.1328125,1.2109375,-0.3125,-0.13671875
16273,1.162109375,1.376953125,-0.283203125,-0.29296875
16274,1.23046875,1.220703125,-0.17578125,-0.25390625
16275,1.19140625,1.07421875,-0.224609375,-0.2734375
16276,1.142578125,1.23046875,-0.25390625,-0.3515625
16277,1.240234375,1.181640625,-0.2734375,-0.29296875
16278,1.3671875,1.220703125,-0.33203125,-0.17578125
16279,1.240234375,1.1328125,-0.126953125,-0.224609375
16280,1.328125,1.201171875,-0.234375,-0.322265625
16281,1.26953125,1.19140625,-0.087890625,-0.400390625
16282,1.2890625,1.25,-0.2734375,-0.3125
16283,1.3671875,1.23046875,-0.146484375,-0.29296875
16284,1.2109375,1.201171875,-0.21484375,-0.37109375
16285,1.181640625,1.26953125,-0.224609375,-0.361328125
16286,1.3671875,1.25,-0.1953125,-0.3125
16287,1.26953125,1.220703125,-0.322265625,-0.21484375
16288,1.142578125,1.2109375,-0.224609375,-0.439453125
16289,1.337890625,1.26953125,-0.3515625,-0.263671875
16290,1.240234375,1.318359375,-0.1953125,-0.21484375
16291,1.30859375,1.279296875,-0.25390625,-0.439453125
16292,1.38671875,1.23046875,-0.17578125,-0.224609375
16293,1.298828125,1.240234375,-0.2734375,-0.37109375
16294,1.2890625,1.25,-0.25390625,-0.13671875
16295,1.240234375,1.11328125,-0.09765625,-0.33203125
16296,1.279296875,1.2890625,-0.400390625,-0.234375
16297,1.3671875,1.376953125,-0.234375,-0.380859375
16298,1.357421875,1.181640625,-0.302734375,-0.322265625
16299,1.34765625,1.30859375,-0.29296875,-0.3515625
16300,1.25,1.279296875,-0.2734375,-0.419921875
16301,1.337890625,1.3671875,-0.29296875,-0.283203125
16302,1.298828125,1.2109375,-0.234375,-0.283203125
16303,1.318359375,1.171875,-0.322265625,-0.29296875
16304,1.19140625,1.2890625,-0.29296875,-0.17578125
16305,1.171875,1.337890625,-0.263671875,-0.3125
16306,1.279296875,1.3671875,-0.244140625,-0.48828125
16307,1.328125,1.337890625,-0.33203125,-0.302734375
16308,1.357421875,1.30859375,-0.302734375,-0.41015625
16309,1.298828125,1.279296875,-0.29296875,-0.29296875
16310,1.2109375,1.38671875,-0.224609375,-0.33203125
16311,1.337890625,1.2109375,-0.107421875,-0.341796875
16312,1.298828125,1.25,-0.1953125,-0.41015625
16313,1.23046875,1.09375,-0.21484375,-0.380859375
16314,1.25,1.25,-0.29296875,-0.322265625
16315,1.2890625,1.201171875,-0.234375,-0.419921875
16316,1.26953125,1.2890625,-0.2734375,-0.37109375
16317,1.279296875,1.23046875,-0.41015625,-0.341796875
16318,1.328125,1.240234375,-0.3125,-0.37109375
16319,1.38671875,1.201171875,-0.1953125,-0.2734375
16320,1.26953125,1.23046875,-0.205078125,-0.3125
16321,1.26953125,1.220703125,-0.263671875,-0.4296875
16322,1.337890625,1.26953125,-0.25390625,-0.3515625
16323,1.298828125,1.2109375,-0.166015625,-0.322265625
16324,1.30859375,1.298828125,-0.322265625,-0.37109375
16325,1.23046875,1.337890625,-0.2734375,-0.361328125
16326,1.357421875,1.181640625,-0.361328125,-0.37109375
16327,1.3671875,1.26953125,-0.263671875,-0.21484375
16328,1.2890625,1.240234375,-0.25390625,-0.380859375
16329,1.337890625,1.2109375,-0.37109375,-0.29296875
16330,1.328125,1.298828125,-0.224609375,-0.458984375
16331,1.40625,1.240234375,-0.263671875,-0.341796875
16332,1.298828125,1.259765625,-0.107421875,-0.2734375
16333,1.259765625,1.30859375,-0.25390625,-0.361328125
16334,1.171875,1.318359375,-0.224609375,-0.322265625
16335,1.1328125,1.181640625,-0.25390625,-0.380859375
16336,1.15234375,1.279296875,-0.263671875,-0.37109375
16337,1.2109375,1.328125,-0.234375,-0.41015625
16338,1.171875,1.220703125,-0.166015625,-0.419921875
16339,1.064453125,1.34765625,-0.33203125,-0.263671875
16340,1.23046875,1.171875,-0.244140625,-0.17578125
16341,1.201171875,1.2109375,-0.341796875,-0.3515625
16342,1.259765625,1.26953125,-0.29296875,-0.341796875
16343,1.220703125,1.30859375,-0.244140625,-0.37109375
16344,1.25,1.201171875,-0.361328125,-0.2734375
16345,1.2109375,1.181640625,-0.302734375,-0.33203125
16346,1.23046875,1.279296875,-0.2734375,-0.361328125
16347,1.09375,1.23046875,-0.234375,-0.341796875
16348,1.220703125,1.220703125,-0.341796875,-0.33203125
16349,1.328125,1.240234375,-0.390625,-0.25390625
16350,1.11328125,1.19140625,-0.234375,-0.361328125
16351,1.171875,1.25,-0.185546875,-0.4296875
16352,1.2890625,1.25,-0.2734375,-0.419921875
16353,1.142578125,1.23046875,-0.166015625,-0.390625
16354,1.23046875,1.201171875,-0.15625,-0.41015625
16355,1.19140625,1.3671875,-0.263671875,-0.46875
16356,1.15234375,1.30859375,-0.244140625,-0.361328125
16357,1.23046875,1.19140625,-0.205078125,-0.400390625
16358,1.162109375,1.181640625,-0.263671875,-0.48828125
16359,1.19140625,1.201171875,-0.205078125,-0.37109375
16360,1.23046875,1.240234375,-0.244140625,-0.361328125
16361,1.11328125,1.279296875,-0.234375,-0.302734375
16362,1.259765625,1.103515625,-0.33203125,-0.3125
16363,1.318359375,1.2109375,-0.322265625,-0.263671875
16364,1.240234375,1.142578125,-0.21484375,-0.390625
16365,1.15234375,1.318359375,-0.2734375,-0.3125
16366,1.240234375,1.259765625,-0.21484375,-0.29296875
16367,1.23046875,1.181640625,-0.205078125,-0.322265625
16368,1.15234375,1.201171875,-0.3515625,-0.37109375
16369,1.142578125,1.25,-0.15625,-0.3125
16370,1.25,1.162109375,-0.33203125,-0.380859375
16371,1.162109375,1.171875,-0.205078125,-0.37109375
16372,1.123046875,1.240234375,-0.283203125,-0.33203125
16373,1.240234375,1.201171875,-0.21484375,-0.3515625
16374,1.181640625,1.23046875,-0.29296875,-0.419921875
16375,1.1328125,1.220703125,-0.234375,-0.361328125
16376,1.142578125,1.201171875,-0.33203125,-0.48828125
16377,1.142578125,1.279296875,-0.15625,-0.302734375
16378,1.2109375,1.26953125,-0.302734375,-0.302734375
16379,1.25,1.25,-0.234375,-0.29296875
16380,1.162109375,1.25,-0.263671875,-0.37109375
16381,1.123046875,1.23046875,-0.1953125,-0.302734375
16382,1.123046875,1.220703125,-0.166015625,-0.3125
16383,1.123046875,1.40625,-0.185546875,-0.439453125
16384,1.15234375,1.103515625,-0.166015625,-0.361328125
16385,1.162109375,1.201171875,-0.2734375,-0.4296875
16386,1.123046875,1.34765625,-0.17578125,-0.322265625
16387,1.201171875,1.201171875,-0.185546875,-0.3515625
16388,1.15234375,1.162109375,-0.234375,-0.380859375
16389,1.1328125,1.15234375,-0.17578125,-0.44921875
16390,1.259765625,1.142578125,-0.068359375,-0.37109375
16391,1.25,1.240234375,-0.1171875,-0.283203125
16392,1.26953125,1.171875,-0.234375,-0.390625
16393,1.142578125,1.201171875,-0.185546875,-0.37109375
16394,1.201171875,1.30859375,-0.2734375,-0.3515625
16395,1.1328125,1.23046875,-0.15625,-0.37109375
16396,1.23046875,1.0546875,-0.234375,-0.390625
16397,1.259765625,1.1328125,-0.361328125,-0.17578125
16398,1.19140625,1.123046875,-0.29296875,-0.341796875
16399,1.19140625,0.9375,-0.29296875,-0.341796875
16400,1.15234375,1.15234375,-0.185546875,-0.390625
16401,1.201171875,0.9765625,-0.419921875,-0.263671875
16402,1.171875,1.162109375,-0.341796875,-0.361328125
16403,1.298828125,1.083984375,-0.146484375,-0.29296875
16404,1.240234375,1.19140625,-0.302734375,-0.263671875
16405,1.279296875,1.103515625,-0.2734375,-0.341796875
16406,1.30859375,1.11328125,-0.244140625,-0.361328125
16407,1.220703125,1.0546875,-0.341796875,-0.29296875
16408,1.2109375,1.171875,-0.302734375,-0.400390625
16409,1.23046875,1.103515625,-0.3125,-0.390625
16410,1.2109375,1.142578125,-0.2734375,-0.25390625
16411,1.201171875,1.1328125,-0.17578125,-0.41015625
16412,1.357421875,1.07421875,-0.234375,-0.185546875
16413,1.2890625,1.11328125,-0.263671875,-0.419921875
16414,1.240234375,1.03515625,-0.3515625,-0.341796875
16415,1.2890625,1.083984375,-0.15625,-0.4296875
16416,1.2109375,1.220703125,-0.29296875,-0.263671875
16417,1.201171875,1.103515625,-0.263671875,-0.41015625
16418,1.26953125,1.162109375,-0.234375,-0.283203125
16419,1.181640625,1.11328125,-0.166015625,-0.5078125
16420,1.279296875,1.103515625,-0.166015625,-0.400390625
16421,1.279296875,1.11328125,-0.234375,-0.3125
16422,1.240234375,1.0546875,-0.2734375,-0.4296875
16423,1.26953125,0.99609375,-0.224609375,-0.341796875
16424,1.201171875,1.09375,-0.25390625,-0.400390625
16425,1.30859375,1.025390625,-0.17578125,-0.458984375
16426,1.298828125,0.908203125,-0.25390625,-0.341796875
16427,1.23046875,1.005859375,-0.302734375,-0.3515625
16428,1.201171875,1.03515625,-0.283203125,-0.361328125
16429,1.38671875,1.083984375,-0.205078125,-0.341796875
16430,1.201171875,0.99609375,-0.146484375,-0.29296875
16431,1.30859375,0.966796875,-0.234375,-0.361328125
16432,1.15234375,0.87890625,-0.185546875,-0.29296875
16433,1.328125,1.09375,-0.13671875,-0.33203125
16434,1.30859375,1.015625,-0.166015625,-0.1953125
16435,1.2109375,1.025390625,-0.25390625,-0.37109375
16436,1.162109375,1.015625,-0.205078125,-0.283203125
16437,1.201171875,1.005859375,-0.361328125,-0.322265625
16438,1.25,1.30859375,-0.234375,-0.2734375
16439,1.2890625,1.103515625,-0.234375,-0.21484375
16440,1.11328125,1.025390625,-0.1953125,-0.33203125
16441,1.09375,1.123046875,-0.263671875,-0.29296875
16442,1.25,1.03515625,-0.263671875,-0.37109375
16443,1.240234375,1.03515625,-0.29296875,-0.29296875
16444,1.240234375,0.859375,-0.17578125,-0.33203125
16445,1.23046875,1.03515625,-0.166015625,-0.263671875
16446,1.220703125,1.005859375,-0.25390625,-0.3125
16447,1.201171875,1.171875,-0.244140625,-0.25390625
16448,1.38671875,0.986328125,-0.21484375,-0.33203125
16449,1.19140625,0.986328125,-0.166015625,-0.302734375
16450,1.171875,1.044921875,-0.224609375,-0.322265625
16451,1.201171875,1.201171875,-0.205078125,-0.390625
16452,1.259765625,1.044921875,-0.1953125,-0.390625
16453,1.25,1.07421875,-0.2734375,-0.341796875
16454,1.2109375,1.015625,-0.25390625,-0.3125
16455,1.328125,1.044921875,-0.341796875,-0.302734375
16456,1.25,0.966796875,-0.224609375,-0.302734375
16457,1.23046875,1.11328125,-0.224609375,-0.33203125
16458,1.025390625,0.966796875,-0.126953125,-0.3125
16459,1.162109375,1.083984375,-0.224609375,-0.078125
16460,1.103515625,1.11328125,-0.205078125,-0.3515625
16461,1.09375,1.0546875,-0.263671875,-0.234375
16462,1.11328125,1.044921875,-0.263671875,-0.3125
16463,1.19140625,1.09375,-0.25390625,-0.29296875
16464,1.142578125,1.025390625,-0.17578125,-0.302734375
16465,1.083984375,1.005859375,-0.2734375,-0.41015625
16466,1.064453125,0.99609375,-0.13671875,-0.283203125
16467,1.1328125,1.0546875,-0.05859375,-0.234375
16468,1.0546875,1.064453125,-0.234375,-0.302734375
16469,1.142578125,1.103515625,-0.087890625,-0.2734375
16470,1.09375,1.064453125,-0.185546875,-0.17578125
16471,1.1328125,1.083984375,-0.205078125,-0.13671875
16472,1.11328125,1.044921875,-0.185546875,-0.263671875
16473,1.171875,0.9375,-0.21484375,-0.29296875
16474,1.19140625,1.123046875,-0.1953125,-0.185546875
16475,1.2109375,1.015625,-0.1953125,-0.2734375
16476,1.30859375,1.15234375,-0.2734375,-0.25390625
16477,1.1328125,1.03515625,-0.25390625,-0.33203125
16478,1.201171875,0.8984375,-0.15625,-0.2734375
16479,1.162109375,1.083984375,-0.244140625,-0.390625
16480,1.259765625,0.99609375,-0.302734375,-0.107421875
16481,1.201171875,1.03515625,-0.4296875,-0.25390625
16482,1.240234375,1.064453125,-0.341796875,-0.380859375
16483,1.30859375,1.142578125,-0.2734375,-0.244140625
16484,1.220703125,1.1328125,-0.224609375,-0.341796875
16485,1.2109375,1.09375,-0.2734375,-0.2734375
16486,1.318359375,0.927734375,-0.283203125,-0.3515625
16487,1.0546875,1.1328125,-0.3515625,-0.390625
16488,1.07421875,1.083984375,-0.33203125,-0.341796875
16489,1.19140625,1.123046875,-0.3125,-0.439453125
16490,1.2109375,0.9765625,-0.244140625,-0.234375
16491,1.064453125,1.015625,-0.244140625,-0.361328125
16492,1.044921875,1.025390625,-0.224609375,-0.498046875
16493,1.15234375,1.11328125,-0.17578125,-0.1171875
16494,1.142578125,0.9765625,-0.01953125,-0.37109375
16495,1.201171875,1.09375,-0.283203125,-0.341796875
16496,1.123046875,1.044921875,-0.29296875,-0.244140625
16497,1.162109375,1.025390625,-0.302734375,-0.341796875
16498,1.201171875,1.064453125,-0.244140625,-0.341796875
16499,1.19140625,1.044921875,-0.224609375,-0.3125
16500,1.162109375,1.044921875,-0.234375,-0.244140625
16501,1.07421875,1.064453125,-0.21484375,-0.3515625
16502,1.23046875,1.11328125,-0.224609375,-0.3125
16503,1.220703125,1.09375,-0.205078125,-0.25390625
16504,1.19140625,1.07421875,-0.3515625,-0.341796875
16505,1.1328125,1.07421875,-0.224609375,-0.146484375
16506,1.279296875,1.142578125,-0.29296875,-0.283203125
16507,1.171875,1.015625,-0.1953125,-0.126953125
16508,1.240234375,1.162109375,-0.263671875,-0.2734375
16509,1.25,1.0546875,-0.029296875,-0.302734375
16510,1.162109375,1.07421875,-0.1953125,-0.25390625
16511,1.23046875,1.03515625,-0.15625,-0.302734375
16512,1.123046875,1.1328125,-0.2734375,-0.224609375
16513,1.19140625,1.03515625,-0.1953125,-0.244140625
16514,1.23046875,1.025390625,-0.146484375,-0.458984375
16515,1.2890625,1.044921875,-0.263671875,-0.2734375
16516,1.30859375,1.083984375,-0.166015625,-0.234375
16517,1.2890625,1.1328125,-0.205078125,-0.4296875
16518,1.23046875,1.07421875,-0.05859375,-0.361328125
16519,1.123046875,1.123046875,-0.25390625,-0.283203125
16520,1.103515625,1.1328125,-0.234375,-0.341796875
16521,1.337890625,1.0546875,-0.263671875,-0.3125
16522,1.181640625,1.064453125,-0.13671875,-0.17578125
16523,1.201171875,1.015625,-0.224609375,-0.185546875
16524,1.279296875,1.09375,-0.146484375,-0.234375
16525,1.19140625,1.07421875,-0.234375,-0.498046875
16526,1.2109375,1.005859375,-0.244140625,-0.205078125
16527,1.259765625,0.966796875,-0.15625,-0.283203125
16528,1.19140625,1.083984375,-0.1953125,-0.3515625
16529,1.09375,1.11328125,-0.17578125,-0.283203125
16530,1.171875,1.044921875,-0.224609375,-0.380859375
16531,1.083984375,1.083984375,-0.2734375,-0.498046875
16532,1.171875,1.123046875,-0.302734375,-0.595703125
16533,1.09375,1.1328125,-0.205078125,-0.17578125
16534,1.19140625,1.07421875,-0.234375,-0.2734375
16535,1.2109375,1.11328125,-0.224609375,-0.1953125
16536,1.25,1.259765625,-0.1171875,-0.244140625
16537,1.15234375,1.15234375,-0.25390625,-0.224609375
16538,1.181640625,1.064453125,-0.185546875,-0.087890625
16539,1.171875,1.03515625,-0.09765625,-0.17578125
16540,1.123046875,1.064453125,-0.09765625,-0.283203125
16541,1.181640625,1.025390625,-0.21484375,-0.224609375
16542,1.15234375,0.9765625,-0.17578125,-0.166015625
16543,1.142578125,1.025390625,-0.13671875,-0.2734375
16544,1.171875,1.025390625,-0.33203125,-0.244140625
16545,1.142578125,1.103515625,-0.25390625,-0.1953125
16546,1.1328125,1.103515625,-0.107421875,-0.234375
16547,1.201171875,0.986328125,-0.3125,-0.185546875
16548,1.259765625,1.103515625,-0.263671875,-0.322265625
16549,1.11328125,1.0546875,-0.234375,-0.185546875
16550,1.201171875,1.0546875,-0.341796875,-0.224609375
16551,1.19140625,1.09375,-0.234375,-0.283203125
16552,1.1328125,1.1328125,-0.322265625,-0.205078125
16553,1.2109375,1.044921875,-0.302734375,-0.244140625
16554,1.15234375,1.064453125,-0.283203125,-0.244140625
16555,1.171875,1.162109375,-0.15625,-0.205078125
16556,1.19140625,1.142578125,-0.322265625,-0.05859375
16557,1.162109375,1.083984375,-0.3125,-0.322265625
16558,1.171875,1.07421875,-0.205078125,-0.3125
16559,1.171875,1.11328125,-0.146484375,-0.205078125
16560,1.142578125,1.3671875,-0.244140625,-0.2734375
16561,1.11328125,1.123046875,-0.380859375,-0.25390625
16562,1.15234375,1.123046875,-0.205078125,-0.25390625
16563,1.162109375,1.044921875,-0.29296875,-0.234375
16564,1.162109375,0.91796875,-0.185546875,-0.224609375
16565,1.083984375,1.1328125,-0.283203125,-0.244140625
16566,1.23046875,1.083984375,-0.33203125,-0.205078125
16567,1.2109375,1.09375,-0.234375,-0.302734375
16568,1.1328125,1.1328125,-0.244140625,-0.185546875
16569,1.328125,1.03515625,-0.3125,-0.224609375
16570,1.26953125,0.966796875,-0.33203125,-0.263671875
16571,1.09375,1.044921875,-0.146484375,-0.283203125
16572,1.1328125,1.07421875,-0.29296875,-0.224609375
16573,1.181640625,1.15234375,-0.244140625,-0.25390625
16574,1.26953125,1.142578125,-0.244140625,-0.166015625
16575,1.142578125,1.07421875,-0.15625,-0.244140625
16576,1.11328125,1.103515625,-0.21484375,-0.25390625
16577,1.171875,1.11328125,-0.400390625,-0.33203125
16578,1.259765625,1.083984375,-0.302734375,-0.33203125
16579,1.298828125,1.07421875,-0.263671875,-0.2734375
16580,1.25,1.09375,-0.361328125,-0.17578125
16581,1.19140625,1.064453125,-0.322265625,-0.078125
16582,1.2109375,0.8984375,-0.283203125,-0.283203125
16583,1.03515625,1.064453125,-0.17578125,-0.13671875
16584,1.083984375,1.1328125,-0.205078125,-0.21484375
16585,1.123046875,1.0546875,-0.302734375,-0.263671875
16586,1.07421875,1.083984375,-0.1171875,-0.4296875
16587,1.162109375,1.0546875,-0.25390625,-0.244140625
16588,1.1328125,1.025390625,-0.244140625,-0.263671875
16589,1.064453125,1.09375,-0.146484375,-0.205078125
16590,1.044921875,1.09375,-0.13671875,-0.205078125
16591,1.181640625,1.07421875,-0.263671875,-0.302734375
16592,1.07421875,1.279296875,-0.322265625,-0.21484375
16593,1.09375,1.181640625,-0.1953125,-0.21484375
16594,1.103515625,1.162109375,-0.205078125,-0.166015625
16595,1.07421875,1.142578125,-0.048828125,-0.29296875
16596,1.103515625,1.15234375,-0.263671875,-0.29296875
16597,1.083984375,1.201171875,-0.185546875,-0.25390625
16598,1.15234375,1.142578125,-0.205078125,-0.322265625
16599,1.162109375,1.15234375,-0.21484375,-0.234375
16600,1.171875,1.142578125,-0.107421875,-0.234375
16601,1.23046875,1.171875,-0.25390625,-0.244140625
16602,1.09375,1.171875,-0.244140625,-0.126953125
16603,1.123046875,0.947265625,-0.2734375,-0.1953125
16604,1.142578125,1.1328125,-0.087890625,-0.244140625
16605,1.0546875,1.123046875,-0.2734375,-0.21484375
16606,1.142578125,1.34765625,-0.244140625,-0.234375
16607,1.03515625,0.99609375,-0.087890625,-0.263671875
16608,1.240234375,1.162109375,-0.205078125,-0.166015625
16609,1.162109375,1.1328125,-0.244140625,-0.263671875
16610,1.162109375,1.181640625,-0.33203125,-0.224609375
16611,1.328125,1.142578125,-0.126953125,-0.302734375
16612,1.25,1.015625,-0.224609375,-0.224609375
16613,1.171875,1.11328125,-0.205078125,-0.21484375
16614,1.279296875,1.171875,-0.1171875,-0.322265625
16615,1.220703125,1.07421875,-0.21484375,-0.234375
16616,1.11328125,1.181640625,-0.263671875,-0.17578125
16617,1.181640625,1.162109375,-0.166015625,-0.244140625
16618,1.15234375,1.142578125,-0.2734375,-0.263671875
16619,1.11328125,1.1328125,-0.205078125,-0.283203125
16620,1.201171875,1.201171875,-0.185546875,-0.146484375
16621,1.044921875,1.171875,-0.1953125,-0.224609375
16622,1.25,1.240234375,-0.205078125,-0.205078125
16623,1.064453125,1.162109375,-0.15625,-0.2734375
16624,1.19140625,1.07421875,-0.263671875,-0.126953125
16625,1.1328125,1.1328125,-0.244140625,-0.283203125
16626,1.240234375,1.19140625,-0.224609375,-0.244140625
16627,1.337890625,1.1328125,-0.205078125,-0.185546875
16628,1.15234375,1.07421875,-0.1953125,-0.25390625
16629,1.083984375,1.142578125,-0.21484375,-0.29296875
16630,1.103515625,1.259765625,-0.224609375,-0.244140625
16631,1.19140625,1.171875,-0.107421875,-0.263671875
16632,1.23046875,1.11328125,-0.166015625,-0.29296875
16633,1.2109375,1.201171875,-0.234375,-0.25390625
16634,1.171875,1.171875,-0.05859375,-0.33203125
16635,1.23046875,1.103515625,-0.1953125,-0.15625
16636,1.15234375,1.083984375,-0.15625,-0.283203125
16637,1.15234375,1.19140625,-0.146484375,-0.283203125
16638,1.171875,1.142578125,-0.25390625,-0.37109375
16639,1.142578125,1.03515625,-0.166015625,-0.205078125
16640,1.19140625,1.2109375,-0.21484375,-0.33203125
16641,1.103515625,1.15234375,-0.205078125,-0.380859375
16642,1.259765625,1.171875,-0.234375,-0.13671875
16643,1.25,1.103515625,-0.21484375,-0.1953125
16644,1.201171875,1.220703125,-0.107421875,-0.25390625
16645,1.25,1.201171875,-0.13671875,-0.244140625
16646,1.23046875,1.142578125,-0.244140625,-0.302734375
16647,1.19140625,1.162109375,-0.068359375,-0.263671875
16648,1.19140625,1.201171875,-0.166015625,-0.3125
16649,1.240234375,1.2109375,-0.13671875,-0.29296875
16650,1.142578125,1.142578125,-0.185546875,-0.302734375
16651,1.2109375,1.23046875,-0.205078125,-0.244140625
16652,1.1328125,1.103515625,-0.185546875,-0.3125
16653,1.2109375,1.162109375,-0.1953125,-0.439453125
16654,1.23046875,1.123046875,-0.244140625,-0.146484375
16655,1.181640625,1.162109375,-0.205078125,-0.29296875
16656,1.25,1.142578125,-0.13671875,-0.3125
16657,1.181640625,1.240234375,-0.087890625,-0.1171875
16658,1.2109375,1.162109375,-0.1953125,-0.263671875
16659,1.240234375,1.09375,-0.1953125,-0.302734375
16660,1.11328125,1.162109375,-0.244140625,-0.15625
16661,1.07421875,1.2109375,-0.3125,-0.17578125
16662,1.162109375,1.171875,-0.46875,-0.21484375
16663,1.103515625,1.30859375,-0.3125,-0.44921875
16664,1.220703125,1.15234375,-0.2734375,-0.234375
16665,1.2109375,1.23046875,-0.25390625,-0.2734375
16666,1.2109375,1.201171875,-0.33203125,-0.244140625
16667,1.357421875,1.142578125,-0.3125,-0.3515625
16668,1.162109375,1.2109375,-0.283203125,-0.244140625
16669,1.005859375,1.30859375,-0.1953125,-0.29296875
16670,1.220703125,1.162109375,-0.224609375,-0.25390625
16671,1.201171875,1.23046875,-0.29296875,-0.1953125
16672,1.19140625,1.26953125,-0.302734375,-0.322265625
16673,1.11328125,1.23046875,-0.322265625,-0.283203125
16674,1.201171875,1.044921875,-0.2734375,-0.263671875
16675,1.15234375,1.240234375,-0.21484375,-0.234375
16676,1.298828125,1.181640625,-0.244140625,-0.25390625
16677,1.26953125,1.171875,-0.302734375,-0.283203125
16678,1.2109375,1.240234375,-0.322265625,-0.5859375
16679,1.25,1.19140625,-0.263671875,-0.302734375
16680,1.2109375,1.19140625,-0.244140625,-0.224609375
16681,1.103515625,1.19140625,-0.33203125,-0.234375
16682,1.15234375,1.279296875,-0.263671875,-0.3515625
16683,1.19140625,1.201171875,-0.1953125,-0.25390625
16684,1.11328125,1.240234375,-0.302734375,-0.37109375
16685,1.259765625,1.34765625,-0.25390625,-0.1953125
16686,1.162109375,1.083984375,-0.15625,-0.263671875
16687,1.123046875,1.19140625,-0.224609375,-0.166015625
16688,1.181640625,1.279296875,-0.205078125,-0.224609375
16689,1.162109375,1.162109375,-0.37109375,-0.224609375
16690,1.171875,1.240234375,-0.341796875,-0.41015625
16691,1.2890625,1.2109375,-0.205078125,-0.29296875
16692,1.19140625,1.162109375,-0.21484375,-0.3125
16693,1.2890625,1.162109375,-0.263671875,-0.3125
16694,1.279296875,1.162109375,-0.283203125,-0.380859375
16695,1.19140625,1.142578125,-0.33203125,-0.3125
16696,1.19140625,1.142578125,-0.1953125,-0.29296875
16697,1.1328125,1.201171875,-0.244140625,-0.29296875
16698,1.201171875,1.2109375,-0.25390625,-0.185546875
16699,1.19140625,1.2109375,-0.244140625,-0.29296875
16700,1.25,1.240234375,-0.2734375,-0.29296875
16701,1.298828125,1.220703125,-0.234375,-0.1953125
16702,1.181640625,1.25,-0.3125,-0.185546875
16703,1.123046875,1.23046875,-0.234375,-0.302734375
16704,1.09375,1.2109375,-0.33203125,-0.283203125
16705,1.25,1.279296875,-0.322265625,-0.458984375
16706,1.162109375,1.279296875,-0.234375,-0.37109375
16707,1.11328125,1.162109375,-0.21484375,-0.302734375
16708,1.025390625,1.23046875,-0.29296875,-0.302734375
16709,1.26953125,1.279296875,-0.29296875,-0.302734375
16710,1.298828125,1.201171875,-0.146484375,-0.29296875
16711,1.2890625,1.25,-0.3125,-0.244140625
16712,1.30859375,1.3671875,-0.283203125,-0.322265625
16713,1.2890625,1.162109375,-0.126953125,-0.302734375
16714,1.181640625,1.337890625,-0.224609375,-0.322265625
16715,1.26953125,1.259765625,-0.15625,-0.166015625
16716,1.328125,1.279296875,-0.244140625,-0.3515625
16717,1.328125,0.947265625,-0.17578125,-0.322265625
16718,1.123046875,1.34765625,-0.21484375,-0.400390625
16719,1.2109375,1.2109375,-0.21484375,-0.322265625
16720,1.162109375,1.240234375,-0.17578125,-0.21484375
16721,1.298828125,1.23046875,-0.1953125,-0.283203125
16722,1.298828125,1.2109375,-0.205078125,-0.341796875
16723,1.279296875,1.25,-0.205078125,-0.283203125
16724,1.376953125,1.162109375,-0.341796875,-0.4296875
16725,1.26953125,1.220703125,-0.263671875,-0.29296875
16726,1.396484375,1.201171875,-0.37109375,-0.3125
16727,1.357421875,1.23046875,-0.302734375,-0.4296875
16728,1.298828125,1.2109375,-0.3125,-0.322265625
16729,1.3671875,1.220703125,-0.224609375,-0.380859375
16730,1.298828125,1.298828125,-0.2734375,-0.1953125
16731,1.30859375,1.279296875,-0.21484375,-0.224609375
16732,1.201171875,1.298828125,-0.234375,-0.2734375
16733,1.318359375,1.298828125,-0.341796875,-0.244140625
16734,1.2890625,1.2890625,-0.224609375,-0.234375
16735,1.30859375,1.26953125,-0.341796875,-0.25390625
16736,1.416015625,1.298828125,-0.2734375,-0.439453125
16737,1.2890625,1.416015625,-0.283203125,-0.29296875
16738,1.181640625,1.259765625,-0.302734375,-0.244140625
16739,1.19140625,1.23046875,-0.283203125,-0.25390625
16740,1.1328125,1.298828125,-0.185546875,-0.283203125
16741,1.328125,1.044921875,-0.322265625,-0.2734375
16742,1.181640625,1.25,-0.15625,-0.3125
16743,1.2890625,1.42578125,-0.224609375,-0.29296875
16744,1.142578125,1.3671875,-0.21484375,-0.341796875
16745,1.25,1.298828125,-0.25390625,-0.33203125
16746,1.240234375,1.201171875,-0.234375,-0.283203125
16747,1.162109375,1.25,-0.166015625,-0.341796875
16748,1.083984375,1.25,-0.322265625,-0.244140625
16749,1.318359375,1.46484375,-0.17578125,-0.400390625
16750,1.19140625,1.38671875,-0.322265625,-0.33203125
16751,1.42578125,1.298828125,-0.185546875,-0.37109375
16752,1.3671875,1.2890625,-0.234375,-0.380859375
16753,1.30859375,1.09375,-0.25390625,-0.37109375
16754,1.328125,1.25,-0.1953125,-0.146484375
16755,1.357421875,1.259765625,-0.263671875,-0.390625
16756,1.259765625,1.318359375,-0.234375,-0.3515625
16757,1.23046875,1.279296875,-0.25390625,-0.2734375
16758,1.337890625,1.240234375,-0.17578125,-0.634765625
16759,1.337890625,1.376953125,-0.244140625,-0.41015625
16760,1.357421875,1.26953125,-0.185546875,-0.361328125
16761,1.42578125,1.1328125,-0.17578125,-0.537109375
16762,1.328125,1.279296875,-0.224609375,-0.380859375
16763,1.455078125,1.2890625,-0.263671875,-0.224609375
16764,1.26953125,1.298828125,-0.283203125,-0.390625
16765,1.162109375,1.259765625,-0.166015625,-0.322265625
16766,1.2890625,1.23046875,-0.29296875,-0.419921875
16767,1.23046875,1.38671875,-0.17578125,-0.3125
16768,1.25,1.0546875,-0.166015625,-0.361328125
16769,1.259765625,1.201171875,-0.1171875,-0.3125
16770,1.26953125,1.220703125,-0.205078125,-0.29296875
16771,1.259765625,1.26953125,-0.322265625,-0.2734375
16772,1.15234375,1.26953125,-0.3125,-0.37109375
16773,1.19140625,1.25,-0.25390625,-0.224609375
16774,1.19140625,1.2109375,-0.361328125,-0.33203125
16775,1.220703125,1.30859375,-0.361328125,-0.4296875
16776,1.1328125,1.328125,-0.361328125,-0.3515625
16777,1.171875,1.298828125,-0.263671875,-0.419921875
16778,1.171875,1.23046875,-0.390625,-0.17578125
16779,1.171875,1.25,-0.21484375,-0.244140625
16780,1.220703125,1.30859375,-0.3125,-0.341796875
16781,1.23046875,1.220703125,-0.224609375,-0.3515625
16782,1.044921875,1.26953125,-0.302734375,-0.400390625
16783,1.201171875,1.34765625,-0.21484375,-0.390625
16784,1.201171875,1.23046875,-0.302734375,-0.302734375
16785,1.201171875,1.279296875,-0.380859375,-0.439453125
16786,1.171875,1.318359375,-0.224609375,-0.224609375
16787,1.240234375,1.162109375,-0.33203125,-0.234375
16788,1.123046875,1.376953125,-0.107421875,-0.361328125
16789,1.240234375,1.34765625,-0.1953125,-0.341796875
16790,1.25,1.357421875,-0.224609375,-0.400390625
16791,1.103515625,1.2890625,-0.3515625,-0.25390625
16792,1.328125,1.123046875,-0.17578125,-0.33203125
16793,1.2890625,1.30859375,-0.166015625,-0.29296875
16794,1.171875,1.25,-0.21484375,-0.41015625
16795,1.19140625,1.03515625,-0.15625,-0.41015625
16796,1.220703125,1.19140625,-0.29296875,-0.341796875
16797,1.26953125,1.220703125,-0.25390625,-0.341796875
16798,1.19140625,1.25,-0.302734375,-0.361328125
16799,1.2109375,1.181640625,-0.33203125,-0.302734375
16800,1.298828125,1.201171875,-0.263671875,-0.37109375
16801,1.19140625,1.240234375,-0.2734375,-0.341796875
16802,1.259765625,1.220703125,-0.302734375,-0.400390625
16803,1.1328125,1.15234375,-0.263671875,-0.244140625
16804,1.298828125,1.162109375,-0.3125,-0.33203125
16805,1.19140625,1.259765625,-0.1953125,-0.33203125
16806,1.181640625,1.220703125,-0.185546875,-0.458984375
16807,1.318359375,1.240234375,-0.25390625,-0.400390625
16808,1.201171875,1.259765625,-0.244140625,-0.322265625
16809,1.005859375,1.181640625,-0.224609375,-0.41015625
16810,1.279296875,1.19140625,-0.205078125,-0.341796875
16811,1.38671875,1.083984375,-0.3125,-0.37109375
16812,1.103515625,1.26953125,-0.341796875,-0.3125
16813,1.1328125,1.328125,-0.166015625,-0.302734375
16814,1.181640625,1.25,-0.185546875,-0.478515625
16815,1.11328125,1.09375,-0.205078125,-0.41015625
16816,1.220703125,1.2109375,-0.146484375,-0.390625
16817,1.2890625,1.19140625,-0.15625,-0.361328125
16818,1.318359375,1.26953125,-0.1953125,-0.615234375
16819,1.162109375,1.181640625,-0.166015625,-0.44921875
16820,1.30859375,1.279296875,-0.263671875,-0.3515625
16821,1.2890625,1.240234375,-0.224609375,-0.46875
16822,1.15234375,1.26953125,-0.146484375,-0.263671875
16823,1.259765625,1.15234375,-0.3515625,-0.439453125
16824,1.25,1.220703125,-0.33203125,-0.341796875
16825,1.240234375,1.2890625,-0.263671875,-0.419921875
16826,1.19140625,1.142578125,-0.25390625,-0.419921875
16827,1.181640625,1.2109375,-0.2734375,-0.390625
16828,1.25,1.298828125,-0.224609375,-0.48828125
16829,1.23046875,1.162109375,-0.302734375,-0.439453125
16830,1.0546875,1.09375,-0.3125,-0.3515625
16831,1.26953125,1.083984375,-0.3125,-0.361328125
16832,1.25,1.1328125,-0.390625,-0.37109375
16833,1.279296875,1.025390625,-0.302734375,-0.3515625
16834,1.25,1.23046875,-0.263671875,-0.263671875
16835,1.2890625,1.259765625,-0.263671875,-0.37109375
16836,1.2890625,1.083984375,-0.380859375,-0.361328125
16837,1.142578125,1.103515625,-0.302734375,-0.087890625
16838,1.171875,1.044921875,-0.341796875,-0.302734375
16839,1.30859375,1.09375,-0.166015625,-0.361328125
16840,1.298828125,1.11328125,-0.1953125,-0.33203125
16841,1.23046875,1.07421875,-0.05859375,-0.37109375
16842,1.19140625,1.1328125,-0.17578125,-0.400390625
16843,1.2109375,1.15234375,-0.234375,-0.25390625
16844,1.240234375,1.279296875,-0.17578125,-0.361328125
16845,1.11328125,1.220703125,-0.107421875,-0.44921875
16846,1.181640625,1.07421875,-0.21484375,-0.21484375
16847,1.19140625,1.09375,-0.21484375,-0.3515625
16848,1.240234375,1.07421875,-0.05859375,-0.380859375
16849,1.1328125,1.064453125,-0.234375,-0.498046875
16850,1.171875,0.966796875,-0.224609375,-0.283203125
16851,1.123046875,0.986328125,-0.21484375,-0.302734375
16852,1.181640625,1.2109375,-0.302734375,-0.244140625
16853,1.23046875,1.07421875,-0.283203125,-0.3515625
16854,1.240234375,1.103515625,-0.185546875,-0.3125
16855,1.11328125,1.064453125,-0.302734375,-0.52734375
16856,1.142578125,1.103515625,-0.2734375,-0.263671875
16857,1.181640625,1.03515625,-0.13671875,-0.380859375
16858,1.15234375,1.044921875,-0.234375,-0.263671875
16859,1.23046875,0.9375,-0.185546875,-0.361328125
16860,1.26953125,0.986328125,-0.234375,-0.341796875
16861,1.181640625,0.947265625,-0.244140625,-0.390625
16862,1.220703125,1.07421875,-0.205078125,-0.390625
16863,1.19140625,1.083984375,-0.322265625,-0.33203125
16864,1.240234375,1.015625,-0.29296875,-0.33203125
16865,1.19140625,1.103515625,-0.244140625,-0.29296875
16866,1.220703125,0.9765625,-0.146484375,-0.3515625
16867,0.99609375,0.966796875,-0.224609375,-0.439453125
16868,1.11328125,1.015625,-0.21484375,-0.400390625
16869,1.201171875,1.044921875,-0.09765625,-0.322265625
16870,1.162109375,0.99609375,-0.263671875,-0.25390625
16871,1.259765625,1.083984375,-0.1953125,-0.29296875
16872,1.19140625,0.99609375,-0.205078125,-0.322265625
16873,1.30859375,0.986328125,-0.2734375,-0.263671875
16874,1.103515625,1.064453125,-0.234375,-0.263671875
16875,1.11328125,0.986328125,-0.185546875,-0.244140625
16876,1.240234375,1.044921875,-0.205078125,-0.25390625
16877,1.2109375,1.09375,-0.2734375,-0.263671875
16878,1.26953125,0.947265625,-0.283203125,-0.17578125
16879,1.220703125,1.064453125,-0.205078125,-0.224609375
16880,1.181640625,1.09375,-0.224609375,-0.263671875
16881,1.123046875,1.025390625,-0.234375,-0.33203125
16882,1.220703125,1.083984375,-0.322265625,-0.302734375
16883,1.220703125,0.95703125,-0.234375,-0.234375
16884,1.25,0.869140625,-0.126953125,-0.3515625
16885,1.171875,0.9765625,-0.09765625,-0.302734375
16886,1.259765625,1.064453125,-0.205078125,-0.3125
16887,1.0546875,1.0546875,-0.224609375,-0.322265625
16888,1.171875,0.99609375,-0.37109375,-0.478515625
16889,1.220703125,1.044921875,-0.41015625,-0.283203125
16890,1.15234375,1.03515625,-0.52734375,-0.322265625
16891,1.171875,1.083984375,-0.17578125,-0.390625
16892,1.171875,1.09375,-0.185546875,-0.400390625
16893,1.220703125,1.26953125,-0.302734375,-0.33203125
16894,1.19140625,1.005859375,-0.33203125,-0.166015625
16895,1.201171875,1.03515625,-0.17578125,-0.46875
16896,1.123046875,1.1328125,-0.21484375,-0.37109375
16897,1.142578125,1.11328125,-0.283203125,-0.33203125
16898,1.142578125,1.07421875,-0.21484375,-0.3515625
16899,1.201171875,1.083984375,-0.244140625,-0.283203125
16900,1.162109375,0.986328125,-0.185546875,-0.25390625
16901,1.171875,0.99609375,-0.17578125,-0.234375
16902,1.044921875,1.005859375,-0.2734375,-0.263671875
16903,1.2109375,0.99609375,-0.09765625,-0.107421875
16904,1.2109375,1.015625,-0.2734375,-0.33203125
16905,1.259765625,0.966796875,-0.15625,-0.234375
16906,1.220703125,1.005859375,-0.341796875,-0.234375
16907,1.201171875,1.005859375,-0.1953125,-0.41015625
16908,1.26953125,1.015625,-0.244140625,-0.185546875
16909,1.279296875,1.11328125,-0.283203125,-0.341796875
16910,1.240234375,1.064453125,-0.33203125,-0.380859375
16911,1.181640625,1.03515625,-0.244140625,-0.341796875
16912,1.240234375,0.91796875,-0.361328125,-0.322265625
16913,1.171875,1.09375,-0.263671875,-0.33203125
16914,1.240234375,0.986328125,-0.283203125,-0.29296875
16915,1.201171875,1.015625,-0.3515625,-0.4296875
16916,1.181640625,1.005859375,-0.302734375,-0.41015625
16917,1.15234375,1.0546875,-0.2734375,-0.3125
16918,1.181640625,0.966796875,-0.185546875,-0.302734375
16919,1.064453125,0.927734375,-0.361328125,-0.322265625
16920,1.142578125,0.986328125,-0.283203125,-0.3125
16921,1.162109375,1.09375,-0.283203125,-0.29296875
16922,0.9375,1.044921875,-0.244140625,-0.224609375
16923,1.181640625,0.9765625,-0.224609375,-0.361328125
16924,1.220703125,1.09375,-0.205078125,-0.322265625
16925,1.015625,0.986328125,-0.21484375,-0.244140625
16926,1.171875,1.103515625,-0.1953125,-0.29296875
16927,1.1328125,0.95703125,-0.068359375,-0.263671875
16928,1.181640625,1.083984375,-0.25390625,-0.283203125
16929,0.99609375,1.0546875,-0.205078125,-0.3125
16930,1.103515625,1.07421875,-0.126953125,-0.302734375
16931,1.083984375,1.11328125,-0.146484375,-0.25390625
16932,1.25,1.171875,-0.263671875,-0.400390625
16933,1.09375,1.2109375,-0.2734375,-0.302734375
16934,1.171875,1.083984375,-0.1171875,-0.13671875
16935,1.09375,1.123046875,-0.166015625,-0.3125
16936,1.201171875,1.171875,-0.21484375,-0.302734375
16937,1.23046875,1.1328125,-0.166015625,-0.3125
16938,1.240234375,1.005859375,-0.25390625,-0.263671875
16939,1.259765625,1.083984375,-0.13671875,-0.185546875
16940,1.2109375,1.103515625,-0.048828125,-0.25390625
16941,1.220703125,1.162109375,-0.185546875,-0.244140625
16942,1.26953125,1.181640625,-0.166015625,-0.166015625
16943,1.181640625,1.11328125,-0.15625,-0.263671875
16944,1.142578125,1.1328125,-0.17578125,-0.166015625
16945,1.15234375,1.19140625,-0.087890625,-0.2734375
16946,1.181640625,1.162109375,-0.13671875,-0.439453125
16947,1.23046875,1.0546875,-0.224609375,-0.3125
16948,1.25,1.142578125,-0.3125,-0.234375
16949,1.15234375,1.03515625,-0.17578125,-0.29296875
16950,1.240234375,1.1328125,-0.126953125,-0.283203125
16951,1.220703125,1.0546875,-0.1953125,-0.302734375
16952,1.142578125,1.083984375,-0.244140625,-0.29296875
16953,1.3671875,1.015625,-0.21484375,-0.244140625
16954,1.201171875,1.044921875,-0.185546875,-0.126953125
16955,1.298828125,1.044921875,-0.205078125,-0.29296875
16956,1.26953125,0.9375,-0.3125,-0.234375
16957,1.357421875,0.9375,-0.29296875,-0.283203125
16958,1.181640625,0.966796875,-0.3125,-0.2734375
16959,1.201171875,1.103515625,-0.205078125,-0.3125
16960,1.15234375,1.07421875,-0.224609375,-0.263671875
16961,1.103515625,1.015625,-0.33203125,-0.205078125
16962,1.103515625,1.142578125,-0.244140625,-0.283203125
16963,1.201171875,0.986328125,-0.078125,-0.25390625
16964,1.220703125,1.07421875,-0.25390625,-0.29296875
16965,1.123046875,1.07421875,-0.234375,-0.390625
16966,1.25,1.03515625,-0.25390625,-0.224609375
16967,1.279296875,1.171875,-0.048828125,-0.205078125
16968,1.15234375,1.044921875,-0.185546875,-0.3125
16969,1.259765625,1.064453125,-0.25390625,-0.37109375
16970,1.171875,1.123046875,-0.244140625,-0.205078125
16971,1.23046875,1.0546875,-0.166015625,-0.29296875
16972,1.181640625,1.015625,-0.21484375,-0.302734375
16973,1.1328125,0.966796875,-0.17578125,-0.33203125
16974,1.162109375,1.1328125,-0.322265625,-0.283203125
16975,1.19140625,1.162109375,-0.244140625,-0.322265625
16976,1.220703125,1.03515625,-0.361328125,-0.283203125
16977,1.25,1.11328125,-0.263671875,-0.33203125
16978,0.966796875,1.201171875,-0.302734375,-0.3515625
16979,1.240234375,1.0546875,-0.166015625,-0.263671875
16980,1.25,1.123046875,-0.263671875,-0.3515625
16981,1.181640625,1.064453125,-0.2734375,-0.15625
16982,1.220703125,1.0546875,-0.322265625,-0.21484375
16983,1.162109375,1.083984375,-0.29296875,-0.1953125
16984,1.2109375,1.1328125,-0.2734375,-0.29296875
16985,1.19140625,1.03515625,-0.341796875,-0.166015625
16986,1.044921875,1.07421875,-0.3125,-0.15625
16987,1.11328125,1.07421875,-0.3125,-0.21484375
16988,1.181640625,1.123046875,-0.302734375,-0.166015625
16989,1.19140625,1.0546875,-0.263671875,-0.146484375
16990,1.279296875,1.142578125,-0.244140625,-0.068359375
16991,1.181640625,1.171875,-0.185546875,-0.234375
16992,1.181640625,1.083984375,-0.283203125,-0.3515625
16993,1.15234375,1.03515625,-0.15625,-0.17578125
16994,1.171875,1.103515625,-0.205078125,-0.263671875
16995,1.23046875,1.083984375,-0.25390625,-0.1953125
16996,1.23046875,1.07421875,-0.1953125,-0.224609375
16997,1.1328125,1.162109375,-0.25390625,-0.2734375
16998,1.23046875,1.15234375,-0.3125,-0.341796875
16999,1.142578125,1.123046875,-0.263671875,-0.146484375
17000,1.19140625,1.0546875,-0.21484375,-0.29296875
17001,1.044921875,1.123046875,-0.244140625,-0.1953125
17002,1.26953125,1.064453125,-0.283203125,-0.224609375
17003,1.220703125,1.0546875,-0.537109375,-0.234375
17004,1.259765625,1.064453125,-0.302734375,-0.400390625
17005,1.19140625,1.15234375,-0.302734375,-0.21484375
17006,1.2109375,1.259765625,-0.17578125,-0.185546875
17007,1.2890625,1.142578125,-0.166015625,-0.234375
17008,1.07421875,1.11328125,-0.224609375,-0.33203125
17009,1.19140625,1.123046875,-0.29296875,-0.15625
17010,1.15234375,1.083984375,-0.17578125,-0.205078125
17011,1.142578125,1.09375,-0.224609375,-0.107421875
17012,1.09375,1.23046875,-0.126953125,-0.29296875
17013,1.201171875,1.064453125,-0.33203125,-0.146484375
17014,1.34765625,1.19140625,-0.25390625,-0.283203125
17015,1.123046875,1.03515625,-0.13671875,-0.224609375
17016,1.2109375,1.1328125,-0.33203125,-0.283203125
17017,1.2109375,1.07421875,-0.25390625,-0.341796875
17018,1.19140625,1.1328125,-0.107421875,-0.3125
17019,1.23046875,1.11328125,-0.283203125,-0.244140625
17020,1.15234375,1.083984375,-0.15625,-0.322265625
17021,1.201171875,1.171875,-0.2734375,-0.283203125
17022,1.123046875,1.07421875,-0.17578125,-0.1953125
17023,1.162109375,1.11328125,-0.21484375,-0.17578125
17024,1.240234375,1.162109375,-0.17578125,-0.234375
17025,1.279296875,1.11328125,-0.078125,-0.3515625
17026,1.083984375,1.15234375,-0.146484375,-0.126953125
17027,1.259765625,0.99609375,-0.146484375,-0.21484375
17028,1.123046875,1.064453125,-0.068359375,-0.341796875
17029,1.07421875,1.1328125,-0.224609375,-0.263671875
17030,1.07421875,1.162109375,-0.224609375,-0.205078125
17031,1.1328125,1.103515625,-0.2734375,-0.234375
17032,1.162109375,1.103515625,-0.234375,-0.244140625
17033,1.19140625,1.064453125,-0.1953125,-0.263671875
17034,1.142578125,1.328125,-0.234375,-0.166015625
17035,1.1328125,1.1328125,-0.263671875,-0.068359375
17036,1.171875,1.083984375,-0.185546875,-0.341796875
17037,1.171875,1.23046875,-0.400390625,-0.263671875
17038,1.171875,1.09375,-0.2734375,-0.263671875
17039,1.025390625,1.181640625,-0.263671875,-0.224609375
17040,1.19140625,1.2109375,-0.25390625,-0.37109375
17041,1.103515625,1.123046875,-0.15625,-0.234375
17042,1.1328125,1.162109375,-0.302734375,-0.1953125
17043,1.220703125,1.357421875,-0.263671875,-0.283203125
17044,1.19140625,1.064453125,-0.234375,-0.3515625
17045,1.201171875,0.947265625,-0.21484375,-0.33203125
17046,1.162109375,1.171875,-0.1953125,-0.1953125
17047,1.15234375,1.171875,-0.302734375,-0.2734375
17048,1.259765625,1.240234375,-0.224609375,-0.302734375
17049,1.11328125,1.103515625,-0.15625,-0.185546875
17050,1.083984375,1.142578125,-0.21484375,-0.21484375
17051,1.1328125,1.11328125,-0.25390625,-0.263671875
17052,1.181640625,1.162109375,-0.126953125,-0.263671875
17053,1.162109375,1.15234375,-0.205078125,-0.25390625
17054,1.15234375,1.25,-0.1953125,-0.224609375
17055,1.201171875,1.0546875,-0.185546875,-0.234375
17056,1.171875,1.259765625,-0.205078125,-0.15625
17057,1.142578125,1.103515625,-0.205078125,-0.29296875
17058,1.171875,1.103515625,-0.263671875,-0.263671875
17059,1.171875,1.123046875,-0.1953125,-0.1953125
17060,1.201171875,1.201171875,-0.263671875,-0.25390625
17061,1.162109375,1.30859375,-0.1171875,-0.185546875
17062,1.298828125,1.25,-0.13671875,-0.46875
17063,1.19140625,1.240234375,-0.15625,-0.25390625
17064,1.162109375,1.11328125,-0.3125,-0.25390625
17065,1.220703125,1.142578125,-0.3125,-0.21484375
17066,1.201171875,1.23046875,-0.33203125,-0.244140625
17067,1.15234375,1.240234375,-0.029296875,-0.322265625
17068,1.162109375,1.240234375,-0.263671875,-0.205078125
17069,1.220703125,1.2109375,-0.234375,-0.146484375
17070,1.181640625,1.03515625,-0.166015625,-0.263671875
17071,1.162109375,1.142578125,-0.234375,-0.224609375
17072,1.15234375,1.11328125,-0.244140625,-0.361328125
17073,1.123046875,1.181640625,-0.1953125,-0.283203125
17074,1.298828125,1.240234375,-0.3125,-0.224609375
17075,1.09375,1.15234375,-0.17578125,-0.322265625
17076,1.123046875,1.0546875,-0.1953125,-0.21484375
17077,1.181640625,1.162109375,-0.1953125,-0.244140625
17078,1.181640625,1.15234375,-0.087890625,-0.3515625
17079,1.181640625,1.34765625,-0.078125,-0.283203125
17080,1.162109375,1.025390625,-0.126953125,-0.29296875
17081,1.11328125,1.142578125,-0.234375,-0.25390625
17082,1.19140625,1.220703125,-0.166015625,-0.33203125
17083,1.15234375,1.220703125,-0.205078125,-0.361328125
17084,1.123046875,1.19140625,-0.15625,-0.234375
17085,1.171875,1.201171875,-0.185546875,-0.3125
17086,1.25,1.171875,-0.263671875,-0.29296875
17087,1.142578125,1.162109375,-0.166015625,-0.283203125
17088,1.25,1.11328125,-0.17578125,-0.302734375
17089,1.09375,1.2890625,-0.205078125,-0.263671875
17090,1.1328125,1.1328125,-0.224609375,-0.341796875
17091,1.15234375,1.181640625,-0.25390625,-0.263671875
17092,1.171875,1.298828125,-0.234375,-0.263671875
17093,1.1328125,1.259765625,-0.263671875,-0.107421875
17094,1.09375,1.201171875,-0.205078125,-0.2734375
17095,1.162109375,0.99609375,-0.29296875,-0.283203125
17096,1.30859375,1.181640625,-0.3125,-0.263671875
17097,1.162109375,1.484375,-0.283203125,-0.263671875
17098,1.23046875,1.083984375,-0.263671875,-0.322265625
17099,1.09375,1.240234375,-0.244140625,-0.263671875
17100,1.25,1.220703125,-0.205078125,-0.33203125
17101,1.181640625,1.337890625,-0.25390625,-0.4296875
17102,1.19140625,1.142578125,-0.25390625,-0.244140625
17103,1.181640625,1.19140625,-0.302734375,-0.263671875
17104,1.15234375,1.162109375,-0.087890625,-0.224609375
17105,1.103515625,1.240234375,-0.263671875,-0.3515625
17106,1.103515625,1.240234375,-0.29296875,-0.322265625
17107,1.220703125,1.171875,-0.21484375,-0.283203125
17108,1.23046875,1.23046875,-0.322265625,-0.33203125
17109,1.23046875,1.015625,-0.283203125,-0.33203125
17110,1.123046875,1.25,-0.322265625,-0.302734375
17111,1.15234375,1.220703125,-0.322265625,-0.29296875
17112,1.19140625,1.171875,-0.263671875,-0.234375
17113,1.103515625,1.171875,-0.087890625,-0.361328125
17114,1.162109375,1.2109375,-0.33203125,-0.419921875
17115,1.240234375,1.38671875,-0.29296875,-0.25390625
17116,1.259765625,1.2109375,-0.29296875,-0.33203125
17117,1.1328125,1.23046875,-0.205078125,-0.205078125
17118,1.201171875,1.201171875,-0.17578125,-0.341796875
17119,1.123046875,1.19140625,-0.25390625,-0.224609375
17120,1.181640625,1.2109375,-0.21484375,-0.21484375
17121,1.103515625,1.123046875,-0.244140625,-0.29296875
17122,1.259765625,1.201171875,-0.29296875,-0.263671875
17123,1.09375,1.201171875,-0.21484375,-0.25390625
17124,1.220703125,1.162109375,-0.1953125,-0.21484375
17125,1.181640625,1.2109375,-0.126953125,-0.29296875
17126,1.26953125,1.1328125,-0.078125,-0.37109375
17127,1.2109375,1.1328125,-0.234375,-0.341796875
17128,1.19140625,1.181640625,-0.322265625,-0.37109375
17129,1.25,1.240234375,-0.244140625,-0.25390625
17130,1.15234375,1.220703125,-0.244140625,-0.25390625
17131,1.34765625,1.103515625,-0.263671875,-0.2734375
17132,1.220703125,1.201171875,-0.234375,-0.33203125
17133,1.259765625,1.11328125,-0.3515625,-0.166015625
17134,1.123046875,1.279296875,-0.419921875,-0.244140625
17135,1.220703125,1.171875,-0.37109375,-0.29296875
17136,1.220703125,1.171875,-0.205078125,-0.48828125
17137,1.2890625,1.30859375,-0.439453125,-0.283203125
17138,1.318359375,1.15234375,-0.224609375,-0.166015625
17139,1.259765625,1.26953125,-0.224609375,-0.498046875
17140,1.201171875,1.064453125,-0.224609375,-0.361328125
17141,1.3671875,1.171875,-0.205078125,-0.21484375
17142,1.26953125,1.201171875,-0.244140625,-0.224609375
17143,1.2890625,1.25,-0.2734375,-0.283203125
17144,1.142578125,1.142578125,-0.25390625,-0.244140625
17145,1.337890625,1.2890625,-0.33203125,-0.341796875
17146,1.298828125,1.1328125,-0.21484375,-0.33203125
17147,1.298828125,1.19140625,-0.234375,-0.25390625
17148,1.2109375,1.23046875,-0.107421875,-0.302734375
17149,1.2109375,1.220703125,-0.283203125,-0.17578125
17150,1.171875,1.201171875,-0.25390625,-0.322265625
17151,1.171875,1.2890625,-0.29296875,-0.673828125
17152,1.259765625,1.162109375,-0.263671875,-0.2734375
17153,1.30859375,1.240234375,-0.1953125,-0.361328125
17154,1.416015625,1.26953125,-0.15625,-0.146484375
17155,1.357421875,1.279296875,-0.263671875,-0.41015625
17156,1.25,1.25,-0.234375,-0.3125
17157,1.38671875,1.2890625,-0.1953125,-0.234375
17158,1.396484375,1.240234375,-0.21484375,-0.263671875
17159,1.2890625,1.240234375,-0.1953125,-0.3125
17160,1.298828125,1.34765625,-0.341796875,-0.37109375
17161,1.318359375,1.240234375,-0.244140625,-0.234375
17162,1.337890625,1.220703125,-0.439453125,-0.400390625
17163,1.25,1.2109375,-0.29296875,-0.29296875
17164,1.2890625,1.2109375,-0.3125,-0.361328125
17165,1.318359375,1.357421875,-0.234375,-0.419921875
17166,1.1328125,1.162109375,-0.33203125,-0.3515625
17167,1.240234375,1.30859375,-0.234375,-0.341796875
17168,1.337890625,1.337890625,-0.224609375,-0.380859375
17169,1.19140625,1.25,-0.302734375,-0.33203125
17170,1.240234375,1.25,-0.25390625,-0.361328125
17171,1.25,1.26953125,-0.21484375,-0.341796875
17172,1.3671875,1.2890625,-0.224609375,-0.390625
17173,1.34765625,1.181640625,-0.263671875,-0.29296875
17174,1.259765625,1.201171875,-0.2734375,-0.361328125
17175,1.171875,1.26953125,-0.244140625,-0.2734375
17176,1.123046875,1.220703125,-0.1953125,-0.09765625
17177,1.162109375,1.279296875,-0.341796875,-0.283203125
17178,1.19140625,1.23046875,-0.21484375,-0.419921875
17179,1.103515625,1.318359375,-0.234375,-0.3515625
17180,1.123046875,1.25,-0.1953125,-0.361328125
17181,1.181640625,1.201171875,-0.224609375,-0.2734375
17182,1.337890625,1.357421875,-0.263671875,-0.400390625
17183,1.23046875,1.30859375,-0.29296875,-0.361328125
17184,1.376953125,1.259765625,-0.29296875,-0.244140625
17185,1.298828125,1.26953125,-0.1953125,-0.380859375
17186,1.240234375,1.23046875,-0.234375,-0.322265625
17187,1.318359375,1.2109375,-0.263671875,-0.3125
17188,1.11328125,1.19140625,-0.29296875,-0.390625
17189,1.298828125,1.2890625,-0.29296875,-0.2734375
17190,1.337890625,1.2109375,-0.283203125,-0.341796875
17191,1.23046875,1.23046875,-0.205078125,-0.322265625
17192,1.279296875,0.849609375,-0.3125,-0.33203125
17193,1.2109375,1.25,-0.15625,-0.2734375
17194,1.25,1.123046875,-0.283203125,-0.3515625
17195,1.240234375,1.25,-0.244140625,-0.341796875
17196,1.259765625,1.25,-0.234375,-0.37109375
17197,1.19140625,1.259765625,-0.146484375,-0.419921875
17198,1.2890625,1.23046875,-0.244140625,-0.302734375
17199,1.201171875,1.181640625,-0.17578125,-0.322265625
17200,1.171875,1.220703125,-0.3125,-0.400390625
17201,1.240234375,1.171875,-0.224609375,-0.41015625
17202,1.2109375,1.181640625,-0.21484375,-0.29296875
17203,1.259765625,1.19140625,-0.322265625,-0.419921875
17204,1.25,1.2109375,-0.29296875,-0.419921875
17205,1.2890625,1.201171875,-0.244140625,-0.48828125
17206,1.26953125,1.162109375,-0.234375,-0.439453125
17207,1.23046875,1.07421875,-0.3125,-0.33203125
17208,1.201171875,1.220703125,-0.185546875,-0.37109375
17209,1.181640625,1.2109375,-0.29296875,-0.3515625
17210,1.11328125,1.220703125,-0.224609375,-0.5078125
17211,1.11328125,1.201171875,-0.3515625,-0.3515625
17212,1.26953125,1.142578125,-0.1953125,-0.46875
17213,1.083984375,1.171875,-0.29296875,-0.380859375
17214,1.23046875,1.171875,-0.3125,-0.37109375
17215,1.23046875,1.2109375,-0.33203125,-0.46875
17216,1.220703125,1.064453125,-0.2734375,-0.44921875
17217,1.220703125,1.19140625,-0.283203125,-0.341796875
17218,1.11328125,1.142578125,-0.263671875,-0.400390625
17219,1.181640625,1.171875,-0.21484375,-0.33203125
17220,1.162109375,1.25,-0.1953125,-0.25390625
17221,1.11328125,1.201171875,-0.322265625,-0.380859375
17222,1.19140625,1.1328125,-0.263671875,-0.37109375
17223,1.162109375,1.30859375,-0.322265625,-0.33203125
17224,1.142578125,1.2109375,-0.244140625,-0.263671875
17225,1.181640625,1.298828125,-0.2734375,-0.322265625
17226,1.2109375,1.162109375,-0.419921875,-0.234375
17227,1.25,1.30859375,-0.25390625,-0.341796875
17228,1.2109375,1.2109375,-0.224609375,-0.44921875
17229,1.201171875,1.30859375,-0.419921875,-0.33203125
17230,1.30859375,1.171875,-0.25390625,-0.400390625
17231,1.26953125,1.181640625,-0.17578125,-0.419921875
17232,1.30859375,1.171875,-0.283203125,-0.33203125
17233,1.2109375,1.171875,-0.25390625,-0.37109375
17234,1.19140625,1.23046875,-0.2734375,-0.2734375
17235,1.259765625,1.337890625,-0.244140625,-0.341796875
17236,1.19140625,1.2890625,-0.224609375,-0.44921875
17237,1.220703125,1.064453125,-0.2734375,-0.3125
17238,1.181640625,1.171875,-0.29296875,-0.44921875
17239,1.162109375,1.123046875,-0.29296875,-0.439453125
17240,1.2109375,1.123046875,-0.25390625,-0.380859375
17241,1.171875,1.240234375,-0.25390625,-0.2734375
17242,1.201171875,1.11328125,-0.3515625,-0.3515625
17243,1.25,1.025390625,-0.17578125,-0.29296875
17244,1.1328125,1.171875,-0.3125,-0.3515625
17245,1.083984375,1.15234375,-0.087890625,-0.322265625
17246,1.09375,1.15234375,-0.15625,-0.341796875
17247,1.162109375,1.103515625,-0.1953125,-0.4296875
17248,1.171875,1.064453125,-0.302734375,-0.2734375
17249,1.2890625,1.15234375,-0.244140625,-0.439453125
17250,1.1328125,1.220703125,-0.302734375,-0.3515625
17251,1.259765625,1.11328125,-0.185546875,-0.15625
17252,1.171875,1.162109375,-0.2734375,-0.439453125
17253,1.220703125,1.162109375,-0.21484375,-0.37109375
17254,1.259765625,1.171875,-0.234375,-0.361328125
17255,1.09375,1.03515625,-0.380859375,-0.52734375
17256,1.2109375,1.103515625,-0.302734375,-0.283203125
17257,1.11328125,1.044921875,-0.341796875,-0.244140625
17258,1.2109375,1.09375,-0.302734375,-0.4296875
17259,1.25,1.142578125,-0.2734375,-0.390625
17260,1.19140625,1.142578125,-0.302734375,-0.400390625
17261,1.15234375,1.123046875,-0.263671875,-0.33203125
17262,1.259765625,1.083984375,-0.29296875,-0.341796875
17263,1.25,1.025390625,-0.2734375,-0.29296875
17264,1.19140625,1.07421875,-0.224609375,-0.537109375
17265,1.171875,1.083984375,-0.17578125,-0.419921875
17266,1.26953125,1.09375,-0.146484375,-0.498046875
17267,1.142578125,1.0546875,-0.244140625,-0.46875
17268,1.2109375,1.25,-0.234375,-0.322265625
17269,1.298828125,0.908203125,-0.126953125,-0.302734375
17270,1.259765625,1.09375,-0.166015625,-0.263671875
17271,1.162109375,1.11328125,-0.166015625,-0.400390625
17272,1.15234375,1.064453125,-0.185546875,-0.3125
17273,1.19140625,1.142578125,-0.263671875,-0.322265625
17274,1.298828125,1.25,-0.146484375,-0.33203125
17275,1.259765625,0.9765625,-0.048828125,-0.302734375
17276,1.19140625,0.99609375,-0.146484375,-0.3125
17277,1.15234375,0.966796875,-0.234375,-0.283203125
17278,1.30859375,1.09375,-0.205078125,-0.390625
17279,1.162109375,1.0546875,-0.107421875,-0.33203125
17280,1.240234375,0.947265625,-0.17578125,-0.33203125
17281,1.2109375,1.005859375,-0.1953125,-0.341796875
17282,1.11328125,1.005859375,-0.1953125,-0.37109375
17283,1.25,0.908203125,-0.166015625,-0.3125
17284,1.2109375,0.986328125,-0.283203125,-0.361328125
17285,1.26953125,1.025390625,-0.244140625,-0.283203125
17286,1.201171875,0.9765625,-0.2734375,-0.380859375
17287,1.23046875,1.1328125,-0.25390625,-0.33203125
17288,1.34765625,1.103515625,-0.205078125,-0.25390625
17289,1.142578125,1.025390625,-0.25390625,-0.244140625
17290,1.103515625,1.103515625,-0.126953125,-0.41015625
17291,1.171875,1.0546875,-0.2734375,-0.3125
17292,1.181640625,1.162109375,-0.302734375,-0.3515625
17293,1.171875,0.95703125,-0.2734375,-0.263671875
17294,1.26953125,1.11328125,-0.166015625,-0.33203125
17295,1.2109375,1.09375,-0.244140625,-0.302734375
17296,1.259765625,1.083984375,-0.3125,-0.302734375
17297,1.23046875,1.07421875,-0.3125,-0.234375
17298,1.220703125,0.9765625,-0.205078125,-0.576171875
17299,1.220703125,1.064453125,-0.33203125,-0.302734375
17300,1.07421875,1.09375,-0.25390625,-0.4296875
17301,1.1328125,0.95703125,-0.1953125,-0.29296875
17302,1.181640625,1.0546875,-0.17578125,-0.263671875
17303,1.11328125,1.025390625,-0.185546875,-0.2734375
17304,1.279296875,1.0546875,-0.283203125,-0.3515625
17305,1.259765625,1.03515625,-0.2734375,-0.302734375
17306,1.25,0.99609375,-0.21484375,-0.37109375
17307,1.259765625,1.03515625,-0.224609375,-0.322265625
17308,1.220703125,0.99609375,-0.234375,-0.41015625
17309,1.376953125,0.966796875,-0.224609375,-0.3515625
17310,1.2109375,0.986328125,-0.2734375,-0.1953125
17311,1.298828125,1.083984375,-0.17578125,-0.25390625
17312,1.318359375,1.044921875,-0.224609375,-0.25390625
17313,1.23046875,0.986328125,-0.234375,-0.380859375
17314,1.201171875,1.09375,-0.21484375,-0.224609375
17315,1.240234375,0.888671875,-0.341796875,-0.41015625
17316,1.25,1.03515625,-0.234375,-0.44921875
17317,1.25,0.986328125,-0.33203125,-0.33203125
17318,1.220703125,0.947265625,-0.29296875,-0.37109375
17319,1.220703125,1.005859375,-0.361328125,-0.3125
17320,1.083984375,1.23046875,-0.224609375,-0.3515625
17321,1.1328125,1.005859375,-0.1171875,-0.341796875
17322,1.220703125,0.9765625,-0.244140625,-0.283203125
17323,1.19140625,1.005859375,-0.185546875,-0.234375
17324,1.220703125,1.142578125,-0.419921875,-0.302734375
17325,1.11328125,1.025390625,-0.17578125,-0.439453125
17326,1.15234375,1.03515625,-0.224609375,-0.2734375
17327,1.09375,1.044921875,-0.107421875,-0.33203125
17328,1.142578125,0.9765625,-0.17578125,-0.361328125
17329,1.201171875,1.083984375,-0.1953125,-0.380859375
17330,1.23046875,0.99609375,-0.244140625,-0.361328125
17331,1.181640625,0.986328125,-0.3125,-0.078125
17332,1.171875,1.005859375,-0.283203125,-0.361328125
17333,1.11328125,1.064453125,-0.234375,-0.33203125
17334,1.298828125,1.044921875,-0.244140625,-0.341796875
17335,1.171875,1.07421875,-0.263671875,-0.322265625
17336,1.30859375,1.044921875,-0.263671875,-0.400390625
17337,1.142578125,1.083984375,-0.21484375,-0.546875
17338,1.26953125,1.044921875,-0.244140625,-0.2734375
17339,1.259765625,1.03515625,-0.205078125,-0.33203125
17340,1.2109375,1.044921875,-0.25390625,-0.341796875
17341,1.201171875,1.07421875,-0.21484375,-0.302734375
17342,1.09375,1.03515625,-0.29296875,-0.283203125
17343,1.162109375,0.95703125,-0.224609375,-0.234375
17344,1.123046875,1.0546875,-0.3125,-0.234375
17345,1.142578125,1.03515625,-0.322265625,-0.25390625
17346,1.162109375,1.1328125,-0.244140625,-0.1953125
17347,1.318359375,1.044921875,-0.234375,-0.3125
17348,1.240234375,1.044921875,-0.25390625,-0.283203125
17349,1.142578125,1.083984375,-0.21484375,-0.25390625
17350,1.123046875,0.986328125,-0.322265625,-0.29296875
17351,1.201171875,1.171875,-0.205078125,-0.29296875
17352,1.25,1.123046875,-0.1953125,-0.37109375
17353,1.09375,0.947265625,-0.185546875,-0.234375
17354,1.15234375,1.03515625,-0.21484375,-0.3125
17355,1.123046875,1.025390625,-0.13671875,-0.517578125
17356,1.11328125,1.11328125,-0.185546875,-0.283203125
17357,1.19140625,0.99609375,-0.126953125,-0.29296875
17358,1.142578125,0.986328125,-0.166015625,-0.361328125
17359,1.181640625,0.9375,-0.1953125,-0.341796875
17360,1.171875,0.99609375,-0.205078125,-0.3515625
17361,1.07421875,0.986328125,-0.244140625,-0.322265625
17362,1.201171875,1.0546875,-0.185546875,-0.263671875
17363,1.11328125,1.2109375,-0.146484375,-0.322265625
17364,1.220703125,1.103515625,-0.244140625,-0.126953125
17365,1.171875,1.142578125,-0.1953125,-0.3515625
17366,1.220703125,1.11328125,-0.126953125,-0.3515625
17367,1.1328125,1.123046875,-0.234375,-0.341796875
17368,1.044921875,1.07421875,-0.224609375,-0.17578125
17369,1.15234375,1.083984375,-0.068359375,-0.3125
17370,1.328125,1.11328125,-0.234375,-0.4296875
17371,1.162109375,1.103515625,-0.224609375,-0.29296875
17372,1.2109375,1.044921875,-0.1953125,-0.3125
17373,1.181640625,1.083984375,-0.09765625,-0.37109375
17374,1.2109375,1.103515625,-0.21484375,-0.341796875
17375,1.1328125,1.083984375,-0.13671875,-0.234375
17376,1.240234375,1.064453125,-0.263671875,-0.341796875
17377,1.123046875,1.11328125,-0.15625,-0.068359375
17378,1.220703125,0.908203125,-0.1171875,-0.25390625
17379,1.26953125,1.07421875,-0.09765625,-0.41015625
17380,1.1328125,1.09375,-0.25390625,-0.244140625
17381,1.19140625,1.0546875,-0.13671875,-0.244140625
17382,1.220703125,0.966796875,-0.283203125,-0.25390625
17383,1.171875,1.09375,-0.244140625,-0.37109375
17384,1.181640625,0.99609375,-0.205078125,-0.283203125
17385,1.23046875,1.15234375,-0.361328125,-0.2734375
17386,1.162109375,1.103515625,-0.15625,-0.15625
17387,1.240234375,1.103515625,-0.21484375,-0.263671875
17388,1.142578125,1.103515625,-0.37109375,-0.1953125
17389,1.103515625,1.044921875,-0.166015625,-0.302734375
17390,1.201171875,1.044921875,-0.224609375,-0.126953125
17391,1.142578125,1.083984375,-0.25390625,-0.3125
17392,1.19140625,1.044921875,-0.21484375,-0.21484375
17393,1.171875,1.07421875,-0.283203125,-0.234375
17394,1.220703125,1.142578125,-0.1953125,-0.185546875
17395,1.2109375,1.044921875,-0.17578125,-0.33203125
17396,1.181640625,0.91796875,-0.234375,-0.3125
17397,1.19140625,1.240234375,-0.205078125,-0.2734375
17398,1.171875,1.103515625,-0.21484375,-0.322265625
17399,1.181640625,1.1328125,-0.234375,-0.244140625
17400,1.19140625,1.07421875,-0.17578125,-0.3125
17401,1.220703125,1.103515625,-0.146484375,-0.1953125
17402,1.220703125,1.064453125,-0.224609375,-0.3515625
17403,1.1328125,1.07421875,-0.224609375,-0.2734375
17404,0.9765625,1.025390625,-0.13671875,-0.2734375
17405,1.25,1.07421875,-0.224609375,-0.341796875
17406,1.19140625,1.015625,-0.17578125,-0.244140625
17407,1.25,1.1328125,-0.361328125,-0.380859375
17408,1.26953125,1.07421875,-0.205078125,-0.25390625
17409,1.25,1.103515625,-0.322265625,-0.29296875
17410,1.181640625,1.103515625,-0.107421875,-0.1953125
17411,1.220703125,1.044921875,-0.341796875,-0.283203125
17412,1.23046875,1.0546875,-0.380859375,-0.21484375
17413,1.044921875,1.083984375,-0.283203125,-0.29296875
17414,1.220703125,0.99609375,-0.33203125,-0.224609375
17415,1.240234375,1.083984375,-0.25390625,-0.29296875
17416,1.19140625,1.07421875,-0.341796875,-0.146484375
17417,1.201171875,1.083984375,-0.3515625,-0.224609375
17418,1.181640625,1.064453125,-0.283203125,-0.244140625
17419,1.23046875,1.142578125,-0.21484375,-0.302734375
17420,1.279296875,1.1328125,-0.29296875,-0.13671875
17421,1.19140625,1.181640625,-0.37109375,-0.2734375
17422,1.259765625,1.1328125,-0.341796875,-0.15625
17423,1.11328125,1.07421875,-0.25390625,-0.224609375
17424,1.298828125,1.07421875,-0.29296875,-0.166015625
17425,1.201171875,1.15234375,-0.33203125,-0.25390625
17426,1.201171875,1.07421875,-0.244140625,-0.263671875
17427,1.1328125,0.99609375,-0.283203125,-0.13671875
17428,1.2109375,1.1328125,-0.205078125,-0.21484375
17429,1.240234375,1.044921875,-0.302734375,-0.302734375
17430,1.162109375,1.0546875,-0.322265625,-0.224609375
17431,1.259765625,1.09375,-0.21484375,-0.33203125
17432,1.064453125,1.025390625,-0.224609375,-0.2734375
17433,1.201171875,1.11328125,-0.283203125,-0.21484375
17434,1.181640625,1.07421875,-0.21484375,-0.234375
17435,1.15234375,1.083984375,-0.15625,-0.078125
17436,1.2890625,1.11328125,-0.17578125,-0.244140625
17437,1.220703125,1.064453125,-0.361328125,-0.224609375
17438,1.259765625,1.025390625,-0.283203125,-0.09765625
17439,1.25,1.0546875,-0.224609375,-0.283203125
17440,1.181640625,1.0546875,-0.205078125,-0.185546875
17441,1.162109375,0.9765625,-0.126953125,-0.2734375
17442,1.201171875,0.9765625,-0.25390625,-0.283203125
17443,1.11328125,1.103515625,-0.25390625,-0.224609375
17444,1.19140625,1.103515625,-0.322265625,-0.205078125
17445,1.142578125,1.142578125,-0.17578125,-0.244140625
17446,1.1328125,1.0546875,-0.21484375,-0.21484375
17447,1.171875,1.09375,-0.17578125,-0.263671875
17448,1.19140625,1.044921875,-0.224609375,-0.21484375
17449,1.11328125,0.9765625,-0.263671875,-0.166015625
17450,1.171875,1.09375,-0.15625,-0.224609375
17451,1.201171875,1.123046875,-0.234375,-0.234375
17452,1.1328125,1.11328125,-0.322265625,-0.322265625
17453,1.064453125,1.201171875,-0.21484375,-0.1953125
17454,1.181640625,0.947265625,-0.283203125,-0.29296875
17455,1.123046875,1.171875,-0.283203125,-0.205078125
17456,1.171875,1.123046875,-0.13671875,-0.205078125
17457,1.123046875,1.09375,-0.25390625,-0.29296875
17458,1.279296875,1.240234375,-0.166015625,-0.205078125
17459,1.0546875,1.11328125,-0.205078125,-0.01953125
17460,1.1328125,1.123046875,-0.205078125,-0.205078125
17461,1.240234375,1.181640625,-0.21484375,-0.263671875
17462,1.25,1.162109375,-0.1953125,-0.1953125
17463,1.123046875,1.19140625,-0.205078125,-0.44921875
17464,1.171875,1.0546875,-0.458984375,-0.263671875
17465,0.986328125,1.064453125,-0.3125,-0.322265625
17466,1.201171875,1.0546875,-0.244140625,-0.263671875
17467,1.15234375,1.171875,-0.3125,-0.29296875
17468,1.09375,1.1328125,-0.185546875,-0.3515625
17469,1.123046875,1.015625,-0.224609375,-0.3125
17470,1.142578125,1.25,-0.205078125,-0.234375
17471,1.083984375,1.142578125,-0.25390625,-0.302734375
17472,1.123046875,1.279296875,-0.234375,-0.146484375
17473,1.23046875,1.220703125,-0.3515625,-0.25390625
17474,1.15234375,1.123046875,-0.25390625,-0.33203125
17475,1.162109375,1.171875,-0.2734375,-0.2734375
17476,1.259765625,1.11328125,-0.17578125,-0.283203125
17477,1.19140625,1.162109375,-0.263671875,-0.205078125
17478,1.240234375,1.181640625,-0.205078125,-0.3125
17479,1.162109375,0.95703125,-0.263671875,-0.21484375
17480,1.142578125,1.142578125,-0.126953125,-0.29296875
17481,1.162109375,1.201171875,-0.244140625,-0.419921875
17482,1.220703125,1.005859375,-0.185546875,-0.33203125
17483,1.19140625,1.162109375,-0.146484375,-0.29296875
17484,1.19140625,1.064453125,-0.25390625,-0.185546875
17485,1.064453125,1.259765625,-0.263671875,-0.3125
17486,1.240234375,1.142578125,-0.146484375,-0.341796875
17487,1.25,1.30859375,-0.244140625,-0.224609375
17488,1.09375,1.142578125,-0.3515625,-0.25390625
17489,1.15234375,1.1328125,-0.205078125,-0.283203125
17490,1.19140625,1.162109375,-0.263671875,-0.107421875
17491,1.23046875,1.142578125,-0.185546875,-0.263671875
17492,1.15234375,1.181640625,-0.224609375,-0.1953125
17493,1.171875,1.103515625,-0.25390625,-0.322265625
17494,1.11328125,1.19140625,-0.205078125,-0.302734375
17495,1.123046875,1.162109375,-0.17578125,-0.380859375
17496,1.25,1.259765625,-0.1171875,-0.283203125
17497,1.25,1.220703125,-0.322265625,-0.29296875
17498,1.123046875,1.15234375,-0.17578125,-0.283203125
17499,1.171875,1.11328125,-0.244140625,-0.322265625
17500,1.19140625,1.171875,-0.1953125,-0.3125
17501,1.181640625,1.162109375,-0.33203125,-0.361328125
17502,1.171875,1.23046875,-0.380859375,-0.400390625
17503,1.2109375,1.201171875,-0.1171875,-0.205078125
17504,1.2109375,1.19140625,-0.322265625,-0.380859375
17505,1.181640625,1.142578125,-0.29296875,-0.166015625
17506,1.19140625,1.181640625,-0.2734375,-0.25390625
17507,1.259765625,1.220703125,-0.17578125,-0.3515625
17508,1.19140625,1.26953125,-0.1953125,-0.380859375
17509,1.318359375,1.103515625,-0.3125,-0.185546875
17510,1.23046875,1.23046875,-0.302734375,-0.3125
17511,1.11328125,1.19140625,-0.283203125,-0.244140625
17512,1.162109375,1.1328125,-0.244140625,-0.2734375
17513,1.2109375,1.201171875,-0.234375,-0.283203125
17514,1.201171875,1.2109375,-0.1953125,-0.322265625
17515,1.162109375,1.162109375,-0.234375,-0.263671875
17516,1.298828125,1.240234375,-0.244140625,-0.263671875
17517,1.201171875,1.259765625,-0.2734375,-0.185546875
17518,1.181640625,1.03515625,-0.224609375,-0.166015625
17519,1.23046875,1.15234375,-0.29296875,-0.302734375
17520,1.103515625,1.201171875,-0.234375,-0.234375
17521,1.201171875,1.220703125,-0.283203125,-0.283203125
17522,1.15234375,1.171875,-0.185546875,-0.322265625
17523,1.259765625,1.11328125,-0.361328125,-0.224609375
17524,1.2109375,1.40625,-0.302734375,-0.283203125
17525,1.162109375,1.044921875,-0.361328125,-0.380859375
17526,1.318359375,1.2109375,-0.205078125,-0.29296875
17527,1.09375,1.2109375,-0.33203125,-0.3515625
17528,1.240234375,1.19140625,-0.25390625,-0.380859375
17529,1.19140625,1.171875,-0.322265625,-0.41015625
17530,1.240234375,1.2109375,-0.21484375,-0.361328125
17531,1.171875,1.123046875,-0.2734375,-0.3125
17532,1.259765625,1.162109375,-0.2734375,-0.33203125
17533,1.279296875,1.171875,-0.302734375,-0.29296875
17534,1.201171875,1.171875,-0.263671875,-0.322265625
17535,1.220703125,1.240234375,-0.2734375,-0.2734375
17536,1.15234375,1.0546875,-0.400390625,-0.302734375
17537,1.2109375,1.23046875,-0.322265625,-0.263671875
17538,1.279296875,1.240234375,-0.3515625,-0.205078125
17539,1.19140625,1.19140625,-0.3125,-0.419921875
17540,1.220703125,1.11328125,-0.1953125,-0.234375
17541,1.201171875,1.123046875,-0.234375,-0.29296875
17542,1.2109375,1.064453125,-0.2734375,-0.419921875
17543,1.201171875,1.09375,-0.1953125,-0.263671875
17544,1.15234375,1.259765625,-0.3515625,-0.33203125
17545,1.2109375,1.171875,-0.234375,-0.302734375
17546,1.2890625,1.171875,-0.322265625,-0.302734375
17547,1.23046875,1.162109375,-0.41015625,-0.4296875
17548,1.240234375,1.19140625,-0.205078125,-0.361328125
17549,1.181640625,1.19140625,-0.29296875,-0.283203125
17550,1.09375,1.220703125,-0.244140625,-0.2734375
17551,1.201171875,1.19140625,-0.1171875,-0.302734375
17552,1.1328125,1.044921875,-0.263671875,-0.302734375
17553,1.2109375,1.142578125,-0.224609375,-0.390625
17554,1.23046875,1.142578125,-0.3125,-0.33203125
17555,1.220703125,1.2109375,-0.17578125,-0.29296875
17556,1.181640625,1.1328125,-0.224609375,-0.341796875
17557,1.23046875,1.15234375,-0.263671875,-0.419921875
17558,1.23046875,1.220703125,-0.2734375,-0.380859375
17559,1.318359375,1.1328125,-0.078125,-0.3125
17560,1.2109375,1.064453125,-0.185546875,-0.478515625
17561,1.201171875,1.103515625,-0.37109375,-0.29296875
17562,1.181640625,1.162109375,-0.263671875,-0.283203125
17563,1.220703125,1.162109375,-0.17578125,-0.361328125
17564,1.26953125,1.2109375,-0.2734375,-0.380859375
17565,1.240234375,1.1328125,-0.283203125,-0.224609375
17566,1.259765625,1.064453125,-0.283203125,-0.390625
17567,1.201171875,1.240234375,-0.25390625,-0.2734375
17568,1.26953125,1.376953125,-0.29296875,-0.185546875
17569,1.26953125,1.298828125,-0.263671875,-0.2734375
17570,1.25,1.171875,-0.3125,-0.322265625
17571,1.201171875,1.044921875,-0.1171875,-0.224609375
17572,1.240234375,1.181640625,-0.37109375,-0.302734375
17573,1.259765625,1.2890625,-0.263671875,-0.322265625
17574,1.23046875,1.240234375,-0.234375,-0.224609375
17575,1.2109375,1.279296875,-0.322265625,-0.283203125
17576,1.298828125,1.494140625,-0.166015625,-0.15625
17577,1.240234375,1.298828125,-0.25390625,-0.322265625
17578,1.162109375,1.318359375,-0.1953125,-0.21484375
17579,1.2109375,1.259765625,-0.1953125,-0.33203125
17580,1.240234375,1.318359375,-0.283203125,-0.361328125
17581,1.2890625,1.298828125,-0.2734375,-0.302734375
17582,1.2109375,1.298828125,-0.21484375,-0.322265625
17583,1.4453125,1.2890625,-0.21484375,-0.234375
17584,1.337890625,1.23046875,-0.185546875,-0.361328125
17585,1.328125,1.298828125,-0.1953125,-0.29296875
17586,1.396484375,1.376953125,-0.21484375,-0.283203125
17587,1.38671875,1.259765625,-0.244140625,-0.25390625
17588,1.34765625,1.240234375,-0.234375,-0.400390625
17589,1.30859375,1.181640625,-0.361328125,-0.302734375
17590,1.38671875,1.2890625,-0.25390625,-0.21484375
17591,1.337890625,1.259765625,-0.322265625,-0.3515625
17592,1.337890625,1.337890625,-0.244140625,-0.3125
17593,1.328125,1.2109375,-0.2734375,-0.48828125
17594,1.2890625,1.26953125,-0.283203125,-0.390625
17595,1.279296875,1.2109375,-0.302734375,-0.37109375
17596,1.279296875,1.30859375,-0.419921875,-0.1953125
17597,1.396484375,1.15234375,-0.2734375,-0.361328125
17598,1.328125,1.19140625,-0.2734375,-0.37109375
17599,1.25,1.26953125,-0.263671875,-0.44921875
17600,1.318359375,1.240234375,-0.322265625,-0.068359375
17601,1.23046875,1.328125,-0.29296875,-0.322265625
17602,1.25,1.26953125,-0.29296875,-0.37109375
17603,1.30859375,1.23046875,-0.244140625,-0.3515625
17604,1.220703125,1.279296875,-0.283203125,-0.439453125
17605,1.279296875,1.23046875,-0.25390625,-0.41015625
17606,1.15234375,1.23046875,-0.224609375,-0.48828125
17607,1.34765625,1.279296875,-0.21484375,-0.380859375
17608,1.11328125,1.19140625,-0.25390625,-0.3125
17609,1.455078125,1.162109375,-0.17578125,-0.224609375
17610,1.23046875,1.2890625,-0.107421875,-0.341796875
17611,1.23046875,1.318359375,-0.1953125,-0.2734375
17612,1.259765625,1.25,-0.29296875,-0.634765625
17613,1.328125,1.396484375,-0.224609375,-0.283203125
17614,1.26953125,1.25,-0.2734375,-0.517578125
17615,1.279296875,1.19140625,-0.205078125,-0.380859375
17616,1.240234375,1.30859375,-0.21484375,-0.400390625
17617,1.19140625,1.26953125,-0.302734375,-0.341796875
17618,1.240234375,1.201171875,-0.21484375,-0.3515625
17619,1.279296875,1.259765625,-0.283203125,-0.400390625
17620,1.2109375,1.279296875,-0.234375,-0.2734375
17621,1.19140625,1.337890625,-0.361328125,-0.46875
17622,1.19140625,1.23046875,-0.29296875,-0.322265625
17623,1.2890625,1.259765625,-0.224609375,-0.5078125
17624,1.1328125,1.220703125,-0.1953125,-0.400390625
17625,1.171875,1.240234375,-0.1953125,-0.2734375
17626,1.23046875,1.181640625,-0.205078125,-0.263671875
17627,1.162109375,1.3671875,-0.390625,-0.283203125
17628,1.318359375,1.15234375,-0.2734375,-0.263671875
17629,1.201171875,1.259765625,-0.107421875,-0.263671875
17630,1.259765625,1.19140625,-0.263671875,-0.3515625
17631,1.25,1.19140625,-0.25390625,-0.2734375
17632,1.162109375,1.220703125,-0.224609375,-0.400390625
17633,1.2890625,1.220703125,-0.234375,-0.3515625
17634,1.25,1.25,-0.234375,-0.283203125
17635,1.15234375,1.23046875,-0.244140625,-0.2734375
17636,1.181640625,1.19140625,-0.3125,-0.400390625
17637,1.11328125,1.201171875,-0.234375,-0.283203125
17638,1.220703125,1.181640625,-0.37109375,-0.380859375
17639,1.083984375,1.259765625,-0.302734375,-0.37109375
17640,1.181640625,1.240234375,-0.2734375,-0.439453125
17641,1.171875,1.2109375,-0.205078125,-0.33203125
17642,1.220703125,1.181640625,-0.390625,-0.400390625
17643,1.064453125,1.171875,-0.17578125,-0.37109375
17644,1.1328125,1.181640625,-0.322265625,-0.400390625
17645,1.09375,1.181640625,-0.1953125,-0.205078125
17646,1.181640625,1.357421875,-0.21484375,-0.3125
17647,1.083984375,1.2109375,-0.087890625,-0.390625
17648,1.220703125,1.171875,-0.302734375,-0.341796875
17649,1.19140625,1.2890625,-0.244140625,-0.33203125
17650,1.162109375,1.07421875,-0.25390625,-0.400390625
17651,1.337890625,1.2890625,-0.244140625,-0.3125
17652,1.201171875,1.259765625,-0.263671875,-0.33203125
17653,1.2109375,1.494140625,-0.234375,-0.390625
17654,1.181640625,1.2890625,-0.244140625,-0.44921875
17655,1.23046875,1.23046875,-0.21484375,-0.37109375
17656,1.1328125,1.279296875,-0.107421875,-0.41015625
17657,1.30859375,1.2890625,-0.322265625,-0.439453125
17658,1.2109375,1.259765625,-0.224609375,-0.458984375
17659,1.26953125,1.162109375,-0.263671875,-0.400390625
17660,1.103515625,1.259765625,-0.185546875,-0.390625
17661,1.171875,1.318359375,-0.1953125,-0.263671875
17662,1.2109375,1.2890625,-0.33203125,-0.380859375
17663,1.220703125,1.298828125,-0.1171875,-0.2734375
17664,1.2109375,1.201171875,-0.3125,-0.419921875
17665,1.15234375,1.181640625,-0.25390625,-0.380859375
17666,1.279296875,1.201171875,-0.263671875,-0.419921875
17667,1.2109375,1.2109375,-0.126953125,-0.44921875
17668,1.2109375,1.19140625,-0.3125,-0.3125
17669,1.09375,1.171875,-0.341796875,-0.341796875
17670,1.15234375,1.103515625,-0.2734375,-0.361328125
17671,1.23046875,1.083984375,-0.2734375,-0.439453125
17672,1.30859375,1.103515625,-0.25390625,-0.400390625
17673,1.201171875,1.07421875,-0.234375,-0.48828125
17674,1.142578125,1.201171875,-0.1953125,-0.4296875
17675,1.181640625,1.181640625,-0.244140625,-0.263671875
17676,1.1328125,1.181640625,-0.21484375,-0.400390625
17677,1.19140625,1.15234375,-0.244140625,-0.3515625
17678,1.142578125,1.123046875,-0.322265625,-0.41015625
17679,1.240234375,1.142578125,-0.1953125,-0.341796875
17680,1.279296875,1.07421875,-0.234375,-0.439453125
17681,1.220703125,1.1328125,-0.2734375,-0.44921875
17682,1.25,1.03515625,-0.205078125,-0.302734375
17683,1.181640625,1.07421875,-0.234375,-0.46875
17684,1.25,1.083984375,-0.33203125,-0.33203125
17685,1.318359375,1.123046875,-0.263671875,-0.4296875
17686,1.2109375,0.908203125,-0.380859375,-0.400390625
17687,1.15234375,1.15234375,-0.29296875,-0.4296875
17688,1.279296875,1.005859375,-0.234375,-0.283203125
17689,1.19140625,1.083984375,-0.263671875,-0.4296875
17690,1.298828125,1.171875,-0.244140625,-0.361328125
17691,1.26953125,1.03515625,-0.263671875,-0.361328125
17692,1.26953125,1.11328125,-0.21484375,-0.400390625
17693,1.15234375,1.07421875,-0.1171875,-0.380859375
17694,1.2109375,0.99609375,-0.17578125,-0.25390625
17695,1.2109375,1.044921875,-0.1953125,-0.390625
17696,1.2890625,1.064453125,-0.185546875,-0.33203125
17697,1.2109375,1.07421875,-0.1953125,-0.3125
17698,1.15234375,1.03515625,-0.29296875,-0.322265625
17699,1.318359375,1.15234375,-0.41015625,-0.322265625
17700,1.142578125,1.025390625,-0.205078125,-0.3515625
17701,1.19140625,1.015625,-0.263671875,-0.41015625
17702,1.162109375,1.0546875,-0.244140625,-0.390625
17703,1.23046875,0.9765625,-0.15625,-0.322265625
17704,1.1328125,1.07421875,-0.263671875,-0.29296875
17705,1.26953125,1.201171875,-0.302734375,-0.400390625
17706,1.201171875,0.9765625,-0.2734375,-0.341796875
17707,1.171875,1.083984375,-0.234375,-0.37109375
17708,1.201171875,1.201171875,-0.25390625,-0.302734375
17709,1.25,1.005859375,-0.322265625,-0.37109375
17710,1.259765625,0.810546875,-0.302734375,-0.41015625
17711,1.25,0.908203125,-0.1953125,-0.361328125
17712,1.38671875,0.9375,-0.439453125,-0.234375
17713,1.201171875,1.201171875,-0.21484375,-0.3125
17714,1.318359375,0.947265625,-0.25390625,-0.3125
17715,1.240234375,1.025390625,-0.087890625,-0.361328125
17716,1.259765625,1.015625,-0.17578125,-0.25390625
17717,1.0546875,1.015625,-0.185546875,-0.25390625
17718,1.25,1.03515625,-0.126953125,-0.52734375
17719,1.25,0.947265625,-0.244140625,-0.17578125
17720,1.328125,0.95703125,-0.1171875,-0.3125
17721,1.298828125,0.9765625,-0.0390625,-0.341796875
17722,1.201171875,1.044921875,-0.1953125,-0.283203125
17723,1.259765625,1.07421875,-0.17578125,-0.3125
17724,0.966796875,1.044921875,-0.15625,-0.400390625
17725,1.142578125,1.083984375,-0.126953125,-0.302734375
17726,1.220703125,1.083984375,-0.283203125,-0.283203125
17727,1.220703125,1.103515625,-0.146484375,-0.478515625
17728,1.25,1.162109375,-0.283203125,-0.439453125
17729,1.103515625,1.07421875,-0.15625,-0.2734375
17730,1.220703125,1.07421875,-0.41015625,-0.302734375
17731,1.23046875,1.162109375,-0.244140625,-0.322265625
17732,1.1328125,1.03515625,-0.3515625,-0.3125
17733,1.26953125,1.083984375,-0.15625,-0.21484375
17734,1.240234375,1.09375,-0.29296875,-0.48828125
17735,1.220703125,1.103515625,-0.29296875,-0.37109375
17736,1.0546875,0.95703125,-0.361328125,-0.419921875
17737,1.2109375,1.005859375,-0.21484375,-0.4296875
17738,1.201171875,1.044921875,-0.283203125,-0.3125
17739,1.15234375,1.015625,-0.2734375,-0.44921875
17740,1.220703125,0.9765625,-0.263671875,-0.458984375
17741,1.171875,0.91796875,-0.322265625,-0.419921875
17742,1.19140625,0.986328125,-0.166015625,-0.341796875
17743,1.162109375,1.142578125,-0.17578125,-0.390625
17744,1.2109375,1.064453125,-0.13671875,-0.390625
17745,1.298828125,0.986328125,-0.390625,-0.341796875
17746,1.26953125,0.9375,-0.3125,-0.302734375
17747,1.23046875,0.87890625,-0.15625,-0.29296875
17748,1.15234375,0.99609375,-0.146484375,-0.263671875
17749,1.162109375,1.025390625,-0.087890625,-0.3125
17750,1.15234375,0.95703125,-0.2734375,-0.29296875
17751,1.11328125,1.0546875,-0.21484375,-0.3125
17752,1.162109375,1.064453125,-0.185546875,-0.3125
17753,1.142578125,0.986328125,-0.21484375,-0.322265625
17754,1.142578125,1.015625,-0.17578125,-0.419921875
17755,1.240234375,0.947265625,-0.185546875,-0.29296875
17756,1.162109375,1.03515625,-0.263671875,-0.302734375
17757,1.142578125,1.044921875,-0.205078125,-0.302734375
17758,1.0546875,1.044921875,-0.17578125,-0.263671875
17759,1.2109375,0.869140625,-0.21484375,-0.29296875
17760,1.2109375,0.947265625,-0.244140625,-0.302734375
17761,1.19140625,0.91796875,-0.263671875,-0.341796875
17762,1.11328125,1.103515625,-0.234375,-0.361328125
17763,1.201171875,0.95703125,-0.439453125,-0.458984375
17764,1.142578125,1.11328125,-0.25390625,-0.283203125
17765,1.181640625,1.30859375,-0.224609375,-0.361328125
17766,1.181640625,1.0546875,-0.25390625,-0.361328125
17767,1.337890625,1.025390625,-0.244140625,-0.41015625
17768,1.171875,0.947265625,-0.21484375,-0.4296875
17769,1.2109375,0.9375,-0.37109375,-0.458984375
17770,1.142578125,1.0546875,-0.17578125,-0.37109375
17771,1.103515625,1.005859375,-0.2734375,-0.419921875
17772,1.15234375,1.005859375,-0.234375,-0.390625
17773,1.26953125,1.005859375,-0.29296875,-0.29296875
17774,1.19140625,0.9765625,-0.21484375,-0.341796875
17775,1.11328125,0.87890625,-0.21484375,-0.263671875
17776,1.07421875,1.015625,-0.234375,-0.146484375
17777,1.15234375,1.11328125,-0.21484375,-0.283203125
17778,1.15234375,1.025390625,-0.224609375,-0.29296875
17779,1.181640625,1.015625,-0.302734375,-0.25390625
17780,1.11328125,1.015625,-0.3125,-0.29296875
17781,1.15234375,1.07421875,-0.224609375,-0.322265625
17782,1.09375,1.064453125,-0.341796875,-0.37109375
17783,1.162109375,1.064453125,-0.244140625,-0.283203125
17784,1.123046875,1.15234375,-0.390625,-0.283203125
17785,1.103515625,1.103515625,-0.17578125,-0.33203125
17786,1.23046875,1.171875,-0.3125,-0.439453125
17787,1.181640625,0.947265625,-0.185546875,-0.361328125
17788,1.064453125,1.015625,-0.185546875,-0.205078125
17789,1.220703125,0.99609375,-0.21484375,-0.29296875
17790,1.2109375,1.025390625,-0.13671875,-0.263671875
17791,1.09375,1.15234375,-0.302734375,-0.17578125
17792,1.1328125,1.0546875,-0.224609375,-0.263671875
17793,1.162109375,1.025390625,-0.166015625,-0.25390625
17794,1.23046875,1.083984375,-0.146484375,-0.33203125
17795,1.123046875,0.99609375,-0.185546875,-0.458984375
17796,1.1328125,0.95703125,-0.234375,-0.29296875
17797,1.123046875,1.103515625,-0.263671875,-0.29296875
17798,1.15234375,1.005859375,-0.3125,-0.3125
17799,1.171875,1.083984375,-0.13671875,-0.234375
17800,1.15234375,1.083984375,-0.25390625,-0.244140625
17801,1.162109375,1.015625,-0.1953125,-0.25390625
17802,1.103515625,0.947265625,-0.1953125,-0.25390625
17803,1.07421875,1.03515625,-0.322265625,-0.263671875
17804,1.19140625,1.03515625,-0.15625,-0.322265625
17805,1.142578125,1.083984375,-0.224609375,-0.3125
17806,1.201171875,1.09375,-0.322265625,-0.322265625
17807,1.142578125,1.07421875,-0.09765625,-0.390625
17808,1.220703125,1.044921875,-0.087890625,-0.3515625
17809,1.181640625,1.03515625,-0.01953125,-0.29296875
17810,1.15234375,1.064453125,-0.21484375,-0.400390625
17811,1.142578125,1.123046875,-0.17578125,-0.234375
17812,1.171875,1.171875,-0.21484375,-0.341796875
17813,1.171875,1.162109375,-0.224609375,-0.234375
17814,1.064453125,1.1328125,-0.234375,-0.25390625
17815,1.11328125,1.03515625,-0.146484375,-0.283203125
17816,1.025390625,1.1328125,-0.17578125,-0.498046875
17817,1.123046875,1.064453125,-0.1171875,-0.3125
17818,1.26953125,1.162109375,-0.1171875,-0.205078125
17819,1.220703125,1.103515625,-0.283203125,-0.25390625
17820,1.26953125,1.025390625,-0.1953125,-0.21484375
17821,1.083984375,1.083984375,0.05859375,-0.25390625
17822,1.3671875,1.015625,0.009765625,-0.244140625
17823,1.123046875,1.103515625,-0.1171875,-0.1953125
17824,1.142578125,1.171875,-0.234375,-0.244140625
17825,1.298828125,1.03515625,-0.263671875,-0.29296875
17826,1.318359375,0.869140625,-0.2734375,-0.17578125
17827,1.26953125,1.07421875,-0.1953125,-0.234375
17828,1.15234375,1.07421875,-0.185546875,-0.205078125
17829,1.2890625,1.025390625,-0.21484375,-0.2734375
17830,1.318359375,0.927734375,-0.3515625,-0.234375
17831,1.25,1.09375,-0.263671875,-0.087890625
17832,1.259765625,0.99609375,-0.3125,-0.37109375
17833,1.15234375,0.966796875,-0.322265625,-0.2734375
17834,1.142578125,1.064453125,-0.263671875,-0.244140625
17835,1.2109375,1.201171875,-0.29296875,-0.341796875
17836,1.044921875,0.87890625,-0.224609375,-0.234375
17837,1.220703125,1.03515625,-0.2734375,-0.283203125
17838,1.07421875,1.1328125,-0.322265625,-0.4296875
17839,1.201171875,1.11328125,-0.41015625,-0.2734375
17840,1.171875,1.025390625,-0.3125,-0.3125
17841,1.30859375,0.947265625,-0.263671875,-0.09765625
17842,1.19140625,1.0546875,-0.322265625,-0.283203125
17843,1.259765625,1.15234375,-0.400390625,-0.341796875
17844,1.240234375,1.181640625,-0.283203125,-0.15625
17845,1.240234375,1.083984375,-0.3515625,-0.2734375
17846,1.1328125,1.03515625,-0.2734375,-0.25390625
17847,1.40625,1.044921875,-0.29296875,-0.322265625
17848,1.220703125,1.0546875,-0.25390625,-0.244140625
17849,1.11328125,1.0546875,-0.283203125,-0.322265625
17850,1.064453125,1.083984375,-0.322265625,-0.29296875
17851,1.162109375,1.015625,-0.263671875,-0.29296875
17852,1.279296875,1.044921875,-0.29296875,-0.322265625
17853,1.416015625,1.19140625,-0.21484375,-0.166015625
17854,1.25,1.123046875,-0.302734375,-0.205078125
17855,1.318359375,1.11328125,-0.17578125,-0.21484375
17856,1.181640625,1.09375,-0.166015625,-0.2734375
17857,1.240234375,0.99609375,-0.205078125,-0.283203125
17858,1.240234375,1.09375,-0.205078125,-0.400390625
17859,1.201171875,1.025390625,-0.224609375,-0.13671875
17860,1.2109375,0.9765625,-0.390625,-0.2734375
17861,1.162109375,1.123046875,-0.244140625,-0.09765625
17862,1.26953125,1.083984375,-0.1953125,-0.25390625
17863,1.201171875,1.11328125,-0.283203125,-0.15625
17864,1.2109375,1.083984375,-0.302734375,-0.205078125
17865,1.142578125,1.1328125,-0.234375,-0.341796875
17866,1.2109375,1.11328125,-0.3515625,-0.25390625
17867,1.19140625,1.064453125,-0.126953125,-0.234375
17868,1.064453125,1.09375,-0.263671875,-0.09765625
17869,1.15234375,0.99609375,-0.13671875,-0.29296875
17870,1.25,0.99609375,-0.205078125,-0.205078125
17871,1.201171875,1.123046875,-0.224609375,-0.263671875
17872,1.279296875,1.07421875,-0.205078125,-0.166015625
17873,1.181640625,1.11328125,-0.33203125,-0.185546875
17874,1.142578125,1.07421875,-0.263671875,-0.3515625
17875,1.19140625,0.908203125,-0.1953125,-0.205078125
17876,1.103515625,1.015625,-0.1953125,-0.2734375
17877,1.15234375,1.162109375,-0.234375,-0.185546875
17878,1.25,1.201171875,-0.166015625,-0.2734375
17879,1.11328125,1.15234375,-0.17578125,-0.25390625
17880,1.083984375,1.171875,-0.263671875,-0.21484375
17881,1.03515625,1.064453125,-0.25390625,-0.302734375
17882,1.15234375,1.123046875,-0.25390625,-0.283203125
17883,1.11328125,1.025390625,-0.15625,-0.419921875
17884,1.298828125,1.11328125,-0.25390625,-0.25390625
17885,0.986328125,1.064453125,-0.224609375,-0.263671875
17886,1.25,1.2109375,-0.263671875,-0.283203125
17887,1.103515625,1.1328125,-0.21484375,-0.3125
17888,1.220703125,1.15234375,-0.25390625,-0.21484375
17889,1.015625,1.083984375,-0.263671875,-0.322265625
17890,1.25,1.064453125,-0.25390625,-0.2734375
17891,1.220703125,1.044921875,-0.3125,-0.263671875
17892,1.09375,1.23046875,-0.21484375,-0.41015625
17893,1.1328125,1.142578125,-0.263671875,-0.1953125
17894,1.09375,1.318359375,-0.1953125,-0.205078125
17895,1.240234375,1.083984375,-0.126953125,-0.205078125
17896,1.337890625,1.15234375,-0.068359375,-0.185546875
17897,1.0546875,1.220703125,-0.322265625,-0.234375
17898,1.11328125,1.09375,-0.29296875,-0.009765625
17899,1.03515625,1.025390625,-0.244140625,-0.302734375
17900,1.15234375,1.103515625,-0.166015625,-0.17578125
17901,1.171875,1.083984375,-0.37109375,-0.361328125
17902,1.11328125,1.15234375,-0.205078125,-0.3515625
17903,1.220703125,1.103515625,-0.3515625,-0.3125
17904,1.142578125,1.123046875,-0.224609375,-0.322265625
17905,1.19140625,1.11328125,-0.205078125,-0.21484375
17906,1.171875,1.142578125,-0.33203125,-0.283203125
17907,1.328125,1.201171875,-0.234375,-0.224609375
17908,1.259765625,1.19140625,-0.146484375,-0.322265625
17909,1.220703125,1.025390625,-0.068359375,-0.17578125
17910,1.23046875,1.123046875,-0.17578125,-0.2734375
17911,1.26953125,1.181640625,-0.185546875,-0.234375
17912,1.25,1.142578125,-0.126953125,-0.244140625
17913,1.298828125,1.181640625,-0.15625,-0.21484375
17914,1.1328125,1.162109375,-0.234375,-0.234375
17915,1.2109375,1.26953125,-0.25390625,-0.3125
17916,1.220703125,1.171875,-0.244140625,-0.244140625
17917,1.171875,1.19140625,-0.107421875,-0.29296875
17918,1.171875,1.279296875,-0.234375,-0.3125
17919,1.220703125,1.1328125,-0.29296875,-0.341796875
17920,1.201171875,1.19140625,-0.1953125,-0.41015625
17921,1.142578125,1.181640625,-0.244140625,-0.302734375
17922,1.181640625,1.09375,-0.185546875,-0.361328125
17923,1.142578125,1.1328125,-0.234375,-0.33203125
17924,1.279296875,1.044921875,-0.302734375,-0.322265625
17925,1.103515625,1.259765625,-0.263671875,-0.3125
17926,1.11328125,1.318359375,-0.263671875,-0.2734375
17927,1.26953125,1.123046875,-0.263671875,-0.33203125
17928,1.220703125,1.240234375,-0.29296875,-0.2734375
17929,1.123046875,1.171875,-0.09765625,-0.458984375
17930,1.1328125,1.2109375,-0.185546875,-0.224609375
17931,1.259765625,1.25,-0.087890625,-0.341796875
17932,1.2109375,1.240234375,-0.21484375,-0.2734375
17933,1.19140625,1.181640625,-0.341796875,-0.322265625
17934,1.19140625,1.162109375,-0.322265625,-0.29296875
17935,1.2109375,1.181640625,-0.25390625,-0.3125
17936,1.26953125,1.123046875,-0.263671875,-0.283203125
17937,1.103515625,1.162109375,-0.283203125,-0.302734375
17938,1.201171875,1.181640625,-0.205078125,-0.390625
17939,1.171875,1.162109375,-0.1953125,-0.25390625
17940,1.1328125,1.220703125,-0.283203125,-0.2734375
17941,1.11328125,1.259765625,-0.263671875,-0.25390625
17942,1.123046875,1.11328125,-0.234375,-0.263671875
17943,1.2109375,1.25,-0.29296875,-0.1953125
17944,1.07421875,1.23046875,-0.25390625,-0.205078125
17945,1.2890625,1.162109375,-0.2734375,-0.302734375
17946,1.1328125,1.240234375,-0.1953125,-0.302734375
17947,1.1328125,1.15234375,-0.244140625,-0.15625
17948,1.279296875,1.318359375,-0.234375,-0.15625
17949,1.19140625,1.220703125,-0.2734375,-0.29296875
17950,1.162109375,1.201171875,-0.29296875,-0.322265625
17951,1.171875,1.220703125,-0.29296875,-0.1953125
17952,1.181640625,1.259765625,-0.244140625,-0.244140625
17953,1.142578125,1.201171875,-0.244140625,-0.302734375
17954,1.220703125,1.220703125,-0.302734375,-0.166015625
17955,1.142578125,1.11328125,-0.185546875,-0.234375
17956,1.259765625,1.201171875,-0.37109375,-0.283203125
17957,1.357421875,1.376953125,-0.21484375,-0.283203125
17958,1.23046875,1.162109375,-0.25390625,-0.166015625
17959,1.23046875,1.23046875,-0.263671875,-0.322265625
17960,1.15234375,1.23046875,-0.25390625,-0.33203125
17961,1.2890625,1.07421875,-0.21484375,-0.37109375
17962,1.259765625,1.25,-0.33203125,-0.419921875
17963,1.259765625,1.15234375,-0.244140625,-0.302734375
17964,1.15234375,1.083984375,-0.322265625,-0.263671875
17965,1.23046875,1.19140625,-0.205078125,-0.361328125
17966,1.2109375,1.123046875,-0.283203125,-0.4296875
17967,1.30859375,1.15234375,-0.380859375,-0.25390625
17968,1.11328125,1.2109375,-0.234375,-0.25390625
17969,1.2109375,1.142578125,-0.3515625,-0.361328125
17970,1.19140625,1.201171875,-0.283203125,-0.3125
17971,1.23046875,1.19140625,-0.244140625,-0.439453125
17972,1.083984375,1.220703125,-0.21484375,-0.2734375
17973,1.181640625,1.123046875,-0.205078125,-0.3125
17974,1.162109375,1.162109375,-0.3125,-0.419921875
17975,1.171875,1.083984375,-0.234375,-0.234375
17976,1.123046875,1.1328125,-0.37109375,-0.29296875
17977,1.240234375,1.2109375,-0.15625,-0.439453125
17978,1.064453125,1.171875,-0.33203125,-0.244140625
17979,1.181640625,1.23046875,-0.224609375,-0.263671875
17980,1.142578125,1.19140625,-0.3125,-0.224609375
17981,1.09375,1.19140625,-0.302734375,-0.126953125
17982,1.103515625,1.1328125,-0.17578125,-0.322265625
17983,1.201171875,1.25,-0.17578125,-0.37109375
17984,1.15234375,1.123046875,-0.2734375,-0.37109375
17985,1.162109375,1.083984375,-0.29296875,-0.37109375
17986,1.005859375,1.25,-0.263671875,-0.29296875
17987,1.162109375,1.2109375,-0.322265625,-0.400390625
17988,1.171875,1.09375,-0.302734375,-0.458984375
17989,1.19140625,1.171875,-0.146484375,-0.2734375
17990,1.181640625,1.23046875,-0.29296875,-0.419921875
17991,1.240234375,1.181640625,-0.205078125,-0.302734375
17992,1.19140625,1.181640625,-0.263671875,-0.37109375
17993,1.23046875,1.201171875,-0.283203125,-0.400390625
17994,1.26953125,1.220703125,-0.322265625,-0.341796875
17995,1.259765625,1.19140625,-0.234375,-0.283203125
17996,1.25,1.240234375,-0.244140625,-0.244140625
17997,1.201171875,1.09375,-0.302734375,-0.2734375
17998,1.474609375,1.181640625,-0.283203125,-0.33203125
17999,1.2890625,1.181640625,-0.244140625,-0.33203125
18000,1.318359375,1.259765625,-0.224609375,-0.283203125
18001,1.25,1.337890625,-0.1953125,-0.37109375
18002,1.396484375,1.279296875,-0.29296875,-0.458984375
18003,1.220703125,1.162109375,-0.283203125,-0.341796875
18004,1.26953125,1.09375,-0.29296875,-0.37109375
18005,1.259765625,1.220703125,-0.224609375,-0.33203125
18006,1.357421875,1.30859375,-0.25390625,-0.341796875
18007,1.318359375,1.220703125,-0.2734375,-0.33203125
18008,1.34765625,1.259765625,-0.205078125,-0.419921875
18009,1.259765625,1.142578125,-0.283203125,-0.361328125
18010,1.259765625,1.318359375,-0.25390625,-0.322265625
18011,1.23046875,1.259765625,-0.244140625,-0.29296875
18012,1.2890625,1.201171875,-0.244140625,-0.302734375
18013,1.3671875,1.19140625,-0.37109375,-0.3515625
18014,1.40625,1.15234375,-0.25390625,-0.3515625
18015,1.2890625,1.220703125,-0.263671875,-0.41015625
18016,1.328125,1.484375,-0.283203125,-0.361328125
18017,1.50390625,1.259765625,-0.185546875,-0.322265625
18018,1.455078125,1.298828125,-0.205078125,-0.341796875
18019,1.240234375,1.26953125,-0.107421875,-0.361328125
18020,1.34765625,1.298828125,-0.25390625,-0.33203125
18021,1.3671875,1.26953125,-0.263671875,-0.322265625
18022,1.2109375,1.181640625,-0.302734375,-0.41015625
18023,1.2890625,1.2890625,-0.283203125,-0.263671875
18024,1.513671875,1.38671875,-0.322265625,-0.2734375
18025,1.46484375,1.318359375,-0.244140625,-0.37109375
18026,1.2890625,1.259765625,-0.185546875,-0.33203125
18027,1.2109375,1.259765625,-0.263671875,-0.439453125
18028,1.240234375,1.181640625,-0.3125,-0.3125
18029,1.279296875,1.328125,-0.361328125,-0.400390625
18030,1.2890625,1.259765625,-0.380859375,-0.37109375
18031,1.318359375,1.181640625,-0.419921875,-0.390625
18032,1.23046875,1.201171875,-0.341796875,-0.400390625
18033,1.162109375,1.171875,-0.1953125,-0.56640625
18034,1.279296875,1.30859375,-0.2734375,-0.400390625
18035,1.171875,1.2109375,-0.244140625,-0.41015625
18036,1.298828125,1.318359375,-0.25390625,-0.48828125
18037,1.259765625,1.2890625,-0.302734375,-0.361328125
18038,1.34765625,1.25,-0.390625,-0.33203125
18039,1.259765625,1.259765625,-0.244140625,-0.41015625
18040,1.26953125,1.26953125,-0.234375,-0.3515625
18041,1.2109375,1.279296875,-0.361328125,-0.3515625
18042,1.2109375,1.171875,-0.302734375,-0.400390625
18043,1.201171875,1.123046875,-0.166015625,-0.3125
18044,1.171875,1.318359375,-0.25390625,-0.361328125
18045,1.15234375,1.1328125,-0.25390625,-0.419921875
18046,1.220703125,1.083984375,-0.3515625,-0.341796875
18047,1.15234375,1.044921875,-0.244140625,-0.341796875
18048,1.171875,1.240234375,-0.302734375,-0.341796875
18049,1.23046875,1.220703125,-0.224609375,-0.458984375
18050,1.298828125,1.0546875,-0.15625,-0.390625
18051,1.19140625,1.220703125,-0.2734375,-0.322265625
18052,1.142578125,1.025390625,-0.380859375,-0.44921875
18053,1.181640625,1.259765625,-0.205078125,-0.458984375
18054,1.279296875,1.162109375,-0.25390625,-0.46875
18055,1.23046875,1.044921875,-0.263671875,-0.37109375
18056,1.19140625,1.11328125,-0.224609375,-0.37109375
18057,1.25,1.2109375,-0.33203125,-0.234375
18058,1.26953125,1.259765625,-0.3515625,-0.41015625
18059,1.1328125,1.396484375,-0.400390625,-0.302734375
18060,1.328125,1.25,-0.302734375,-0.2734375
18061,1.1328125,1.30859375,-0.166015625,-0.41015625
18062,1.19140625,1.19140625,-0.224609375,-0.21484375
18063,1.26953125,1.240234375,-0.224609375,-0.302734375
18064,1.240234375,1.2890625,-0.263671875,-0.341796875
18065,1.26953125,1.30859375,-0.302734375,-0.380859375
18066,1.201171875,1.23046875,-0.15625,-0.3125
18067,1.259765625,1.083984375,-0.224609375,-0.419921875
18068,1.23046875,1.1328125,-0.234375,-0.37109375
18069,1.162109375,1.25,-0.25390625,-0.361328125
18070,1.240234375,1.171875,-0.244140625,-0.302734375
18071,1.26953125,1.103515625,-0.341796875,-0.37109375
18072,1.240234375,1.15234375,-0.244140625,-0.341796875
18073,1.2109375,1.220703125,-0.29296875,-0.37109375
18074,1.2109375,1.396484375,-0.205078125,-0.44921875
18075,1.103515625,1.171875,-0.263671875,-0.478515625
18076,1.26953125,1.162109375,-0.341796875,-0.380859375
18077,1.201171875,1.1328125,-0.341796875,-0.37109375
18078,1.298828125,1.23046875,-0.33203125,-0.576171875
18079,1.2109375,1.171875,-0.1171875,-0.3125
18080,1.2109375,0.99609375,-0.205078125,-0.37109375
18081,1.318359375,1.123046875,-0.234375,-0.29296875
18082,1.2109375,1.201171875,-0.25390625,-0.458984375
18083,1.171875,1.11328125,-0.25390625,-0.380859375
18084,1.171875,1.2109375,-0.1953125,-0.390625
18085,1.11328125,0.9765625,-0.21484375,-0.3515625
18086,1.09375,1.171875,-0.283203125,-0.4296875
18087,1.181640625,1.220703125,-0.244140625,0.078125
18088,1.2890625,1.07421875,-0.224609375,-0.3125
18089,1.09375,1.03515625,-0.01953125,-0.33203125
18090,1.240234375,1.123046875,-0.341796875,-0.419921875
18091,1.2890625,1.1328125,-0.166015625,-0.60546875
18092,1.03515625,1.181640625,-0.2734375,-0.37109375
18093,1.0546875,1.083984375,-0.17578125,-0.5078125
18094,1.220703125,1.220703125,-0.224609375,-0.419921875
18095,1.162109375,1.142578125,-0.302734375,-0.302734375
18096,1.171875,1.171875,-0.205078125,-0.322265625
18097,1.201171875,1.2109375,-0.390625,-0.498046875
18098,1.142578125,1.171875,-0.29296875,-0.33203125
18099,1.15234375,1.19140625,-0.1953125,-0.44921875
18100,1.1328125,1.171875,-0.21484375,-0.341796875
18101,1.25,1.09375,-0.166015625,-0.322265625
18102,1.142578125,1.19140625,-0.458984375,-0.48828125
18103,1.11328125,1.171875,-0.185546875,-0.234375
18104,1.09375,1.044921875,-0.107421875,-0.419921875
18105,1.123046875,1.2109375,-0.390625,-0.390625
18106,1.30859375,1.083984375,-0.29296875,-0.3515625
18107,1.142578125,1.171875,-0.244140625,-0.41015625
18108,1.1328125,1.19140625,-0.361328125,-0.234375
18109,1.201171875,1.23046875,-0.263671875,-0.3125
18110,1.181640625,1.1328125,-0.205078125,-0.400390625
18111,1.23046875,1.19140625,-0.21484375,-0.3125
18112,1.1328125,1.1328125,-0.25390625,-0.380859375
18113,1.259765625,1.162109375,-0.25390625,-0.3125
18114,1.2890625,1.044921875,-0.2734375,-0.390625
18115,1.279296875,1.07421875,-0.126953125,-0.361328125
18116,1.318359375,1.083984375,-0.25390625,-0.380859375
18117,1.19140625,1.103515625,-0.302734375,-0.44921875
18118,1.220703125,1.0546875,-0.244140625,-0.46875
18119,1.19140625,1.279296875,-0.302734375,-0.439453125
18120,1.328125,1.11328125,-0.283203125,-0.390625
18121,1.26953125,1.0546875,-0.234375,-0.3125
18122,1.220703125,1.162109375,-0.244140625,-0.3515625
18123,1.19140625,1.015625,-0.21484375,-0.341796875
18124,1.259765625,1.07421875,-0.244140625,-0.361328125
18125,1.23046875,1.07421875,-0.224609375,-0.341796875
18126,1.142578125,0.9765625,-0.302734375,-0.302734375
18127,1.171875,1.103515625,-0.244140625,-0.244140625
18128,1.3671875,1.064453125,-0.25390625,-0.29296875
18129,1.298828125,1.1328125,-0.3125,-0.29296875
18130,1.220703125,1.064453125,-0.13671875,-0.205078125
18131,1.2890625,0.986328125,-0.224609375,-0.25390625
18132,1.279296875,1.1328125,-0.244140625,-0.390625
18133,1.19140625,1.015625,-0.205078125,-0.380859375
18134,1.2890625,1.103515625,-0.37109375,-0.3515625
18135,1.220703125,1.103515625,-0.21484375,-0.41015625
18136,1.162109375,1.103515625,-0.205078125,-0.390625
18137,1.171875,1.181640625,-0.224609375,-0.341796875
18138,1.26953125,1.201171875,-0.224609375,-0.361328125
18139,1.240234375,1.044921875,-0.068359375,-0.244140625
18140,1.2109375,0.95703125,-0.25390625,-0.3515625
18141,1.298828125,0.9375,-0.05859375,-0.380859375
18142,1.123046875,0.99609375,-0.234375,-0.263671875
18143,1.240234375,1.025390625,-0.2734375,-0.224609375
18144,1.103515625,0.9375,-0.15625,-0.322265625
18145,1.201171875,1.044921875,-0.13671875,-0.458984375
18146,1.23046875,0.986328125,-0.15625,-0.5078125
18147,1.2109375,1.064453125,-0.2734375,-0.380859375
18148,1.201171875,0.9375,-0.1171875,-0.37109375
18149,1.19140625,1.025390625,-0.17578125,-0.263671875
18150,1.103515625,1.005859375,-0.29296875,-0.302734375
18151,1.15234375,0.9765625,-0.25390625,-0.166015625
18152,1.201171875,0.95703125,-0.263671875,-0.25390625
18153,1.07421875,1.025390625,-0.185546875,-0.33203125
18154,1.2109375,0.966796875,-0.126953125,-0.078125
18155,1.2109375,1.11328125,-0.185546875,-0.302734375
18156,1.2109375,1.025390625,-0.05859375,-0.29296875
18157,1.15234375,1.03515625,-0.283203125,-0.29296875
18158,1.19140625,0.95703125,-0.205078125,-0.400390625
18159,1.142578125,1.09375,-0.185546875,-0.263671875
18160,1.142578125,1.064453125,-0.302734375,-0.380859375
18161,1.2109375,0.966796875,-0.2734375,-0.3515625
18162,1.181640625,0.9765625,-0.21484375,-0.185546875
18163,1.07421875,1.03515625,-0.25390625,-0.3125
18164,1.23046875,1.025390625,-0.283203125,-0.2734375
18165,1.19140625,1.11328125,-0.3125,-0.390625
18166,1.23046875,1.07421875,-0.224609375,-0.33203125
18167,1.240234375,1.07421875,-0.283203125,-0.341796875
18168,1.318359375,0.8203125,-0.341796875,-0.341796875
18169,1.162109375,1.044921875,-0.234375,-0.33203125
18170,1.23046875,1.025390625,-0.29296875,-0.52734375
18171,1.23046875,0.771484375,-0.29296875,-0.33203125
18172,1.15234375,1.123046875,-0.1171875,-0.33203125
18173,1.044921875,1.0546875,-0.244140625,-0.48828125
18174,1.2109375,0.947265625,-0.185546875,-0.302734375
18175,1.26953125,1.025390625,-0.21484375,-0.283203125
18176,1.259765625,1.025390625,-0.244140625,-0.146484375
18177,1.201171875,1.015625,-0.2734375,-0.41015625
18178,1.2890625,0.99609375,-0.390625,-0.361328125
18179,1.23046875,0.888671875,-0.166015625,-0.283203125
18180,1.19140625,1.09375,-0.283203125,-0.283203125
18181,1.2109375,0.830078125,-0.263671875,-0.29296875
18182,1.240234375,0.966796875,-0.244140625,-0.41015625
18183,1.142578125,0.99609375,-0.41015625,-0.263671875
18184,1.201171875,0.859375,-0.322265625,-0.302734375
18185,1.2890625,0.986328125,-0.263671875,-0.3125
18186,1.23046875,1.142578125,-0.244140625,-0.3515625
18187,1.26953125,1.064453125,-0.166015625,-0.322265625
18188,1.15234375,0.99609375,-0.09765625,-0.439453125
18189,1.2109375,1.005859375,-0.283203125,-0.341796875
18190,1.23046875,0.908203125,-0.166015625,-0.322265625
18191,1.1328125,0.9765625,-0.263671875,-0.302734375
18192,1.279296875,0.95703125,-0.185546875,-0.419921875
18193,1.220703125,0.927734375,-0.2734375,-0.3125
18194,1.1328125,0.9765625,-0.1953125,-0.224609375
18195,1.220703125,1.11328125,-0.302734375,-0.37109375
18196,1.1328125,0.927734375,-0.146484375,-0.33203125
18197,1.142578125,1.025390625,-0.244140625,-0.419921875
18198,1.15234375,0.986328125,-0.1953125,-0.41015625
18199,1.201171875,1.03515625,-0.185546875,-0.3515625
18200,1.259765625,1.025390625,-0.146484375,-0.33203125
18201,1.23046875,0.966796875,-0.126953125,-0.5859375
18202,1.240234375,1.03515625,-0.17578125,-0.3515625
18203,1.103515625,1.015625,-0.185546875,-0.380859375
18204,1.240234375,0.927734375,-0.25390625,-0.48828125
18205,1.09375,1.044921875,-0.2734375,-0.419921875
18206,1.162109375,1.005859375,-0.146484375,-0.458984375
18207,1.2109375,1.005859375,-0.29296875,-0.52734375
18208,1.142578125,0.859375,-0.087890625,-0.234375
18209,1.220703125,0.9765625,-0.25390625,-0.3515625
18210,1.15234375,1.0546875,-0.205078125,-0.1953125
18211,1.162109375,1.083984375,-0.087890625,-0.37109375
18212,1.220703125,1.103515625,-0.2734375,-0.341796875
18213,1.23046875,1.103515625,-0.234375,-0.185546875
18214,1.162109375,1.09375,-0.263671875,-0.361328125
18215,1.220703125,1.103515625,-0.146484375,-0.341796875
18216,1.142578125,1.103515625,-0.25390625,-0.33203125
18217,1.2109375,1.09375,-0.263671875,-0.302734375
18218,1.171875,1.11328125,-0.244140625,-0.41015625
18219,1.240234375,1.103515625,-0.1171875,-0.15625
18220,1.181640625,1.064453125,-0.25390625,-0.302734375
18221,1.19140625,1.09375,-0.234375,-0.205078125
18222,1.103515625,1.09375,-0.21484375,-0.234375
18223,1.23046875,1.044921875,-0.25390625,-0.224609375
18224,1.162109375,1.103515625,-0.21484375,-0.2734375
18225,1.2109375,1.123046875,-0.263671875,-0.361328125
18226,1.259765625,1.2109375,-0.13671875,-0.33203125
18227,1.103515625,1.103515625,-0.234375,-0.2734375
18228,1.005859375,1.11328125,-0.205078125,-0.1953125
18229,1.181640625,1.044921875,-0.13671875,-0.25390625
18230,1.11328125,1.083984375,-0.078125,-0.3125
18231,1.162109375,1.103515625,-0.244140625,-0.048828125
18232,1.123046875,1.142578125,-0.244140625,-0.380859375
18233,1.220703125,1.064453125,-0.048828125,-0.234375
18234,1.201171875,0.99609375,-0.2734375,-0.205078125
18235,1.181640625,1.142578125,-0.13671875,-0.25390625
18236,1.30859375,1.0546875,-0.21484375,-0.341796875
18237,1.2890625,1.09375,-0.302734375,-0.3125
18238,1.201171875,1.025390625,-0.2734375,-0.29296875
18239,1.09375,1.19140625,-0.283203125,-0.283203125
18240,1.19140625,1.064453125,-0.166015625,-0.224609375
18241,1.337890625,0.908203125,-0.1953125,-0.3125
18242,1.15234375,1.064453125,-0.17578125,-0.33203125
18243,1.259765625,1.11328125,-0.224609375,-0.234375
18244,1.25,1.044921875,-0.13671875,-0.17578125
18245,1.181640625,0.95703125,-0.048828125,-0.29296875
18246,1.2109375,1.07421875,-0.166015625,-0.224609375
18247,1.220703125,1.03515625,-0.244140625,-0.234375
18248,1.201171875,1.03515625,-0.302734375,-0.29296875
18249,1.19140625,0.966796875,-0.29296875,-0.234375
18250,1.259765625,1.1328125,-0.205078125,-0.25390625
18251,1.25,1.064453125,-0.17578125,-0.2734375
18252,1.298828125,1.1328125,-0.244140625,-0.322265625
18253,1.26953125,1.103515625,-0.3515625,-0.244140625
18254,1.3671875,1.298828125,-0.234375,-0.283203125
18255,1.23046875,1.005859375,-0.21484375,-0.1953125
18256,1.181640625,1.220703125,-0.2734375,-0.25390625
18257,1.25,1.064453125,-0.25390625,-0.29296875
18258,1.181640625,1.181640625,-0.419921875,-0.439453125
18259,1.279296875,1.03515625,-0.3125,-0.166015625
18260,1.2890625,1.11328125,-0.4296875,-0.283203125
18261,1.2890625,1.083984375,-0.29296875,-0.224609375
18262,1.15234375,1.15234375,-0.21484375,-0.29296875
18263,1.15234375,1.2109375,-0.21484375,-0.15625
18264,1.171875,1.0546875,-0.25390625,-0.2734375
18265,1.30859375,1.103515625,-0.361328125,-0.244140625
18266,1.0546875,0.99609375,-0.283203125,-0.263671875
18267,1.23046875,1.2109375,-0.2734375,-0.13671875
18268,1.07421875,1.23046875,-0.25390625,-0.1953125
18269,1.171875,1.19140625,-0.263671875,-0.166015625
18270,1.123046875,1.103515625,-0.33203125,-0.21484375
18271,1.123046875,1.11328125,-0.21484375,-0.41015625
18272,1.220703125,1.09375,-0.380859375,-0.205078125
18273,1.220703125,1.11328125,-0.29296875,-0.224609375
18274,1.15234375,1.09375,-0.33203125,-0.361328125
18275,1.181640625,1.123046875,-0.37109375,-0.1953125
18276,1.162109375,1.15234375,-0.283203125,-0.146484375
18277,1.25,1.1328125,-0.419921875,-0.439453125
18278,1.201171875,1.11328125,-0.33203125,-0.283203125
18279,1.11328125,1.11328125,-0.322265625,-0.25390625
18280,1.162109375,1.171875,-0.302734375,-0.322265625
18281,1.2109375,1.15234375,-0.283203125,-0.263671875
18282,1.162109375,1.162109375,-0.17578125,-0.1953125
18283,1.15234375,1.064453125,-0.3125,-0.419921875
18284,1.1328125,1.201171875,-0.29296875,-0.205078125
18285,1.2109375,1.1328125,-0.234375,-0.2734375
18286,1.083984375,1.0546875,-0.283203125,-0.1953125
18287,1.181640625,1.025390625,-0.2734375,-0.283203125
18288,1.11328125,1.11328125,-0.302734375,-0.3515625
18289,1.1328125,1.044921875,-0.25390625,-0.21484375
18290,1.181640625,1.083984375,-0.166015625,-0.224609375
18291,1.142578125,0.9765625,-0.166015625,-0.322265625
18292,1.15234375,1.103515625,-0.25390625,-0.185546875
18293,1.181640625,1.123046875,-0.146484375,-0.166015625
18294,1.142578125,1.09375,-0.205078125,-0.224609375
18295,1.064453125,1.103515625,-0.244140625,-0.234375
18296,1.23046875,0.986328125,-0.3125,-0.2734375
18297,1.171875,0.91796875,-0.185546875,-0.2734375
18298,1.103515625,1.07421875,-0.21484375,-0.185546875
18299,1.103515625,1.123046875,-0.21484375,-0.29296875
18300,1.181640625,1.09375,-0.2734375,-0.263671875
18301,1.15234375,1.044921875,-0.1953125,-0.2734375
18302,1.201171875,1.025390625,-0.263671875,-0.244140625
18303,1.220703125,1.09375,-0.15625,-0.17578125
18304,1.15234375,1.1328125,-0.21484375,0
18305,1.025390625,1.025390625,-0.205078125,-0.185546875
18306,1.171875,1.083984375,-0.3515625,-0.263671875
18307,1.11328125,1.064453125,-0.1953125,-0.302734375
18308,1.201171875,1.201171875,-0.21484375,-0.29296875
18309,1.2109375,1.0546875,-0.17578125,-0.244140625
18310,1.1328125,1.064453125,-0.21484375,-0.05859375
18311,1.23046875,1.025390625,-0.146484375,-0.25390625
18312,1.083984375,0.95703125,-0.1953125,-0.224609375
18313,1.123046875,1.025390625,-0.107421875,-0.05859375
18314,1.005859375,1.181640625,-0.146484375,-0.1953125
18315,1.103515625,1.123046875,-0.1953125,-0.1953125
18316,1.044921875,1.171875,-0.224609375,-0.1953125
18317,1.09375,1.23046875,-0.1953125,-0.244140625
18318,1.171875,1.0546875,-0.263671875,-0.185546875
18319,1.162109375,1.064453125,-0.146484375,-0.3125
18320,1.15234375,1.142578125,-0.146484375,-0.361328125
18321,1.0546875,1.0546875,-0.1953125,-0.3125
18322,1.181640625,1.123046875,-0.263671875,-0.302734375
18323,1.123046875,1.142578125,-0.283203125,-0.33203125
18324,1.142578125,1.259765625,-0.185546875,-0.234375
18325,1.142578125,1.162109375,-0.37109375,-0.556640625
18326,1.259765625,1.15234375,-0.244140625,-0.48828125
18327,1.201171875,1.181640625,-0.234375,-0.224609375
18328,1.064453125,1.123046875,-0.185546875,-0.13671875
18329,1.220703125,1.07421875,-0.302734375,-0.205078125
18330,1.07421875,1.240234375,-0.2734375,-0.25390625
18331,1.26953125,1.181640625,-0.283203125,-0.2734375
18332,1.11328125,1.201171875,-0.341796875,-0.244140625
18333,1.181640625,1.181640625,-0.185546875,-0.302734375
18334,1.1328125,1.15234375,-0.3125,-0.21484375
18335,1.240234375,1.1328125,-0.17578125,-0.21484375
18336,1.2109375,1.123046875,-0.244140625,-0.29296875
18337,1.142578125,1.142578125,-0.166015625,-0.29296875
18338,1.240234375,1.162109375,-0.25390625,-0.2734375
18339,1.142578125,1.171875,-0.283203125,-0.283203125
18340,1.123046875,1.2109375,-0.234375,-0.263671875
18341,1.201171875,1.181640625,-0.21484375,-0.37109375
18342,1.259765625,1.142578125,-0.263671875,-0.322265625
18343,1.162109375,1.142578125,-0.126953125,-0.263671875
18344,1.15234375,1.142578125,-0.224609375,-0.263671875
18345,1.201171875,1.220703125,-0.185546875,-0.21484375
18346,1.19140625,1.220703125,-0.263671875,-0.21484375
18347,1.337890625,1.123046875,-0.234375,-0.29296875
18348,1.1328125,1.201171875,-0.234375,-0.263671875
18349,1.259765625,1.005859375,-0.1953125,-0.185546875
18350,1.279296875,1.1328125,-0.146484375,-0.244140625
18351,1.26953125,1.171875,-0.283203125,-0.1953125
18352,1.2890625,1.181640625,-0.25390625,-0.283203125
18353,1.171875,1.220703125,-0.224609375,-0.33203125
18354,1.220703125,1.005859375,-0.185546875,-0.322265625
18355,1.25,1.123046875,-0.17578125,-0.302734375
18356,1.298828125,1.19140625,-0.21484375,-0.29296875
18357,1.376953125,1.162109375,-0.283203125,-0.390625
18358,1.23046875,1.142578125,-0.1171875,-0.322265625
18359,1.25,1.083984375,-0.166015625,-0.341796875
18360,1.279296875,1.15234375,-0.17578125,-0.302734375
18361,1.123046875,1.15234375,-0.361328125,-0.3515625
18362,1.09375,1.07421875,-0.166015625,-0.302734375
18363,1.220703125,1.240234375,-0.17578125,-0.2734375
18364,1.123046875,1.15234375,-0.1171875,-0.341796875
18365,1.123046875,1.220703125,-0.2734375,-0.322265625
18366,1.30859375,1.103515625,-0.234375,-0.302734375
18367,1.171875,1.1328125,-0.3125,-0.302734375
18368,1.11328125,1.259765625,-0.263671875,-0.146484375
18369,1.15234375,1.044921875,-0.244140625,-0.3125
18370,1.09375,1.162109375,-0.21484375,-0.3125
18371,1.123046875,1.220703125,-0.17578125,-0.380859375
18372,1.181640625,1.25,-0.234375,-0.33203125
18373,1.15234375,1.15234375,-0.2734375,-0.3125
18374,1.11328125,1.201171875,-0.2734375,-0.224609375
18375,1.123046875,1.1328125,-0.41015625,-0.166015625
18376,1.181640625,1.181640625,-0.15625,-0.302734375
18377,1.15234375,1.26953125,-0.2734375,-0.263671875
18378,1.15234375,1.181640625,-0.126953125,-0.283203125
18379,1.11328125,1.220703125,-0.21484375,-0.341796875
18380,1.11328125,1.259765625,-0.361328125,-0.1953125
18381,1.19140625,1.201171875,-0.361328125,-0.37109375
18382,1.23046875,1.26953125,-0.322265625,-0.29296875
18383,1.162109375,1.171875,-0.2734375,-0.29296875
18384,1.11328125,1.181640625,-0.3125,-0.2734375
18385,1.220703125,1.181640625,-0.3125,-0.3515625
18386,1.142578125,1.279296875,-0.15625,-0.234375
18387,1.318359375,1.23046875,-0.302734375,-0.244140625
18388,1.23046875,1.11328125,-0.2734375,-0.361328125
18389,1.11328125,1.240234375,-0.234375,-0.33203125
18390,1.11328125,1.09375,-0.37109375,-0.25390625
18391,1.220703125,1.171875,-0.263671875,-0.244140625
18392,1.064453125,1.220703125,-0.224609375,-0.302734375
18393,1.201171875,1.259765625,-0.21484375,-0.3125
18394,1.15234375,1.181640625,-0.205078125,-0.29296875
18395,1.240234375,1.220703125,-0.37109375,-0.37109375
18396,1.220703125,1.15234375,-0.244140625,-0.2734375
18397,1.1328125,1.30859375,-0.33203125,-0.283203125
18398,1.15234375,1.103515625,-0.3125,-0.3125
18399,1.171875,1.2109375,-0.263671875,-0.263671875
18400,1.240234375,1.240234375,-0.29296875,-0.3515625
18401,1.240234375,1.181640625,-0.21484375,-0.29296875
18402,1.181640625,1.23046875,-0.302734375,-0.185546875
18403,1.2109375,1.171875,-0.37109375,-0.3515625
18404,1.279296875,1.201171875,-0.4296875,-0.33203125
18405,1.142578125,1.181640625,-0.302734375,-0.322265625
18406,1.181640625,1.15234375,-0.322265625,-0.41015625
18407,1.15234375,1.19140625,-0.263671875,-0.166015625
18408,1.201171875,1.19140625,-0.283203125,-0.3125
18409,1.181640625,1.279296875,-0.390625,-0.29296875
18410,1.142578125,1.2109375,-0.25390625,-0.283203125
18411,1.123046875,1.142578125,-0.29296875,-0.21484375
18412,1.259765625,1.19140625,-0.419921875,-0.234375
18413,1.15234375,1.2109375,-0.3515625,-0.244140625
18414,1.162109375,1.181640625,-0.17578125,-0.1953125
18415,1.220703125,1.103515625,-0.2734375,-0.322265625
18416,1.123046875,1.2109375,-0.126953125,-0.322265625
18417,1.201171875,1.201171875,-0.263671875,-0.1953125
18418,1.23046875,1.142578125,-0.205078125,-0.3125
18419,1.19140625,1.30859375,-0.33203125,-0.3125
18420,1.201171875,1.240234375,-0.25390625,-0.380859375
18421,1.23046875,1.25,-0.283203125,-0.302734375
18422,1.259765625,1.23046875,-0.33203125,-0.302734375
18423,1.298828125,1.23046875,-0.25390625,-0.283203125
18424,1.26953125,1.25,-0.283203125,-0.33203125
18425,1.240234375,1.25,-0.1953125,-0.302734375
18426,1.30859375,1.23046875,-0.205078125,-0.244140625
18427,1.240234375,1.298828125,-0.205078125,-0.302734375
18428,1.30859375,1.30859375,-0.283203125,-0.390625
18429,1.30859375,1.083984375,-0.33203125,-0.37109375
18430,1.30859375,1.142578125,-0.234375,-0.29296875
18431,1.19140625,1.298828125,-0.29296875,-0.3125
18432,1.23046875,1.1328125,-0.1953125,-0.302734375
18433,1.259765625,1.171875,-0.322265625,-0.29296875
18434,1.123046875,1.298828125,-0.283203125,-0.302734375
18435,1.171875,1.220703125,-0.4296875,-0.1171875
18436,1.2890625,1.201171875,-0.234375,-0.380859375
18437,1.337890625,1.279296875,-0.341796875,-0.3125
18438,1.416015625,1.2109375,-0.25390625,-0.33203125
18439,1.34765625,1.240234375,-0.185546875,-0.361328125
18440,1.26953125,1.220703125,-0.21484375,-0.380859375
18441,1.298828125,1.201171875,-0.2734375,-0.29296875
18442,1.328125,1.19140625,-0.3125,-0.29296875
18443,1.318359375,1.34765625,-0.33203125,-0.361328125
18444,1.357421875,1.2109375,-0.25390625,-0.302734375
18445,1.30859375,1.1328125,-0.25390625,-0.302734375
18446,1.279296875,1.142578125,-0.17578125,-0.3515625
18447,1.357421875,1.279296875,-0.146484375,-0.244140625
18448,1.376953125,1.259765625,-0.234375,-0.341796875
18449,1.26953125,1.25,-0.107421875,-0.33203125
18450,1.337890625,1.26953125,-0.224609375,-0.48828125
18451,1.259765625,1.2109375,-0.234375,-0.44921875
18452,1.240234375,1.220703125,-0.3125,-0.302734375
18453,1.357421875,1.2109375,-0.25390625,-0.4296875
18454,1.2890625,1.171875,-0.33203125,-0.322265625
18455,1.298828125,1.26953125,-0.361328125,-0.322265625
18456,1.34765625,1.2109375,-0.29296875,-0.126953125
18457,1.34765625,1.181640625,-0.302734375,-0.361328125
18458,1.30859375,1.0546875,-0.322265625,-0.263671875
18459,1.376953125,1.240234375,-0.2734375,-0.244140625
18460,1.19140625,1.26953125,-0.33203125,-0.322265625
18461,1.357421875,1.25,-0.3125,-0.390625
18462,1.318359375,1.2109375,-0.244140625,-0.37109375
18463,1.171875,1.171875,-0.302734375,-0.380859375
18464,1.298828125,1.09375,-0.25390625,-0.390625
18465,1.26953125,1.19140625,-0.302734375,-0.380859375
18466,1.279296875,1.220703125,-0.263671875,-0.322265625
18467,1.376953125,1.318359375,-0.2734375,-0.390625
18468,1.328125,1.23046875,-0.17578125,-0.33203125
18469,1.201171875,1.240234375,-0.25390625,-0.2734375
18470,1.259765625,1.279296875,-0.341796875,-0.498046875
18471,1.25,1.25,-0.166015625,-0.458984375
18472,1.2109375,1.171875,-0.205078125,-0.390625
18473,1.2109375,1.23046875,-0.185546875,-0.25390625
18474,1.083984375,1.220703125,-0.21484375,-0.46875
18475,1.162109375,1.11328125,-0.244140625,-0.4296875
18476,1.25,1.142578125,-0.3515625,-0.380859375
18477,1.25,1.25,-0.185546875,-0.3515625
18478,1.15234375,1.162109375,-0.25390625,-0.361328125
18479,1.240234375,1.015625,-0.244140625,-0.361328125
18480,1.318359375,1.162109375,-0.322265625,-0.380859375
18481,1.142578125,1.181640625,-0.234375,-0.5078125
18482,1.279296875,1.279296875,-0.33203125,-0.419921875
18483,1.1328125,1.083984375,-0.361328125,-0.37109375
18484,1.15234375,1.201171875,-0.263671875,-0.361328125
18485,1.357421875,1.103515625,-0.283203125,-0.322265625
18486,1.357421875,1.279296875,-0.3515625,-0.390625
18487,1.25,1.220703125,-0.3125,-0.419921875
18488,1.19140625,1.259765625,-0.263671875,-0.3515625
18489,1.2890625,1.1328125,-0.380859375,-0.390625
18490,1.07421875,1.2109375,-0.29296875,-0.458984375
18491,1.123046875,1.23046875,-0.2734375,-0.390625
18492,1.23046875,1.181640625,-0.13671875,-0.322265625
18493,1.259765625,1.2109375,-0.283203125,-0.546875
18494,1.07421875,1.123046875,-0.244140625,-0.41015625
18495,1.259765625,1.142578125,-0.21484375,-0.478515625
18496,1.26953125,1.259765625,-0.21484375,-0.33203125
18497,1.181640625,1.171875,-0.1171875,-0.322265625
18498,1.25,1.23046875,-0.234375,-0.41015625
18499,1.123046875,1.240234375,-0.2734375,-0.498046875
18500,1.171875,1.15234375,-0.1953125,-0.46875
18501,1.23046875,1.103515625,-0.21484375,-0.380859375
18502,1.2890625,1.240234375,-0.146484375,-0.4296875
18503,1.15234375,1.220703125,-0.322265625,-0.33203125
18504,1.23046875,1.2890625,-0.263671875,-0.302734375
18505,1.201171875,1.240234375,-0.3515625,-0.13671875
18506,1.240234375,1.23046875,-0.17578125,-0.380859375
18507,1.220703125,1.1328125,-0.234375,-0.283203125
18508,1.2890625,1.25,-0.185546875,-0.390625
18509,1.181640625,1.220703125,-0.1171875,-0.361328125
18510,1.201171875,1.220703125,-0.205078125,-0.37109375
18511,1.201171875,1.279296875,-0.244140625,-0.3125
18512,1.15234375,1.103515625,-0.283203125,-0.3125
18513,1.23046875,1.240234375,-0.244140625,-0.3125
18514,1.171875,1.201171875,-0.283203125,-0.2734375
18515,1.15234375,1.240234375,-0.29296875,-0.498046875
18516,1.201171875,1.123046875,-0.25390625,-0.4296875
18517,1.15234375,1.181640625,-0.224609375,-0.244140625
18518,1.142578125,1.09375,-0.185546875,-0.322265625
18519,1.181640625,1.171875,-0.1953125,-0.361328125
18520,1.19140625,1.171875,-0.107421875,-0.41015625
18521,1.11328125,1.181640625,-0.234375,-0.498046875
18522,1.162109375,1.240234375,-0.09765625,-0.44921875
18523,1.11328125,1.15234375,-0.087890625,-0.361328125
18524,1.181640625,1.15234375,-0.166015625,-0.380859375
18525,1.220703125,1.064453125,-0.15625,-0.478515625
18526,1.19140625,1.171875,-0.361328125,-0.4296875
18527,1.044921875,1.11328125,-0.21484375,-0.498046875
18528,1.15234375,1.171875,-0.09765625,-0.380859375
18529,1.103515625,1.2109375,-0.21484375,-0.439453125
18530,1.15234375,1.1328125,-0.09765625,-0.15625
18531,1.181640625,1.025390625,-0.3515625,-0.5078125
18532,1.103515625,1.123046875,-0.3125,-0.33203125
18533,1.181640625,1.1328125,-0.263671875,-0.546875
18534,1.162109375,1.279296875,-0.21484375,-0.3125
18535,1.171875,0.966796875,-0.21484375,-0.400390625
18536,1.1328125,1.044921875,-0.263671875,-0.244140625
18537,1.240234375,1.07421875,-0.3125,-0.390625
18538,1.15234375,1.064453125,-0.2734375,-0.361328125
18539,0.986328125,1.201171875,-0.234375,-0.3515625
18540,1.11328125,1.064453125,-0.361328125,-0.2734375
18541,1.259765625,1.103515625,-0.3125,-0.361328125
18542,1.2109375,1.123046875,-0.234375,-0.3515625
18543,1.201171875,1.0546875,-0.29296875,-0.380859375
18544,1.357421875,1.07421875,-0.37109375,-0.33203125
18545,1.2890625,1.103515625,-0.244140625,-0.322265625
18546,1.2890625,1.07421875,-0.244140625,-0.3515625
18547,1.15234375,1.11328125,-0.3125,-0.33203125
18548,1.26953125,1.03515625,-0.29296875,-0.341796875
18549,1.240234375,0.9765625,-0.341796875,-0.419921875
18550,1.298828125,1.015625,-0.1953125,-0.322265625
18551,1.1328125,1.03515625,-0.234375,-0.3125
18552,1.259765625,1.103515625,-0.2734375,-0.400390625
18553,1.201171875,1.0546875,-0.361328125,-0.41015625
18554,1.279296875,1.015625,-0.2734375,-0.380859375
18555,1.2890625,1.005859375,-0.322265625,-0.21484375
18556,1.279296875,1.11328125,-0.166015625,-0.302734375
18557,1.171875,1.142578125,-0.3125,-0.205078125
18558,1.044921875,1.09375,-0.283203125,-0.322265625
18559,1.26953125,1.015625,-0.224609375,-0.390625
18560,1.30859375,0.9765625,-0.185546875,-0.419921875
18561,1.259765625,0.9765625,-0.302734375,-0.1953125
18562,1.25,0.9765625,-0.17578125,-0.33203125
18563,1.240234375,1.123046875,-0.29296875,-0.419921875
18564,1.25,0.986328125,-0.13671875,-0.400390625
18565,1.142578125,1.044921875,-0.234375,-0.1953125
18566,1.259765625,1.103515625,-0.185546875,-0.185546875
18567,1.240234375,1.044921875,-0.244140625,-0.3125
18568,1.259765625,1.083984375,-0.05859375,-0.361328125
18569,1.279296875,0.99609375,-0.1171875,-0.283203125
18570,1.23046875,1.103515625,-0.21484375,-0.205078125
18571,1.220703125,1.005859375,-0.25390625,-0.322265625
18572,1.142578125,1.044921875,-0.1953125,-0.37109375
18573,1.19140625,1.083984375,-0.244140625,-0.44921875
18574,1.162109375,1.015625,-0.15625,-0.2734375
18575,1.2109375,0.986328125,-0.126953125,-0.3125
18576,1.240234375,1.025390625,-0.13671875,-0.37109375
18577,1.2890625,1.03515625,-0.13671875,-0.29296875
18578,1.142578125,1.064453125,-0.15625,-0.146484375
18579,1.201171875,1.103515625,-0.078125,-0.322265625
18580,1.181640625,0.888671875,-0.2734375,-0.2734375
18581,1.181640625,1.07421875,-0.17578125,-0.15625
18582,1.19140625,1.015625,-0.146484375,-0.3515625
18583,1.162109375,1.025390625,-0.166015625,-0.322265625
18584,1.142578125,1.0546875,-0.126953125,-0.41015625
18585,1.298828125,0.95703125,-0.087890625,-0.244140625
18586,1.2109375,1.03515625,-0.29296875,-0.302734375
18587,1.220703125,1.005859375,-0.263671875,-0.302734375
18588,1.26953125,0.9765625,-0.263671875,-0.3125
18589,1.25,0.9765625,-0.302734375,-0.390625
18590,1.2109375,0.83984375,-0.3515625,-0.419921875
18591,1.2109375,0.95703125,-0.2734375,-0.234375
18592,1.240234375,0.947265625,-0.205078125,-0.322265625
18593,1.142578125,0.99609375,-0.146484375,-0.3515625
18594,1.220703125,1.015625,-0.33203125,-0.390625
18595,1.19140625,1.03515625,-0.2734375,-0.3125
18596,1.171875,1.015625,-0.185546875,-0.361328125
18597,1.181640625,1.015625,-0.244140625,-0.322265625
18598,1.09375,0.986328125,-0.25390625,-0.33203125
18599,1.181640625,0.9375,-0.205078125,-0.361328125
18600,1.03515625,1.064453125,-0.224609375,-0.33203125
18601,1.103515625,1.171875,-0.166015625,-0.322265625
18602,1.1328125,1.044921875,-0.21484375,-0.390625
18603,1.259765625,1.044921875,-0.166015625,-0.33203125
18604,1.103515625,1.064453125,-0.25390625,-0.41015625
18605,1.201171875,1.015625,-0.166015625,-0.3515625
18606,1.11328125,1.025390625,-0.302734375,-0.205078125
18607,1.103515625,0.947265625,-0.1953125,-0.341796875
18608,1.083984375,0.869140625,-0.15625,-0.3515625
18609,1.044921875,1.0546875,-0.1953125,-0.361328125
18610,1.181640625,0.9375,-0.185546875,-0.3125
18611,1.220703125,0.91796875,-0.341796875,-0.2734375
18612,1.201171875,1.0546875,-0.1953125,-0.41015625
18613,1.171875,1.123046875,-0.205078125,-0.341796875
18614,1.23046875,1.025390625,-0.185546875,-0.3515625
18615,1.279296875,0.9765625,-0.25390625,-0.1953125
18616,1.25,0.95703125,-0.3125,-0.341796875
18617,1.201171875,0.99609375,-0.244140625,-0.390625
18618,1.240234375,0.966796875,-0.33203125,-0.2734375
18619,1.171875,1.0546875,-0.3125,-0.3515625
18620,1.240234375,0.99609375,-0.17578125,-0.29296875
18621,1.19140625,1.03515625,-0.25390625,-0.3125
18622,1.240234375,0.87890625,-0.25390625,-0.29296875
18623,1.103515625,1.064453125,-0.224609375,-0.302734375
18624,1.23046875,0.986328125,-0.283203125,-0.1953125
18625,1.2109375,0.966796875,-0.322265625,-0.341796875
18626,1.23046875,0.8984375,-0.224609375,-0.3125
18627,1.19140625,1.005859375,-0.283203125,-0.302734375
18628,1.23046875,1.025390625,-0.146484375,-0.29296875
18629,1.123046875,0.8984375,-0.15625,-0.29296875
18630,1.240234375,0.966796875,-0.17578125,-0.1953125
18631,1.162109375,0.966796875,-0.361328125,-0.5078125
18632,1.171875,1.044921875,-0.283203125,-0.341796875
18633,1.1328125,1.015625,-0.2734375,-0.21484375
18634,1.25,1.064453125,-0.25390625,-0.234375
18635,1.19140625,1.005859375,-0.302734375,-0.2734375
18636,1.220703125,1.005859375,-0.2734375,-0.3515625
18637,1.083984375,1.03515625,-0.244140625,-0.166015625
18638,1.162109375,1.03515625,-0.17578125,-0.3125
18639,1.1328125,1.064453125,-0.205078125,-0.322265625
18640,1.09375,1.09375,-0.2734375,-0.439453125
18641,1.142578125,0.947265625,-0.17578125,-0.3125
18642,1.103515625,1.0546875,-0.146484375,-0.3125
18643,1.15234375,1.025390625,-0.2734375,-0.3515625
18644,1.171875,0.99609375,-0.17578125,-0.400390625
18645,1.162109375,1.083984375,-0.01953125,-0.302734375
18646,1.162109375,1.03515625,-0.185546875,-0.341796875
18647,1.220703125,1.015625,-0.234375,-0.3515625
18648,1.142578125,1.025390625,-0.3125,-0.244140625
18649,1.26953125,1.044921875,-0.13671875,-0.224609375
18650,1.142578125,1.11328125,-0.33203125,-0.341796875
18651,1.07421875,1.03515625,-0.126953125,-0.29296875
18652,1.2109375,1.044921875,-0.21484375,-0.283203125
18653,1.240234375,1.083984375,-0.21484375,-0.341796875
18654,1.2109375,0.986328125,-0.205078125,-0.263671875
18655,1.19140625,1.025390625,-0.33203125,-0.29296875
18656,1.171875,0.99609375,-0.25390625,-0.322265625
18657,1.25,1.044921875,-0.21484375,-0.234375
18658,1.15234375,1.015625,-0.17578125,-0.1953125
18659,1.171875,1.103515625,-0.1171875,-0.29296875
18660,1.15234375,1.19140625,-0.3125,-0.29296875
18661,1.162109375,1.142578125,-0.2734375,-0.37109375
18662,1.09375,1.083984375,-0.283203125,-0.400390625
18663,1.162109375,1.162109375,-0.17578125,-0.3125
18664,1.240234375,1.044921875,-0.2734375,-0.2734375
18665,1.26953125,1.103515625,-0.302734375,-0.25390625
18666,1.220703125,1.15234375,-0.21484375,-0.3125
18667,1.162109375,1.07421875,-0.2734375,-0.263671875
18668,1.162109375,1.0546875,-0.1953125,-0.244140625
18669,1.103515625,0.8203125,-0.25390625,-0.33203125
18670,1.19140625,1.11328125,-0.244140625,-0.25390625
18671,1.220703125,1.1328125,-0.205078125,-0.302734375
18672,1.083984375,1.103515625,-0.166015625,-0.25390625
18673,1.201171875,1.044921875,-0.283203125,-0.205078125
18674,1.171875,1.240234375,-0.244140625,-0.234375
18675,1.123046875,1.0546875,-0.1171875,-0.2734375
18676,1.171875,1.09375,-0.185546875,-0.15625
18677,1.181640625,1.044921875,-0.185546875,-0.185546875
18678,1.09375,1.083984375,-0.205078125,-0.1953125
18679,1.03515625,1.103515625,-0.21484375,-0.37109375
18680,1.220703125,1.171875,-0.283203125,-0.341796875
18681,1.2890625,1.07421875,-0.25390625,-0.244140625
18682,1.328125,1.025390625,-0.166015625,-0.302734375
18683,1.318359375,1.09375,-0.224609375,-0.17578125
18684,1.201171875,1.09375,-0.166015625,-0.4296875
18685,1.220703125,1.005859375,-0.25390625,-0.244140625
18686,1.240234375,1.025390625,-0.302734375,-0.185546875
18687,1.15234375,1.220703125,-0.322265625,-0.25390625
18688,1.25,1.0546875,-0.21484375,-0.634765625
18689,1.240234375,1.005859375,-0.341796875,-0.15625
18690,1.259765625,1.03515625,-0.263671875,-0.29296875
18691,1.19140625,1.103515625,-0.3125,-0.380859375
18692,1.142578125,1.064453125,-0.361328125,-0.224609375
18693,1.25,0.9765625,-0.13671875,-0.283203125
18694,1.142578125,1.015625,-0.439453125,-0.234375
18695,1.19140625,1.162109375,-0.263671875,-0.2734375
18696,1.171875,1.07421875,-0.244140625,-0.244140625
18697,1.220703125,1.09375,-0.341796875,-0.3125
18698,1.318359375,1.11328125,-0.263671875,-0.13671875
18699,1.23046875,1.064453125,-0.17578125,-0.166015625
18700,1.142578125,1.07421875,-0.37109375,-0.25390625
18701,1.201171875,1.064453125,-0.29296875,-0.224609375
18702,1.11328125,1.07421875,-0.3125,-0.25390625
18703,1.11328125,1.064453125,-0.234375,-0.09765625
18704,1.162109375,1.064453125,-0.322265625,-0.263671875
18705,1.181640625,1.005859375,-0.146484375,-0.185546875
18706,1.34765625,1.083984375,-0.283203125,-0.4296875
18707,1.171875,1.162109375,-0.1953125,-0.244140625
18708,1.201171875,1.103515625,-0.25390625,-0.1171875
18709,1.181640625,1.09375,-0.1171875,-0.234375
18710,1.26953125,1.015625,-0.400390625,-0.244140625
18711,1.171875,1.15234375,-0.263671875,-0.1953125
18712,1.220703125,1.083984375,-0.263671875,-0.234375
18713,1.11328125,1.09375,-0.263671875,-0.41015625
18714,1.240234375,1.15234375,-0.263671875,-0.25390625
18715,1.23046875,1.09375,-0.205078125,-0.185546875
18716,1.26953125,1.15234375,-0.224609375,-0.29296875
18717,1.279296875,1.30859375,-0.2734375,-0.25390625
18718,1.2109375,1.064453125,-0.244140625,-0.15625
18719,1.15234375,1.07421875,-0.234375,-0.1171875
18720,1.201171875,1.015625,-0.21484375,-0.25390625
18721,1.123046875,1.09375,-0.17578125,-0.15625
18722,1.07421875,1.083984375,-0.21484375,-0.1953125
18723,1.15234375,1.09375,-0.234375,-0.17578125
18724,1.1328125,1.2109375,-0.244140625,-0.224609375
18725,1.103515625,1.09375,-0.2734375,-0.1171875
18726,1.201171875,1.1328125,-0.224609375,-0.21484375
18727,1.03515625,1.09375,-0.107421875,-0.205078125
18728,1.337890625,1.0546875,-0.244140625,-0.1953125
18729,1.171875,1.083984375,-0.205078125,-0.341796875
18730,1.11328125,1.298828125,-0.224609375,-0.21484375
18731,1.15234375,1.064453125,-0.2734375,-0.2734375
18732,1.123046875,1.142578125,-0.21484375,-0.263671875
18733,1.064453125,1.3671875,-0.15625,-0.3125
18734,1.07421875,1.09375,-0.17578125,-0.3125
18735,1.19140625,1.25,-0.29296875,-0.29296875
18736,1.171875,1.142578125,-0.185546875,-0.283203125
18737,1.19140625,1.09375,-0.263671875,-0.244140625
18738,1.19140625,1.083984375,-0.17578125,-0.244140625
18739,1.11328125,1.1328125,-0.2734375,-0.205078125
18740,1.083984375,1.19140625,-0.1953125,-0.29296875
18741,1.07421875,1.162109375,-0.234375,-0.244140625
18742,1.123046875,1.07421875,-0.205078125,-0.322265625
18743,1.19140625,1.201171875,-0.322265625,-0.439453125
18744,1.19140625,1.103515625,-0.13671875,-0.126953125
18745,1.220703125,1.103515625,-0.302734375,-0.1953125
18746,0.9765625,1.044921875,0,-0.322265625
18747,1.2890625,1.1328125,-0.17578125,-0.1953125
18748,1.142578125,1.15234375,-0.0390625,-0.29296875
18749,1.123046875,1.162109375,-0.25390625,-0.302734375
18750,1.142578125,1.11328125,-0.146484375,-0.29296875
18751,1.201171875,1.2890625,-0.205078125,-0.3125
18752,1.181640625,1.171875,-0.126953125,-0.3125
18753,1.15234375,1.1328125,-0.234375,-0.33203125
18754,1.171875,1.11328125,-0.087890625,-0.2734375
18755,1.083984375,1.1328125,-0.283203125,-0.2734375
18756,1.240234375,1.142578125,-0.390625,-0.380859375
18757,1.220703125,1.11328125,-0.302734375,-0.390625
18758,1.201171875,1.11328125,-0.263671875,-0.21484375
18759,1.162109375,1.15234375,-0.234375,-0.341796875
18760,1.201171875,1.171875,-0.2734375,-0.185546875
18761,1.1328125,1.2109375,-0.361328125,-0.33203125
18762,1.2890625,1.1328125,-0.263671875,-0.302734375
18763,1.123046875,1.07421875,-0.185546875,-0.2734375
18764,1.181640625,1.044921875,-0.29296875,-0.263671875
18765,1.162109375,1.171875,-0.1953125,-0.4296875
18766,1.1328125,1.171875,-0.09765625,-0.322265625
18767,1.240234375,1.0546875,-0.078125,-0.21484375
18768,1.201171875,1.142578125,-0.29296875,-0.25390625
18769,1.2109375,1.181640625,-0.126953125,-0.341796875
18770,1.181640625,0.99609375,-0.33203125,-0.2734375
18771,1.220703125,1.171875,-0.21484375,-0.283203125
18772,1.181640625,1.23046875,-0.234375,-0.25390625
18773,1.103515625,1.19140625,-0.25390625,-0.283203125
18774,1.26953125,1.07421875,-0.1953125,-0.37109375
18775,1.201171875,1.123046875,-0.13671875,-0.302734375
18776,1.23046875,1.11328125,-0.1953125,-0.29296875
18777,1.1328125,1.23046875,-0.263671875,-0.33203125
18778,1.220703125,1.103515625,-0.15625,-0.37109375
18779,1.162109375,1.19140625,-0.078125,-0.29296875
18780,1.25,1.171875,-0.224609375,-0.21484375
18781,1.201171875,1.220703125,-0.17578125,-0.244140625
18782,1.171875,1.220703125,-0.244140625,-0.25390625
18783,1.279296875,1.201171875,-0.21484375,-0.146484375
18784,1.2109375,1.064453125,-0.205078125,-0.3125
18785,1.259765625,1.142578125,-0.322265625,-0.29296875
18786,1.142578125,1.30859375,-0.166015625,-0.244140625
18787,1.15234375,1.23046875,-0.146484375,-0.29296875
18788,1.201171875,1.1328125,-0.341796875,-0.302734375
18789,1.171875,1.23046875,-0.17578125,-0.224609375
18790,1.240234375,1.1328125,-0.234375,-0.29296875
18791,1.1328125,1.142578125,-0.205078125,-0.341796875
18792,1.201171875,1.220703125,-0.09765625,-0.05859375
18793,1.240234375,1.435546875,-0.244140625,-0.2734375
18794,1.171875,1.19140625,-0.17578125,-0.29296875
18795,1.259765625,1.2109375,-0.302734375,-0.205078125
18796,1.2109375,1.38671875,-0.29296875,-0.185546875
18797,1.162109375,1.25,-0.263671875,-0.302734375
18798,1.142578125,1.201171875,-0.341796875,-0.263671875
18799,1.162109375,1.201171875,-0.283203125,-0.33203125
18800,1.11328125,1.279296875,-0.283203125,-0.283203125
18801,1.201171875,1.103515625,-0.322265625,-0.341796875
18802,1.1328125,1.34765625,-0.234375,-0.1171875
18803,1.103515625,1.220703125,-0.205078125,-0.302734375
18804,1.15234375,1.181640625,-0.25390625,-0.380859375
18805,1.220703125,1.162109375,-0.37109375,-0.13671875
18806,1.25,1.19140625,-0.29296875,-0.17578125
18807,1.201171875,1.240234375,-0.37109375,-0.3515625
18808,1.259765625,1.23046875,-0.205078125,-0.33203125
18809,1.19140625,1.376953125,-0.41015625,-0.322265625
18810,1.318359375,1.15234375,-0.3515625,-0.224609375
18811,1.0546875,1.025390625,-0.244140625,-0.283203125
18812,1.181640625,1.19140625,-0.3125,-0.3125
18813,1.19140625,1.19140625,-0.224609375,-0.302734375
18814,1.2109375,1.162109375,-0.322265625,-0.400390625
18815,1.19140625,1.07421875,-0.2734375,-0.2734375
18816,1.181640625,1.2109375,-0.390625,-0.185546875
18817,1.201171875,1.2109375,-0.2734375,-0.25390625
18818,1.181640625,1.240234375,-0.25390625,-0.341796875
18819,1.220703125,1.181640625,-0.1953125,-0.380859375
18820,1.1328125,1.26953125,-0.25390625,-0.478515625
18821,1.103515625,1.162109375,-0.322265625,-0.322265625
18822,1.201171875,1.142578125,-0.341796875,-0.3125
18823,1.181640625,1.103515625,-0.3125,-0.3125
18824,1.201171875,1.259765625,-0.2734375,-0.2734375
18825,1.162109375,1.19140625,-0.205078125,-0.25390625
18826,1.142578125,1.162109375,-0.21484375,-0.25390625
18827,1.19140625,1.337890625,-0.244140625,-0.25390625
18828,1.40625,1.171875,-0.380859375,-0.37109375
18829,1.19140625,1.171875,-0.185546875,-0.224609375
18830,1.171875,1.15234375,-0.341796875,-0.21484375
18831,1.25,1.171875,-0.17578125,-0.3125
18832,1.201171875,1.0546875,-0.244140625,-0.283203125
18833,1.318359375,1.19140625,-0.33203125,-0.3515625
18834,1.19140625,1.2109375,-0.15625,-0.341796875
18835,1.162109375,1.171875,-0.25390625,-0.48828125
18836,1.298828125,1.240234375,-0.17578125,-0.29296875
18837,1.19140625,1.123046875,-0.283203125,-0.244140625
18838,1.083984375,1.26953125,-0.25390625,-0.361328125
18839,1.064453125,1.2109375,-0.2734375,-0.29296875
18840,1.25,1.318359375,-0.283203125,-0.29296875
18841,1.2109375,1.2890625,-0.17578125,-0.41015625
18842,1.171875,1.064453125,-0.185546875,-0.1953125
18843,1.26953125,1.259765625,-0.302734375,-0.322265625
18844,1.328125,1.162109375,-0.25390625,-0.224609375
18845,1.2890625,0.99609375,-0.25390625,-0.33203125
18846,1.3671875,1.07421875,-0.1953125,-0.302734375
18847,1.220703125,1.025390625,-0.263671875,-0.244140625
18848,1.26953125,1.279296875,-0.25390625,-0.302734375
18849,1.259765625,1.19140625,-0.283203125,-0.2734375
18850,1.25,1.19140625,-0.21484375,-0.15625
18851,1.259765625,1.220703125,-0.205078125,-0.29296875
18852,1.279296875,1.181640625,-0.126953125,-0.322265625
18853,1.416015625,1.19140625,-0.21484375,-0.33203125
18854,1.259765625,1.34765625,-0.126953125,-0.302734375
18855,1.328125,1.298828125,-0.25390625,-0.283203125
18856,1.201171875,1.34765625,-0.361328125,-0.390625
18857,1.220703125,1.26953125,-0.205078125,-0.33203125
18858,1.201171875,1.279296875,-0.263671875,-0.29296875
18859,1.3671875,1.328125,-0.234375,-0.3125
18860,1.26953125,1.201171875,-0.21484375,-0.205078125
18861,1.2109375,1.1328125,-0.1171875,-0.2734375
18862,1.34765625,1.279296875,-0.13671875,-0.37109375
18863,1.298828125,1.25,-0.3125,-0.322265625
18864,1.259765625,1.240234375,-0.29296875,-0.29296875
18865,1.279296875,1.25,-0.302734375,-0.44921875
18866,1.298828125,1.23046875,-0.283203125,-0.33203125
18867,1.15234375,1.2890625,-0.087890625,-0.361328125
18868,1.337890625,1.298828125,-0.205078125,-0.380859375
18869,1.279296875,1.318359375,-0.33203125,-0.3515625
18870,1.23046875,1.30859375,-0.25390625,-0.25390625
18871,1.337890625,1.259765625,-0.361328125,-0.29296875
18872,1.376953125,1.23046875,-0.2734375,-0.2734375
18873,1.26953125,1.30859375,-0.234375,-0.302734375
18874,1.25,1.220703125,-0.263671875,-0.44921875
18875,1.240234375,1.240234375,-0.0390625,-0.478515625
18876,1.19140625,1.25,-0.166015625,-0.33203125
18877,1.25,1.26953125,-0.078125,-0.263671875
18878,1.171875,1.279296875,-0.21484375,-0.4296875
18879,1.259765625,1.26953125,-0.17578125,-0.439453125
18880,1.181640625,1.259765625,-0.3125,-0.3125
18881,1.25,1.162109375,-0.283203125,-0.263671875
18882,1.298828125,1.259765625,-0.3125,-0.37109375
18883,1.181640625,1.2109375,-0.166015625,-0.302734375
18884,1.259765625,1.181640625,-0.29296875,-0.44921875
18885,1.23046875,1.23046875,-0.3125,-0.4296875
18886,1.2109375,1.220703125,-0.185546875,-0.41015625
18887,1.181640625,1.25,-0.21484375,-0.126953125
18888,1.328125,1.171875,-0.322265625,-0.244140625
18889,1.337890625,1.162109375,-0.224609375,-0.390625
18890,1.3671875,1.220703125,-0.224609375,-0.29296875
18891,1.2890625,1.240234375,-0.322265625,-0.361328125
18892,1.298828125,1.083984375,-0.263671875,-0.283203125
18893,1.298828125,1.201171875,-0.234375,-0.380859375
18894,1.30859375,1.259765625,-0.29296875,-0.361328125
18895,1.26953125,1.328125,-0.13671875,-0.33203125
18896,1.357421875,1.19140625,-0.21484375,-0.224609375
18897,1.46484375,1.123046875,-0.244140625,-0.3515625
18898,1.279296875,1.181640625,-0.25390625,-0.341796875
18899,1.34765625,1.0546875,-0.15625,-0.37109375
18900,1.26953125,1.279296875,-0.244140625,-0.390625
18901,1.240234375,1.23046875,-0.17578125,-0.439453125
18902,1.357421875,1.142578125,-0.17578125,-0.33203125
18903,1.279296875,1.376953125,-0.15625,-0.29296875
18904,1.2109375,1.42578125,-0.185546875,-0.341796875
18905,1.2890625,1.259765625,-0.21484375,-0.29296875
18906,1.123046875,1.337890625,-0.341796875,-0.302734375
18907,1.181640625,1.15234375,-0.37109375,-0.322265625
18908,1.201171875,1.220703125,-0.322265625,-0.283203125
18909,1.328125,1.015625,-0.2734375,-0.4296875
18910,1.25,1.376953125,-0.341796875,-0.302734375
18911,1.181640625,1.15234375,-0.302734375,-0.283203125
18912,1.279296875,1.259765625,-0.3125,-0.33203125
18913,1.181640625,1.201171875,-0.33203125,-0.33203125
18914,1.19140625,1.23046875,-0.302734375,-0.234375
18915,1.11328125,1.09375,-0.2734375,-0.302734375
18916,1.240234375,1.181640625,-0.263671875,-0.33203125
18917,1.3671875,1.25,-0.1953125,-0.3515625
18918,1.19140625,1.15234375,-0.29296875,-0.322265625
18919,1.2890625,1.1328125,-0.322265625,-0.37109375
18920,1.220703125,1.181640625,-0.234375,-0.41015625
18921,1.201171875,1.2109375,-0.185546875,-0.302734375
18922,1.2109375,1.220703125,-0.3125,-0.41015625
18923,1.1328125,1.103515625,-0.21484375,-0.234375
18924,1.240234375,1.201171875,-0.17578125,-0.400390625
18925,1.15234375,1.19140625,-0.1953125,-0.41015625
18926,1.2109375,1.220703125,-0.21484375,-0.419921875
18927,1.259765625,1.07421875,-0.1171875,-0.44921875
18928,1.142578125,1.142578125,-0.048828125,-0.4296875
18929,1.2109375,1.19140625,-0.205078125,-0.46875
18930,1.142578125,1.171875,-0.126953125,-0.546875
18931,1.162109375,1.201171875,-0.15625,-0.44921875
18932,1.220703125,1.2109375,-0.126953125,-0.37109375
18933,1.220703125,1.2109375,-0.166015625,-0.3125
18934,1.19140625,1.123046875,-0.224609375,-0.341796875
18935,1.220703125,1.142578125,-0.302734375,-0.33203125
18936,1.259765625,1.259765625,-0.224609375,-0.29296875
18937,1.2109375,1.09375,-0.29296875,-0.46875
18938,1.220703125,1.171875,-0.166015625,-0.44921875
18939,1.181640625,1.259765625,-0.244140625,-0.17578125
18940,1.279296875,1.279296875,-0.29296875,-0.37109375
18941,1.220703125,1.201171875,-0.302734375,-0.361328125
18942,1.162109375,1.15234375,-0.166015625,-0.5078125
18943,1.162109375,1.19140625,-0.25390625,-0.4296875
18944,1.240234375,1.19140625,-0.224609375,-0.419921875
18945,1.26953125,1.162109375,-0.244140625,-0.478515625
18946,1.181640625,1.1328125,-0.21484375,-0.390625
18947,1.142578125,1.23046875,-0.087890625,-0.29296875
18948,1.162109375,1.181640625,-0.322265625,-0.37109375
18949,1.162109375,1.19140625,-0.185546875,-0.439453125
18950,1.201171875,1.15234375,-0.2734375,-0.3515625
18951,1.2109375,1.19140625,-0.15625,-0.283203125
18952,1.19140625,1.23046875,-0.3125,-0.44921875
18953,1.083984375,1.15234375,-0.17578125,-0.2734375
18954,1.181640625,1.181640625,-0.146484375,-0.48828125
18955,1.201171875,1.19140625,-0.17578125,-0.380859375
18956,1.2109375,1.279296875,-0.1171875,-0.341796875
18957,1.162109375,1.083984375,-0.087890625,-0.29296875
18958,1.23046875,1.09375,-0.25390625,-0.361328125
18959,1.25,1.005859375,-0.1171875,-0.3515625
18960,1.103515625,1.23046875,-0.205078125,-0.3515625
18961,1.2109375,1.1328125,-0.166015625,-0.380859375
18962,1.171875,1.09375,-0.21484375,-0.3515625
18963,1.162109375,1.162109375,-0.263671875,-0.33203125
18964,1.1328125,1.07421875,-0.21484375,-0.341796875
18965,1.25,1.1328125,-0.234375,-0.419921875
18966,1.2890625,1.201171875,-0.21484375,-0.3125
18967,1.23046875,1.23046875,-0.21484375,-0.439453125
18968,1.123046875,1.015625,-0.283203125,-0.361328125
18969,1.26953125,1.181640625,-0.224609375,-0.25390625
18970,1.25,1.181640625,-0.263671875,-0.302734375
18971,1.220703125,1.044921875,-0.2734375,-0.390625
18972,1.201171875,1.11328125,-0.146484375,-0.439453125
18973,1.171875,0.95703125,-0.244140625,-0.4296875
18974,1.220703125,1.044921875,-0.244140625,-0.380859375
18975,1.19140625,1.19140625,-0.263671875,-0.419921875
18976,1.201171875,1.15234375,-0.25390625,-0.44921875
18977,1.2890625,0.8984375,-0.224609375,-0.41015625
18978,1.181640625,1.03515625,-0.234375,-0.400390625
18979,1.30859375,1.09375,-0.1953125,-0.44921875
18980,1.171875,1.005859375,-0.21484375,-0.302734375
18981,1.337890625,0.947265625,-0.166015625,-0.224609375
18982,1.259765625,1.044921875,-0.234375,-0.3515625
18983,1.240234375,0.986328125,-0.126953125,-0.4296875
18984,1.1328125,1.025390625,-0.205078125,-0.361328125
18985,1.25,1.11328125,-0.1953125,-0.380859375
18986,1.26953125,0.986328125,-0.234375,-0.37109375
18987,1.30859375,1.09375,-0.263671875,-0.33203125
18988,1.181640625,1.07421875,-0.126953125,-0.2734375
18989,1.2890625,1.142578125,-0.21484375,-0.390625
18990,1.162109375,0.95703125,-0.25390625,-0.361328125
18991,1.220703125,0.8984375,-0.224609375,-0.15625
18992,1.2109375,0.869140625,-0.283203125,-0.21484375
18993,1.171875,0.99609375,-0.244140625,-0.302734375
18994,1.26953125,1.025390625,-0.166015625,-0.380859375
18995,1.19140625,1.07421875,-0.15625,-0.37109375
18996,1.220703125,0.927734375,-0.302734375,-0.33203125
18997,1.201171875,0.966796875,-0.205078125,-0.283203125
18998,1.220703125,0.986328125,-0.15625,-0.263671875
18999,1.3671875,0.966796875,-0.25390625,-0.283203125
19000,1.2109375,1.03515625,-0.1953125,-0.29296875
19001,1.2109375,0.8984375,-0.302734375,-0.37109375
19002,1.220703125,1.005859375,-0.1171875,-0.29296875
19003,1.123046875,0.9375,-0.33203125,-0.21484375
19004,1.201171875,0.9375,-0.33203125,-0.302734375
19005,1.2890625,0.966796875,-0.17578125,-0.3515625
19006,1.240234375,0.986328125,-0.205078125,-0.2734375
19007,1.19140625,1.025390625,-0.244140625,-0.33203125
19008,1.123046875,1.123046875,-0.107421875,-0.302734375
19009,1.25,1.064453125,-0.1953125,-0.302734375
19010,1.220703125,0.95703125,-0.244140625,-0.244140625
19011,1.171875,1.09375,-0.25390625,-0.29296875
19012,1.318359375,0.986328125,-0.263671875,-0.390625
19013,1.25,1.0546875,-0.205078125,-0.1953125
19014,1.07421875,1.044921875,-0.234375,-0.3515625
19015,1.201171875,1.005859375,-0.13671875,-0.322265625
19016,1.220703125,0.966796875,-0.17578125,-0.322265625
19017,1.064453125,1.2109375,-0.263671875,-0.3125
19018,1.259765625,1.005859375,-0.322265625,-0.361328125
19019,1.2109375,1.03515625,-0.25390625,-0.37109375
19020,1.15234375,0.966796875,-0.224609375,-0.283203125
19021,1.181640625,0.9765625,-0.400390625,-0.3515625
19022,1.162109375,1.064453125,-0.1953125,-0.302734375
19023,1.123046875,0.99609375,-0.166015625,-0.33203125
19024,1.220703125,1.03515625,-0.244140625,-0.3125
19025,1.162109375,0.9765625,-0.205078125,-0.322265625
19026,1.25,0.849609375,-0.2734375,-0.37109375
19027,1.103515625,1.044921875,-0.3125,-0.263671875
19028,1.171875,0.927734375,-0.17578125,-0.29296875
19029,1.123046875,0.9765625,-0.25390625,-0.33203125
19030,1.044921875,0.927734375,-0.185546875,-0.2734375
19031,1.240234375,1.07421875,-0.29296875,-0.087890625
19032,1.162109375,1.162109375,-0.205078125,-0.390625
19033,1.03515625,1.09375,-0.263671875,-0.478515625
19034,1.11328125,1.064453125,-0.263671875,-0.263671875
19035,1.142578125,1.015625,-0.244140625,-0.33203125
19036,1.142578125,1.03515625,-0.146484375,-0.234375
19037,1.142578125,1.005859375,-0.205078125,-0.3125
19038,1.142578125,0.9765625,-0.244140625,-0.361328125
19039,1.181640625,1.064453125,-0.2734375,-0.41015625
19040,1.083984375,0.95703125,-0.244140625,-0.21484375
19041,1.09375,1.0546875,-0.29296875,-0.29296875
19042,1.19140625,1.064453125,-0.166015625,-0.234375
19043,1.2109375,1.044921875,-0.166015625,-0.25390625
19044,1.171875,0.966796875,-0.21484375,-0.33203125
19045,1.181640625,1.03515625,-0.1953125,-0.361328125
19046,1.240234375,1.025390625,-0.33203125,-0.341796875
19047,1.220703125,1.0546875,-0.29296875,-0.341796875
19048,1.1328125,1.044921875,-0.29296875,-0.390625
19049,1.240234375,0.9375,-0.17578125,-0.1953125
19050,1.2109375,1.005859375,-0.263671875,-0.322265625
19051,1.181640625,1.11328125,-0.126953125,-0.17578125
19052,1.201171875,1.123046875,-0.224609375,-0.341796875
19053,1.259765625,0.859375,-0.302734375,-0.283203125
19054,1.09375,0.99609375,-0.244140625,-0.419921875
19055,1.19140625,0.9765625,-0.341796875,-0.283203125
19056,1.09375,1.025390625,-0.21484375,-0.29296875
19057,1.19140625,0.99609375,-0.29296875,-0.078125
19058,1.181640625,1.015625,-0.244140625,-0.234375
19059,1.123046875,1.1328125,-0.15625,-0.234375
19060,1.03515625,1.044921875,-0.146484375,-0.263671875
19061,1.162109375,1.015625,-0.09765625,-0.244140625
19062,1.123046875,0.888671875,-0.1953125,-0.244140625
19063,1.083984375,1.064453125,-0.234375,-0.33203125
19064,1.083984375,1.142578125,-0.15625,-0.46875
19065,1.162109375,1.09375,-0.166015625,-0.341796875
19066,1.103515625,1.0546875,-0.185546875,-0.126953125
19067,1.1328125,1.044921875,-0.25390625,-0.166015625
19068,1.279296875,1.044921875,-0.3125,-0.234375
19069,1.240234375,1.064453125,-0.37109375,-0.302734375
19070,1.11328125,0.9765625,-0.234375,-0.17578125
19071,1.181640625,1.15234375,-0.1953125,-0.263671875
19072,1.19140625,1.03515625,-0.3125,-0.29296875
19073,1.162109375,1.005859375,-0.205078125,-0.302734375
19074,1.181640625,1.07421875,-0.224609375,-0.29296875
19075,1.123046875,1.03515625,-0.205078125,-0.302734375
19076,1.11328125,1.064453125,-0.126953125,-0.224609375
19077,1.25,1.015625,-0.205078125,-0.322265625
19078,1.123046875,1.044921875,-0.126953125,-0.283203125
19079,1.2890625,1.07421875,-0.1171875,-0.126953125
19080,1.005859375,1.025390625,-0.21484375,-0.263671875
19081,1.181640625,1.162109375,-0.21484375,-0.341796875
19082,1.123046875,1.064453125,-0.21484375,-0.25390625
19083,1.220703125,1.201171875,-0.15625,-0.263671875
19084,1.162109375,1.0546875,-0.107421875,-0.2734375
19085,1.357421875,0.986328125,-0.17578125,-0.546875
19086,1.162109375,1.03515625,-0.166015625,-0.302734375
19087,1.2890625,1.123046875,-0.146484375,-0.29296875
19088,1.11328125,1.171875,-0.2734375,-0.41015625
19089,1.220703125,1.025390625,-0.263671875,-0.380859375
19090,1.26953125,1.142578125,-0.244140625,-0.341796875
19091,1.26953125,1.064453125,-0.25390625,-0.341796875
19092,1.171875,1.025390625,-0.1953125,-0.33203125
19093,1.201171875,1.064453125,-0.205078125,-0.2734375
19094,1.2109375,1.15234375,-0.419921875,-0.458984375
19095,1.07421875,1.044921875,-0.3125,-0.234375
19096,1.083984375,1.025390625,-0.322265625,-0.380859375
19097,1.03515625,1.083984375,-0.224609375,-0.37109375
19098,1.19140625,1.1328125,-0.244140625,-0.13671875
19099,1.07421875,0.87890625,-0.263671875,-0.224609375
19100,1.162109375,1.103515625,-0.322265625,-0.17578125
19101,1.171875,1.123046875,-0.25390625,-0.126953125
19102,1.201171875,1.044921875,-0.166015625,-0.322265625
19103,1.181640625,1.15234375,-0.146484375,-0.537109375
19104,1.083984375,1.0546875,-0.13671875,-0.185546875
19105,1.1328125,1.064453125,-0.107421875,-0.224609375
19106,1.103515625,1.07421875,-0.244140625,-0.234375
19107,1.171875,1.0546875,-0.244140625,-0.263671875
19108,1.2109375,1.025390625,-0.234375,-0.263671875
19109,1.19140625,1.09375,-0.087890625,-0.29296875
19110,1.142578125,1.09375,-0.17578125,-0.458984375
19111,1.162109375,1.005859375,-0.13671875,-0.263671875
19112,1.26953125,1.11328125,-0.146484375,-0.17578125
19113,1.171875,1.0546875,-0.205078125,-0.09765625
19114,1.19140625,1.044921875,-0.361328125,-0.25390625
19115,1.259765625,1.083984375,-0.224609375,-0.302734375
19116,1.220703125,1.015625,-0.224609375,-0.419921875
19117,1.25,1.015625,-0.322265625,-0.29296875
19118,1.142578125,1.09375,-0.302734375,-0.33203125
19119,1.11328125,1.142578125,-0.322265625,-0.25390625
19120,1.259765625,1.03515625,-0.21484375,-0.185546875
19121,1.123046875,1.044921875,-0.244140625,-0.2734375
19122,1.19140625,1.09375,-0.3125,-0.263671875
19123,1.19140625,1.1328125,-0.302734375,-0.263671875
19124,1.26953125,1.07421875,-0.25390625,-0.25390625
19125,1.201171875,0.9765625,-0.322265625,-0.341796875
19126,1.26953125,1.1328125,-0.380859375,-0.390625
19127,1.162109375,1.03515625,-0.224609375,-0.234375
19128,1.201171875,1.064453125,-0.302734375,-0.400390625
19129,1.171875,1.142578125,-0.361328125,-0.3515625
19130,1.279296875,0.888671875,-0.341796875,-0.322265625
19131,1.181640625,1.07421875,-0.244140625,-0.087890625
19132,1.19140625,1.09375,-0.263671875,-0.224609375
19133,1.26953125,1.015625,-0.302734375,-0.25390625
19134,1.162109375,1.162109375,-0.2734375,-0.263671875
19135,1.19140625,1.015625,-0.37109375,-0.244140625
19136,1.19140625,0.986328125,-0.25390625,-0.263671875
19137,1.15234375,1.09375,-0.380859375,-0.234375
19138,1.1328125,1.0546875,-0.244140625,-0.2734375
19139,1.201171875,0.810546875,-0.263671875,-0.380859375
19140,1.11328125,1.09375,-0.2734375,-0.33203125
19141,1.259765625,1.201171875,-0.2734375,-0.1953125
19142,1.103515625,1.07421875,-0.3125,-0.234375
19143,1.171875,1.1328125,-0.244140625,-0.21484375
19144,1.23046875,1.09375,-0.15625,-0.33203125
19145,1.11328125,1.044921875,-0.283203125,-0.2734375
19146,1.201171875,1.03515625,-0.205078125,-0.166015625
19147,1.279296875,1.240234375,-0.234375,-0.2734375
19148,1.220703125,1.044921875,-0.234375,-0.2734375
19149,1.25,1.03515625,-0.1953125,-0.1953125
19150,1.19140625,1.142578125,-0.224609375,-0.1953125
19151,1.19140625,0.966796875,-0.244140625,-0.244140625
19152,1.083984375,1.123046875,-0.13671875,-0.263671875
19153,1.181640625,1.03515625,-0.234375,-0.205078125
19154,1.15234375,0.99609375,-0.146484375,-0.224609375
19155,1.044921875,1.064453125,-0.234375,0.05859375
19156,1.181640625,1.0546875,-0.2734375,-0.263671875
19157,1.23046875,0.99609375,-0.234375,-0.283203125
19158,1.1328125,1.064453125,-0.263671875,-0.185546875
19159,1.25,1.09375,-0.25390625,-0.21484375
19160,1.11328125,1.2109375,-0.17578125,-0.33203125
19161,1.142578125,1.15234375,-0.21484375,-0.244140625
19162,1.1328125,1.23046875,-0.107421875,-0.234375
19163,1.181640625,1.07421875,-0.3125,-0.244140625
19164,1.2890625,1.083984375,-0.205078125,-0.263671875
19165,1.103515625,1.162109375,-0.234375,-0.224609375
19166,1.19140625,1.0546875,-0.078125,-0.1953125
19167,1.201171875,1.103515625,-0.185546875,-0.390625
19168,1.2109375,1.328125,-0.1953125,-0.302734375
19169,1.162109375,1.15234375,-0.166015625,-0.263671875
19170,1.1328125,1.1328125,-0.21484375,-0.234375
19171,1.142578125,1.171875,-0.244140625,-0.302734375
19172,1.171875,1.103515625,-0.146484375,-0.2734375
19173,1.142578125,1.15234375,-0.13671875,-0.29296875
19174,1.015625,1.171875,-0.15625,-0.205078125
19175,1.15234375,1.23046875,-0.166015625,-0.380859375
19176,1.220703125,1.07421875,-0.15625,-0.3515625
19177,1.19140625,1.162109375,-0.21484375,-0.33203125
19178,1.083984375,1.07421875,-0.302734375,-0.1171875
19179,1.171875,1.162109375,-0.126953125,-0.13671875
19180,1.171875,1.171875,-0.13671875,-0.234375
19181,1.23046875,0.986328125,-0.322265625,-0.341796875
19182,1.15234375,1.142578125,-0.3125,-0.283203125
19183,1.25,1.2890625,-0.15625,-0.263671875
19184,1.259765625,1.11328125,-0.234375,-0.224609375
19185,1.259765625,1.19140625,-0.37109375,-0.224609375
19186,1.181640625,1.123046875,-0.185546875,-0.439453125
19187,1.201171875,1.09375,-0.205078125,-0.263671875
19188,1.23046875,1.240234375,-0.09765625,-0.234375
19189,1.181640625,1.15234375,-0.1953125,-0.25390625
19190,1.103515625,1.23046875,-0.25390625,-0.29296875
19191,1.2109375,1.123046875,-0.087890625,-0.283203125
19192,1.181640625,1.171875,-0.1171875,-0.33203125
19193,1.19140625,1.09375,-0.205078125,-0.283203125
19194,1.298828125,1.064453125,-0.224609375,-0.2734375
19195,1.19140625,1.162109375,-0.361328125,-0.29296875
19196,1.25,1.123046875,-0.1953125,-0.29296875
19197,1.103515625,0.986328125,-0.283203125,-0.3125
19198,1.2109375,1.19140625,-0.17578125,-0.15625
19199,1.142578125,1.25,-0.361328125,-0.3125
19200,1.220703125,1.162109375,-0.1953125,-0.283203125
19201,1.279296875,1.1328125,-0.166015625,-0.302734375
19202,1.240234375,1.376953125,-0.2734375,-0.25390625
19203,1.240234375,1.240234375,-0.322265625,-0.302734375
19204,1.19140625,1.09375,-0.3125,-0.48828125
19205,1.201171875,1.103515625,-0.2734375,-0.25390625
19206,1.19140625,1.142578125,-0.263671875,-0.33203125
19207,1.162109375,1.15234375,-0.341796875,-0.302734375
19208,1.181640625,1.259765625,-0.1171875,-0.37109375
19209,1.25,1.201171875,-0.15625,-0.341796875
19210,1.171875,1.240234375,-0.126953125,-0.3125
19211,1.142578125,1.162109375,-0.283203125,-0.3515625
19212,1.2109375,1.123046875,-0.25390625,-0.302734375
19213,1.220703125,1.15234375,-0.263671875,-0.41015625
19214,1.083984375,1.11328125,-0.1171875,-0.322265625
19215,1.142578125,1.25,-0.107421875,-0.25390625
19216,1.044921875,1.1328125,-0.146484375,-0.263671875
19217,1.15234375,1.23046875,-0.1953125,-0.263671875
19218,1.19140625,0.947265625,-0.087890625,-0.37109375
19219,1.162109375,1.162109375,-0.263671875,-0.390625
19220,1.123046875,1.15234375,-0.17578125,-0.2734375
19221,1.064453125,1.201171875,-0.15625,-0.224609375
19222,1.2109375,1.2109375,-0.166015625,-0.361328125
19223,1.123046875,1.1328125,-0.1953125,-0.302734375
19224,1.240234375,1.025390625,-0.224609375,-0.244140625
19225,1.19140625,1.201171875,-0.283203125,-0.1953125
19226,1.240234375,1.103515625,-0.263671875,-0.29296875
19227,1.181640625,1.25,-0.37109375,-0.166015625
19228,1.201171875,1.181640625,-0.322265625,-0.3125
19229,1.201171875,1.142578125,-0.185546875,-0.21484375
19230,1.201171875,1.1328125,-0.37109375,-0.3515625
19231,1.1328125,1.2109375,-0.4296875,-0.1171875
19232,1.201171875,1.19140625,-0.3515625,-0.29296875
19233,1.240234375,1.201171875,-0.41015625,-0.244140625
19234,1.2109375,1.162109375,-0.3515625,-0.17578125
19235,1.220703125,1.220703125,-0.2734375,-0.13671875
19236,1.201171875,1.162109375,-0.400390625,-0.2734375
19237,1.11328125,1.162109375,-0.234375,-0.361328125
19238,1.19140625,1.09375,-0.234375,-0.33203125
19239,1.201171875,1.181640625,-0.21484375,-0.3125
19240,1.162109375,1.240234375,-0.205078125,-0.322265625
19241,1.0546875,1.220703125,-0.29296875,-0.322265625
19242,1.23046875,1.162109375,-0.33203125,-0.322265625
19243,1.201171875,1.181640625,-0.2734375,-0.302734375
19244,1.2109375,1.25,-0.283203125,-0.439453125
19245,1.2109375,1.15234375,-0.341796875,-0.341796875
19246,1.171875,1.2109375,-0.1953125,-0.21484375
19247,1.25,1.279296875,-0.17578125,-0.302734375
19248,1.162109375,1.23046875,-0.263671875,-0.1953125
19249,1.15234375,1.201171875,-0.29296875,-0.263671875
19250,1.15234375,1.19140625,-0.302734375,-0.224609375
19251,1.181640625,1.376953125,-0.25390625,-0.15625
19252,1.171875,1.064453125,-0.29296875,-0.2734375
19253,1.1328125,1.259765625,-0.234375,-0.21484375
19254,1.09375,1.142578125,-0.302734375,-0.3125
19255,1.201171875,1.318359375,-0.322265625,-0.302734375
19256,1.171875,1.1328125,-0.283203125,-0.29296875
19257,1.201171875,1.123046875,-0.1953125,-0.25390625
19258,1.123046875,1.19140625,-0.17578125,-0.33203125
19259,1.123046875,1.15234375,-0.205078125,-0.37109375
19260,1.298828125,1.171875,-0.244140625,-0.224609375
19261,1.162109375,1.2890625,-0.205078125,-0.283203125
19262,1.25,1.220703125,-0.17578125,-0.2734375
19263,1.279296875,1.23046875,-0.126953125,-0.37109375
19264,1.15234375,1.23046875,-0.234375,-0.29296875
19265,1.2109375,1.162109375,-0.185546875,-0.29296875
19266,1.181640625,1.220703125,-0.25390625,-0.302734375
19267,1.201171875,1.25,-0.205078125,-0.244140625
19268,1.23046875,1.220703125,-0.234375,-0.361328125
19269,1.201171875,1.42578125,-0.302734375,-0.361328125
19270,1.064453125,1.40625,-0.283203125,-0.29296875
19271,1.19140625,1.220703125,-0.3125,-0.37109375
19272,1.279296875,1.15234375,-0.234375,-0.37109375
19273,1.142578125,1.2109375,-0.224609375,-0.29296875
19274,1.2109375,1.240234375,-0.2734375,-0.41015625
19275,1.25,1.23046875,-0.244140625,-0.380859375
19276,1.201171875,1.171875,-0.283203125,-0.224609375
19277,1.19140625,1.23046875,-0.224609375,-0.37109375
19278,1.19140625,1.083984375,-0.302734375,-0.3125
19279,1.23046875,1.2109375,-0.263671875,-0.3515625
19280,1.298828125,1.26953125,-0.33203125,-0.458984375
19281,1.328125,1.171875,-0.21484375,-0.439453125
19282,1.25,1.34765625,-0.25390625,-0.283203125
19283,1.318359375,1.23046875,-0.244140625,-0.380859375
19284,1.25,1.318359375,-0.234375,-0.419921875
19285,1.171875,1.181640625,-0.185546875,-0.380859375
19286,1.201171875,1.259765625,-0.185546875,-0.3515625
19287,1.25,1.15234375,-0.302734375,-0.146484375
19288,1.220703125,1.162109375,-0.3125,-0.322265625
19289,1.259765625,1.220703125,-0.15625,-0.537109375
19290,1.15234375,1.083984375,-0.283203125,-0.341796875
19291,1.34765625,1.240234375,-0.205078125,-0.33203125
19292,1.318359375,1.220703125,-0.224609375,-0.107421875
19293,1.30859375,1.201171875,-0.1953125,-0.15625
19294,1.337890625,1.240234375,-0.205078125,-0.419921875
19295,1.2890625,1.220703125,-0.205078125,-0.13671875
19296,1.298828125,1.2109375,-0.166015625,-0.17578125
19297,1.279296875,1.15234375,-0.234375,-0.33203125
19298,1.40625,1.240234375,-0.234375,-0.1953125
19299,1.416015625,1.279296875,-0.2734375,-0.283203125
19300,1.30859375,1.3671875,-0.234375,-0.302734375
19301,1.123046875,1.26953125,-0.224609375,-0.361328125
19302,1.279296875,1.201171875,-0.322265625,-0.341796875
19303,1.25,1.25,-0.224609375,-0.33203125
19304,1.25,1.201171875,-0.3125,-0.3515625
19305,1.103515625,1.259765625,-0.263671875,-0.263671875
19306,1.25,1.23046875,-0.205078125,-0.2734375
19307,1.162109375,1.279296875,-0.244140625,-0.244140625
19308,1.15234375,1.171875,-0.29296875,-0.302734375
19309,1.2109375,1.318359375,-0.185546875,-0.361328125
19310,1.2890625,1.259765625,-0.205078125,-0.322265625
19311,1.2890625,1.298828125,-0.17578125,-0.419921875
19312,1.23046875,1.298828125,-0.224609375,-0.361328125
19313,1.201171875,1.259765625,-0.185546875,-0.322265625
19314,1.2890625,1.328125,-0.234375,-0.283203125
19315,1.26953125,1.201171875,-0.234375,-0.390625
19316,1.123046875,1.23046875,-0.185546875,-0.3125
19317,1.26953125,1.298828125,-0.17578125,-0.44921875
19318,1.376953125,1.259765625,-0.21484375,-0.400390625
19319,1.279296875,1.259765625,-0.205078125,-0.3125
19320,1.240234375,1.318359375,-0.234375,-0.341796875
19321,1.494140625,1.171875,-0.3125,-0.302734375
19322,1.298828125,1.34765625,-0.224609375,-0.390625
19323,1.181640625,1.259765625,-0.21484375,-0.361328125
19324,1.2890625,1.220703125,-0.302734375,-0.283203125
19325,1.328125,1.220703125,-0.15625,-0.41015625
19326,1.38671875,1.19140625,-0.15625,-0.380859375
19327,1.30859375,1.19140625,-0.17578125,-0.3125
19328,1.240234375,1.26953125,-0.2734375,-0.29296875
19329,1.220703125,1.220703125,-0.224609375,-0.390625
19330,1.259765625,1.23046875,-0.1953125,-0.3515625
19331,1.396484375,1.240234375,-0.263671875,-0.390625
19332,1.357421875,1.15234375,-0.234375,-0.29296875
19333,1.2109375,1.19140625,-0.224609375,-0.3515625
19334,1.337890625,1.103515625,-0.185546875,-0.3515625
19335,1.15234375,1.181640625,-0.224609375,-0.302734375
19336,1.26953125,1.162109375,-0.166015625,-0.322265625
19337,1.2109375,1.19140625,-0.107421875,-0.341796875
19338,1.240234375,1.23046875,-0.380859375,-0.33203125
19339,1.240234375,1.142578125,-0.3125,-0.361328125
19340,1.142578125,1.259765625,-0.37109375,-0.361328125
19341,1.328125,1.15234375,-0.33203125,-0.41015625
19342,1.240234375,1.30859375,-0.302734375,-0.3515625
19343,1.376953125,1.279296875,-0.283203125,-0.390625
19344,1.376953125,1.181640625,-0.400390625,-0.322265625
19345,1.083984375,1.23046875,-0.2734375,-0.33203125
19346,1.2109375,1.318359375,-0.37109375,-0.322265625
19347,1.240234375,1.09375,-0.25390625,-0.46875
19348,1.15234375,1.171875,-0.3125,-0.185546875
19349,1.201171875,1.103515625,-0.37109375,-0.283203125
19350,1.279296875,1.07421875,-0.25390625,-0.25390625
19351,1.171875,1.19140625,-0.2734375,-0.224609375
19352,1.181640625,1.376953125,-0.29296875,-0.2734375
19353,1.328125,1.11328125,-0.1953125,-0.29296875
19354,1.142578125,1.162109375,-0.244140625,-0.224609375
19355,1.15234375,1.1328125,-0.21484375,-0.29296875
19356,1.171875,1.171875,-0.263671875,-0.4296875
19357,1.162109375,1.1328125,-0.25390625,-0.205078125
19358,1.142578125,1.1328125,-0.263671875,-0.283203125
19359,1.123046875,1.123046875,-0.29296875,-0.400390625
19360,1.2890625,1.15234375,-0.185546875,-0.283203125
19361,1.279296875,0.908203125,-0.126953125,-0.29296875
19362,1.259765625,1.181640625,-0.21484375,-0.361328125
19363,1.279296875,1.103515625,-0.302734375,-0.283203125
19364,1.298828125,1.162109375,-0.224609375,-0.2734375
19365,1.23046875,1.259765625,-0.2734375,-0.380859375
19366,1.474609375,1.23046875,-0.3125,-0.3515625
19367,1.220703125,1.201171875,-0.3125,-0.419921875
19368,1.19140625,1.220703125,-0.234375,-0.322265625
19369,1.318359375,1.19140625,-0.302734375,-0.390625
19370,1.201171875,1.19140625,-0.380859375,-0.283203125
19371,1.259765625,1.23046875,-0.205078125,-0.390625
19372,1.23046875,1.171875,-0.283203125,-0.25390625
19373,1.15234375,1.2890625,-0.224609375,-0.400390625
19374,1.220703125,1.07421875,-0.341796875,-0.3515625
19375,1.2109375,1.201171875,-0.17578125,-0.283203125
19376,1.181640625,1.279296875,-0.244140625,-0.390625
19377,1.11328125,1.240234375,-0.25390625,-0.361328125
19378,1.15234375,1.23046875,-0.3515625,-0.41015625
19379,1.181640625,1.259765625,-0.25390625,-0.29296875
19380,1.181640625,1.201171875,-0.21484375,-0.400390625
19381,1.259765625,1.220703125,-0.244140625,-0.380859375
19382,1.171875,1.19140625,-0.21484375,-0.3515625
19383,1.23046875,1.201171875,-0.146484375,-0.400390625
19384,1.2109375,1.25,-0.3125,-0.5078125
19385,1.23046875,1.25,-0.25390625,-0.263671875
19386,1.07421875,1.26953125,-0.1953125,-0.37109375
19387,1.1328125,1.2890625,-0.15625,-0.3515625
19388,1.337890625,1.298828125,-0.224609375,-0.41015625
19389,1.11328125,1.162109375,-0.107421875,-0.37109375
19390,1.298828125,1.220703125,-0.224609375,-0.322265625
19391,1.23046875,1.318359375,-0.244140625,-0.390625
19392,1.23046875,1.25,-0.37109375,-0.380859375
19393,1.2109375,1.220703125,-0.3125,-0.390625
19394,1.26953125,1.123046875,-0.263671875,-0.390625
19395,1.23046875,1.2890625,-0.263671875,-0.361328125
19396,1.2109375,1.15234375,-0.29296875,-0.361328125
19397,1.19140625,1.103515625,-0.25390625,-0.302734375
19398,1.181640625,1.1328125,-0.33203125,-0.400390625
19399,1.2109375,1.15234375,-0.3125,-0.400390625
19400,1.19140625,1.15234375,-0.390625,-0.3125
19401,1.103515625,1.171875,-0.17578125,-0.3515625
19402,1.19140625,1.123046875,-0.17578125,-0.44921875
19403,1.240234375,1.19140625,-0.234375,-0.361328125
19404,1.26953125,1.298828125,-0.234375,-0.3515625
19405,1.240234375,1.1328125,-0.263671875,-0.21484375
19406,1.25,1.0546875,-0.322265625,-0.400390625
19407,1.26953125,1.11328125,-0.13671875,-0.283203125
19408,1.044921875,1.103515625,-0.37109375,-0.283203125
19409,1.220703125,1.123046875,-0.185546875,-0.17578125
19410,1.171875,1.025390625,-0.25390625,-0.283203125
19411,1.19140625,1.103515625,-0.078125,-0.087890625
19412,1.23046875,1.025390625,-0.283203125,-0.380859375
19413,1.181640625,1.09375,-0.17578125,-0.33203125
19414,1.15234375,1.083984375,-0.146484375,-0.087890625
19415,1.2109375,1.03515625,-0.126953125,-0.4296875
19416,1.298828125,1.0546875,-0.146484375,-0.3125
19417,1.2109375,1.064453125,-0.15625,-0.29296875
19418,1.1328125,1.19140625,-0.17578125,-0.283203125
19419,1.2109375,1.07421875,-0.205078125,-0.244140625
19420,1.240234375,1.11328125,-0.3125,-0.29296875
19421,1.25,1.083984375,-0.283203125,-0.595703125
19422,1.30859375,1.123046875,-0.166015625,-0.2734375
19423,1.201171875,1.005859375,-0.166015625,-0.25390625
19424,1.25,1.083984375,-0.234375,-0.341796875
19425,1.19140625,0.91796875,-0.166015625,-0.41015625
19426,1.25,0.99609375,-0.263671875,-0.33203125
19427,1.328125,1.171875,-0.13671875,-0.29296875
19428,1.171875,1.005859375,-0.1171875,-0.29296875
19429,1.201171875,1.015625,-0.283203125,-0.37109375
19430,1.15234375,1.025390625,-0.302734375,-0.41015625
19431,1.259765625,0.947265625,-0.21484375,-0.3515625
19432,1.171875,1.015625,-0.21484375,-0.41015625
19433,1.11328125,1.0546875,-0.283203125,-0.341796875
19434,1.201171875,0.810546875,-0.244140625,-0.234375
19435,1.259765625,0.91796875,-0.15625,-0.439453125
19436,1.171875,0.99609375,-0.205078125,-0.3125
19437,1.26953125,1.005859375,-0.205078125,-0.21484375
19438,1.279296875,1.015625,-0.1953125,-0.361328125
19439,1.328125,0.99609375,-0.17578125,-0.244140625
19440,1.2109375,1.064453125,-0.1953125,-0.322265625
19441,1.19140625,1.015625,-0.21484375,-0.37109375
19442,1.181640625,0.966796875,-0.234375,-0.234375
19443,1.2890625,1.11328125,-0.166015625,-0.2734375
19444,1.337890625,0.927734375,-0.185546875,-0.25390625
19445,1.298828125,1.083984375,-0.224609375,-0.322265625
19446,1.2109375,1.09375,-0.146484375,-0.400390625
19447,1.171875,0.869140625,-0.25390625,-0.25390625
19448,1.171875,0.9375,-0.1953125,-0.41015625
19449,1.201171875,0.966796875,-0.205078125,-0.302734375
19450,1.181640625,0.947265625,-0.263671875,-0.302734375
19451,1.279296875,1.03515625,-0.244140625,-0.244140625
19452,1.2890625,0.908203125,-0.244140625,-0.361328125
19453,1.26953125,1.09375,-0.185546875,-0.341796875
19454,1.220703125,1.09375,-0.2734375,-0.29296875
19455,1.220703125,0.9765625,-0.2734375,-0.3125
19456,1.240234375,1.025390625,-0.17578125,-0.244140625
19457,1.103515625,0.9765625,-0.1953125,-0.33203125
19458,1.123046875,1.025390625,-0.21484375,-0.322265625
19459,1.2109375,1.064453125,-0.322265625,-0.29296875
19460,1.23046875,1.03515625,-0.17578125,-0.419921875
19461,1.15234375,1.015625,-0.205078125,-0.33203125
19462,1.201171875,0.99609375,-0.205078125,-0.44921875
19463,1.103515625,1.03515625,-0.17578125,-0.234375
19464,1.103515625,0.87890625,-0.25390625,-0.341796875
19465,1.064453125,0.95703125,-0.2734375,-0.33203125
19466,1.19140625,0.986328125,-0.05859375,-0.3515625
19467,1.103515625,1.044921875,-0.2734375,-0.37109375
19468,1.171875,1.064453125,-0.205078125,-0.25390625
19469,1.044921875,0.947265625,-0.087890625,-0.302734375
19470,1.0546875,1.025390625,-0.224609375,-0.341796875
19471,1.162109375,1.0546875,-0.205078125,-0.244140625
19472,1.19140625,0.947265625,-0.244140625,-0.21484375
19473,1.2890625,1.005859375,-0.283203125,-0.234375
19474,1.201171875,1.0546875,-0.05859375,-0.234375
19475,1.19140625,0.99609375,-0.3125,-0.400390625
19476,1.201171875,0.986328125,-0.21484375,-0.107421875
19477,1.19140625,1.044921875,-0.21484375,-0.2734375
19478,1.23046875,1.03515625,-0.17578125,-0.3515625
19479,1.181640625,1.0546875,-0.2734375,-0.46875
19480,1.19140625,1.0546875,-0.29296875,-0.44921875
19481,1.1328125,1.044921875,-0.107421875,-0.322265625
19482,1.19140625,1.015625,-0.17578125,-0.283203125
19483,1.2109375,1.123046875,-0.263671875,-0.341796875
19484,1.162109375,1.07421875,-0.419921875,-0.29296875
19485,1.03515625,1.064453125,-0.283203125,-0.302734375
19486,1.1328125,1.103515625,-0.3125,-0.341796875
19487,1.2890625,1.1328125,-0.361328125,-0.341796875
19488,1.11328125,1.07421875,-0.1953125,-0.400390625
19489,1.15234375,1.044921875,-0.17578125,-0.3515625
19490,1.11328125,1.015625,-0.146484375,-0.25390625
19491,1.2109375,1.142578125,-0.21484375,-0.283203125
19492,1.103515625,0.8984375,-0.25390625,-0.33203125
19493,1.142578125,1.142578125,-0.09765625,-0.2734375
19494,1.23046875,1.11328125,-0.25390625,-0.380859375
19495,1.240234375,1.201171875,-0.17578125,-0.341796875
19496,1.201171875,1.083984375,-0.302734375,-0.361328125
19497,1.19140625,1.171875,-0.107421875,-0.390625
19498,1.171875,1.11328125,-0.13671875,-0.361328125
19499,1.259765625,1.025390625,-0.146484375,-0.400390625
19500,1.25,1.083984375,-0.13671875,-0.234375
19501,1.15234375,1.220703125,-0.341796875,-0.244140625
19502,1.298828125,0.99609375,-0.21484375,-0.224609375
19503,1.181640625,1.07421875,-0.17578125,-0.361328125
19504,1.240234375,1.103515625,-0.107421875,-0.3515625
19505,1.19140625,1.015625,-0.234375,-0.341796875
19506,1.123046875,1.103515625,-0.146484375,-0.322265625
19507,1.0546875,0.95703125,-0.13671875,-0.263671875
19508,1.201171875,1.03515625,-0.146484375,-0.29296875
19509,1.240234375,1.171875,-0.13671875,-0.263671875
19510,1.2109375,1.0546875,-0.21484375,-0.25390625
19511,1.171875,0.8984375,-0.078125,-0.25390625
19512,1.123046875,1.11328125,-0.302734375,-0.3515625
19513,1.181640625,1.044921875,-0.1953125,-0.263671875
19514,1.201171875,1.005859375,-0.146484375,-0.1953125
19515,1.259765625,1.083984375,-0.107421875,-0.302734375
19516,1.3671875,1.171875,-0.13671875,-0.478515625
19517,1.2109375,1.1328125,-0.029296875,-0.25390625
19518,1.181640625,1.09375,-0.302734375,-0.380859375
19519,1.201171875,1.171875,-0.283203125,-0.234375
19520,1.279296875,1.07421875,-0.2734375,-0.2734375
19521,1.2109375,1.03515625,-0.1953125,-0.283203125
19522,1.298828125,0.966796875,-0.17578125,-0.126953125
19523,1.23046875,1.142578125,-0.25390625,-0.29296875
19524,1.357421875,1.15234375,-0.205078125,-0.419921875
19525,1.240234375,1.123046875,-0.341796875,-0.3515625
19526,1.201171875,1.025390625,-0.1953125,-0.21484375
19527,1.083984375,1.103515625,-0.1953125,-0.4296875
19528,1.19140625,1.083984375,-0.3125,-0.2734375
19529,1.171875,1.03515625,-0.25390625,-0.283203125
19530,1.171875,1.09375,-0.166015625,-0.283203125
19531,1.1328125,0.927734375,-0.224609375,-0.25390625
19532,1.201171875,1.044921875,-0.205078125,-0.33203125
19533,1.142578125,1.083984375,-0.185546875,-0.21484375
19534,1.1328125,1.064453125,-0.244140625,-0.341796875
19535,1.1328125,1.0546875,-0.3125,-0.244140625
19536,1.34765625,1.142578125,-0.166015625,-0.244140625
19537,1.201171875,1.103515625,-0.302734375,-0.21484375
19538,1.15234375,1.025390625,-0.126953125,-0.244140625
19539,1.103515625,1.103515625,-0.380859375,-0.234375
19540,1.201171875,1.2109375,-0.322265625,-0.1953125
19541,1.162109375,1.1328125,-0.21484375,-0.263671875
19542,1.142578125,1.103515625,-0.234375,-0.1953125
19543,1.201171875,1.083984375,-0.244140625,-0.185546875
19544,1.201171875,1.044921875,-0.234375,-0.322265625
19545,1.1328125,1.083984375,-0.33203125,-0.341796875
19546,1.201171875,1.103515625,-0.302734375,-0.29296875
19547,1.2109375,1.19140625,-0.185546875,-0.263671875
19548,1.220703125,1.103515625,-0.478515625,-0.048828125
19549,1.259765625,1.103515625,-0.4296875,-0.13671875
19550,1.220703125,0.83984375,-0.263671875,-0.224609375
19551,1.15234375,1.1328125,-0.3515625,-0.21484375
19552,1.2890625,1.15234375,-0.166015625,-0.29296875
19553,1.15234375,1.19140625,-0.1953125,-0.2734375
19554,1.26953125,1.0546875,-0.33203125,-0.166015625
19555,1.171875,1.1328125,-0.29296875,-0.185546875
19556,1.142578125,1.044921875,-0.2734375,-0.244140625
19557,1.23046875,1.103515625,-0.224609375,-0.05859375
19558,1.23046875,1.083984375,-0.283203125,-0.283203125
19559,1.201171875,1.3671875,-0.29296875,-0.263671875
19560,1.123046875,1.083984375,-0.21484375,-0.3515625
19561,1.025390625,1.11328125,-0.2734375,-0.25390625
19562,1.23046875,1.2109375,-0.25390625,-0.21484375
19563,1.09375,1.015625,-0.4296875,-0.1953125
19564,1.23046875,1.07421875,-0.283203125,-0.244140625
19565,1.220703125,1.11328125,-0.2734375,-0.322265625
19566,1.23046875,1.15234375,-0.3125,-0.21484375
19567,1.279296875,1.201171875,-0.283203125,-0.2734375
19568,1.2109375,0.95703125,-0.2734375,-0.2734375
19569,1.123046875,1.0546875,-0.263671875,-0.33203125
19570,1.23046875,1.015625,-0.205078125,-0.29296875
19571,1.15234375,1.083984375,-0.283203125,-0.2734375
19572,1.201171875,1.15234375,-0.21484375,-0.283203125
19573,1.025390625,0.9765625,-0.263671875,-0.3125
19574,1.19140625,1.083984375,-0.17578125,-0.234375
19575,1.1328125,1.025390625,-0.29296875,-0.25390625
19576,1.240234375,1.083984375,-0.400390625,-0.498046875
19577,1.15234375,1.07421875,-0.1953125,-0.283203125
19578,1.064453125,0.87890625,-0.17578125,-0.37109375
19579,1.26953125,1.103515625,-0.361328125,-0.263671875
19580,1.298828125,1.044921875,-0.322265625,-0.224609375
19581,1.142578125,1.015625,-0.33203125,-0.234375
19582,1.25,1.103515625,-0.3125,-0.126953125
19583,1.1328125,1.07421875,-0.224609375,-0.107421875
19584,1.15234375,1.083984375,-0.302734375,-0.244140625
19585,1.162109375,1.09375,-0.283203125,-0.205078125
19586,1.171875,1.15234375,-0.263671875,-0.2734375
19587,1.181640625,1.09375,-0.302734375,-0.263671875
19588,1.1328125,1.07421875,-0.13671875,-0.29296875
19589,1.328125,1.103515625,-0.17578125,-0.1953125
19590,1.162109375,1.103515625,-0.17578125,-0.21484375
19591,1.337890625,1.103515625,-0.166015625,-0.2734375
19592,1.201171875,1.015625,-0.13671875,-0.205078125
19593,1.201171875,1.044921875,-0.146484375,-0.2734375
19594,1.171875,1.181640625,-0.244140625,-0.1953125
19595,1.103515625,1.083984375,-0.21484375,-0.3515625
19596,1.123046875,0.99609375,-0.09765625,-0.224609375
19597,1.09375,1.044921875,-0.224609375,-0.29296875
19598,1.103515625,1.181640625,-0.17578125,-0.29296875
19599,1.171875,1.083984375,-0.1171875,-0.3125
19600,1.123046875,1.09375,-0.166015625,-0.244140625
19601,1.11328125,1.07421875,-0.2734375,-0.234375
19602,1.123046875,1.1328125,-0.25390625,-0.33203125
19603,1.09375,1.083984375,-0.21484375,-0.2734375
19604,1.11328125,1.15234375,-0.283203125,-0.166015625
19605,1.123046875,1.142578125,-0.380859375,-0.263671875
19606,1.123046875,1.11328125,-0.25390625,-0.302734375
19607,0.9375,1.162109375,-0.2734375,-0.244140625
19608,1.23046875,1.19140625,-0.234375,-0.1953125
19609,1.279296875,1.201171875,-0.107421875,-0.25390625
19610,1.259765625,1.181640625,-0.21484375,-0.21484375
19611,1.220703125,1.15234375,-0.234375,-0.322265625
19612,1.19140625,1.181640625,-0.17578125,-0.244140625
19613,1.337890625,1.240234375,-0.166015625,-0.322265625
19614,1.2109375,1.201171875,-0.224609375,-0.2734375
19615,1.259765625,1.005859375,-0.126953125,-0.224609375
19616,1.181640625,1.171875,-0.224609375,-0.33203125
19617,1.23046875,1.11328125,-0.17578125,-0.234375
19618,1.23046875,0.9765625,-0.17578125,-0.25390625
19619,1.2109375,1.25,-0.185546875,-0.146484375
19620,1.2890625,1.015625,-0.13671875,-0.234375
19621,1.38671875,1.220703125,-0.146484375,-0.224609375
19622,1.259765625,1.19140625,-0.146484375,-0.234375
19623,1.240234375,1.201171875,-0.13671875,-0.17578125
19624,1.240234375,1.142578125,-0.21484375,-0.341796875
19625,1.09375,1.162109375,-0.09765625,-0.2734375
19626,1.30859375,1.220703125,-0.15625,-0.263671875
19627,1.07421875,1.240234375,-0.15625,-0.185546875
19628,1.162109375,1.181640625,-0.17578125,-0.390625
19629,1.09375,1.220703125,-0.17578125,-0.29296875
19630,1.337890625,1.2109375,-0.166015625,-0.21484375
19631,1.044921875,1.19140625,-0.15625,-0.21484375
19632,1.2109375,1.15234375,-0.21484375,-0.25390625
19633,1.23046875,1.240234375,-0.21484375,-0.244140625
19634,1.181640625,1.142578125,-0.244140625,-0.21484375
19635,1.2109375,1.23046875,-0.234375,-0.283203125
19636,1.2109375,1.064453125,-0.205078125,-0.263671875
19637,1.2109375,1.19140625,-0.3515625,-0.13671875
19638,1.2109375,1.142578125,-0.244140625,-0.224609375
19639,1.25,1.142578125,-0.234375,-0.3515625
19640,1.201171875,1.07421875,-0.224609375,-0.283203125
19641,1.2109375,1.103515625,-0.205078125,-0.33203125
19642,1.171875,1.201171875,-0.17578125,-0.3125
19643,1.2109375,1.15234375,-0.166015625,-0.2734375
19644,1.318359375,1.240234375,-0.17578125,-0.224609375
19645,1.30859375,1.0546875,-0.21484375,-0.400390625
19646,1.240234375,1.279296875,-0.234375,-0.1953125
19647,1.181640625,1.19140625,-0.21484375,-0.33203125
19648,1.259765625,1.220703125,-0.37109375,-0.37109375
19649,1.26953125,1.171875,-0.263671875,-0.322265625
19650,1.259765625,1.181640625,-0.166015625,-0.2734375
19651,1.15234375,1.162109375,-0.263671875,-0.361328125
19652,1.298828125,1.240234375,-0.263671875,-0.302734375
19653,1.171875,1.15234375,-0.185546875,-0.302734375
19654,1.23046875,1.220703125,-0.25390625,-0.3515625
19655,1.318359375,1.201171875,-0.2734375,-0.341796875
19656,1.220703125,1.30859375,-0.3125,-0.25390625
19657,1.259765625,1.220703125,-0.283203125,-0.283203125
19658,1.162109375,1.162109375,-0.2734375,-0.3125
19659,1.2109375,1.220703125,-0.283203125,-0.263671875
19660,1.162109375,1.171875,-0.302734375,-0.322265625
19661,1.220703125,1.201171875,-0.25390625,-0.244140625
19662,1.25,1.23046875,-0.185546875,-0.29296875
19663,1.240234375,1.34765625,-0.146484375,-0.322265625
19664,1.240234375,1.26953125,-0.25390625,-0.234375
19665,1.2890625,1.201171875,-0.33203125,-0.361328125
19666,1.1328125,1.142578125,-0.166015625,-0.322265625
19667,1.171875,1.142578125,-0.341796875,-0.302734375
19668,1.171875,1.220703125,-0.29296875,-0.33203125
19669,1.162109375,1.171875,-0.224609375,-0.29296875
19670,1.2109375,1.220703125,-0.2734375,-0.21484375
19671,1.171875,1.2890625,-0.17578125,-0.33203125
19672,1.201171875,1.123046875,-0.3125,-0.263671875
19673,1.19140625,1.103515625,-0.244140625,-0.2734375
19674,1.171875,1.298828125,-0.341796875,-0.224609375
19675,1.34765625,1.19140625,-0.2734375,-0.25390625
19676,1.23046875,1.2109375,-0.1953125,-0.2734375
19677,1.259765625,1.15234375,-0.419921875,-0.21484375
19678,1.328125,1.171875,-0.283203125,-0.15625
19679,1.201171875,1.1328125,-0.3125,-0.322265625
19680,1.15234375,1.201171875,-0.2734375,-0.41015625
19681,1.2109375,1.259765625,-0.244140625,-0.33203125
19682,1.2890625,1.2109375,-0.21484375,-0.33203125
19683,1.005859375,1.123046875,-0.234375,-0.263671875
19684,1.318359375,1.30859375,-0.224609375,-0.361328125
19685,1.09375,1.19140625,-0.302734375,-0.21484375
19686,1.181640625,1.162109375,-0.107421875,-0.166015625
19687,1.171875,0.966796875,-0.29296875,-0.302734375
19688,1.19140625,1.1328125,-0.234375,-0.234375
19689,1.26953125,1.171875,-0.107421875,-0.166015625
19690,1.064453125,1.26953125,-0.126953125,-0.224609375
19691,1.23046875,1.15234375,-0.33203125,-0.2734375
19692,1.259765625,1.259765625,-0.25390625,-0.244140625
19693,1.23046875,1.240234375,-0.1953125,-0.263671875
19694,1.181640625,1.259765625,-0.224609375,-0.29296875
19695,1.26953125,1.220703125,-0.107421875,-0.234375
19696,1.240234375,1.23046875,-0.234375,-0.205078125
19697,1.171875,1.083984375,-0.205078125,-0.2734375
19698,1.103515625,1.259765625,-0.17578125,-0.41015625
19699,1.23046875,1.181640625,-0.263671875,-0.166015625
19700,1.23046875,1.298828125,-0.185546875,-0.25390625
19701,1.201171875,1.201171875,-0.341796875,-0.33203125
19702,1.201171875,1.240234375,-0.25390625,-0.25390625
19703,1.259765625,1.259765625,-0.361328125,-0.283203125
19704,1.09375,1.162109375,-0.1953125,-0.205078125
19705,1.103515625,1.26953125,-0.185546875,-0.283203125
19706,1.2890625,1.298828125,-0.263671875,-0.3125
19707,1.30859375,1.2890625,-0.205078125,-0.29296875
19708,1.259765625,1.171875,-0.33203125,-0.234375
19709,1.181640625,1.19140625,-0.3515625,-0.263671875
19710,1.181640625,1.240234375,-0.439453125,-0.224609375
19711,1.15234375,1.171875,-0.234375,-0.078125
19712,1.259765625,1.337890625,-0.205078125,-0.3125
19713,1.220703125,1.181640625,-0.263671875,-0.25390625
19714,1.1328125,1.2109375,-0.37109375,-0.244140625
19715,1.201171875,1.2890625,-0.244140625,-0.3515625
19716,1.1328125,1.25,-0.25390625,-0.3515625
19717,1.2109375,1.201171875,-0.234375,-0.3125
19718,1.2109375,1.240234375,-0.185546875,-0.341796875
19719,1.279296875,1.2109375,-0.25390625,-0.302734375
19720,1.19140625,1.2890625,-0.234375,-0.44921875
19721,1.30859375,1.298828125,-0.283203125,-0.302734375
19722,1.357421875,1.298828125,-0.244140625,-0.41015625
19723,1.337890625,1.2890625,-0.205078125,-0.439453125
19724,1.298828125,1.396484375,-0.244140625,-0.2734375
19725,1.38671875,1.240234375,-0.224609375,-0.302734375
19726,1.38671875,1.171875,-0.263671875,-0.322265625
19727,1.30859375,1.2109375,-0.185546875,-0.361328125
19728,1.3671875,1.240234375,-0.322265625,-0.3125
19729,1.279296875,1.259765625,-0.205078125,-0.390625
19730,1.2890625,1.337890625,-0.263671875,-0.322265625
19731,1.46484375,1.298828125,-0.224609375,-0.283203125
19732,1.337890625,1.26953125,-0.3515625,-0.546875
19733,1.25,1.220703125,-0.2734375,-0.361328125
19734,1.328125,1.318359375,-0.244140625,-0.29296875
19735,1.26953125,1.2890625,-0.25390625,-0.322265625
19736,1.23046875,1.240234375,-0.263671875,-0.3515625
19737,1.23046875,1.26953125,-0.244140625,-0.322265625
19738,1.298828125,1.201171875,-0.3515625,-0.33203125
19739,1.25,1.220703125,-0.234375,-0.322265625
19740,1.171875,1.103515625,-0.2734375,-0.33203125
19741,1.25,1.25,-0.224609375,-0.302734375
19742,1.240234375,1.123046875,-0.29296875,-0.244140625
19743,1.298828125,1.337890625,-0.25390625,-0.341796875
19744,1.416015625,1.220703125,-0.29296875,-0.322265625
19745,1.318359375,1.220703125,-0.224609375,-0.361328125
19746,1.26953125,1.328125,-0.322265625,-0.33203125
19747,1.328125,1.2890625,-0.302734375,-0.322265625
19748,1.318359375,1.318359375,-0.25390625,-0.302734375
19749,1.30859375,1.171875,-0.185546875,-0.361328125
19750,1.30859375,1.23046875,-0.234375,-0.09765625
19751,1.396484375,1.142578125,-0.244140625,-0.37109375
19752,1.298828125,1.201171875,-0.185546875,-0.302734375
19753,1.2109375,1.240234375,-0.21484375,-0.3515625
19754,1.298828125,1.220703125,-0.244140625,-0.44921875
19755,1.259765625,1.26953125,-0.33203125,-0.322265625
19756,1.23046875,1.2109375,-0.37109375,-0.283203125
19757,1.318359375,1.162109375,-0.244140625,-0.400390625
19758,1.259765625,1.26953125,-0.3125,-0.361328125
19759,1.23046875,1.083984375,-0.224609375,-0.4296875
19760,1.201171875,1.181640625,-0.25390625,-0.400390625
19761,1.23046875,1.30859375,-0.234375,-0.2734375
19762,1.2890625,1.23046875,-0.283203125,-0.56640625
19763,1.240234375,1.25,-0.2734375,-0.400390625
19764,1.19140625,1.19140625,-0.419921875,-0.400390625
19765,1.171875,1.11328125,-0.3125,-0.322265625
19766,1.2890625,0.91796875,-0.205078125,-0.390625
19767,1.328125,1.15234375,-0.17578125,-0.146484375
19768,1.259765625,1.162109375,-0.244140625,-0.322265625
19769,1.240234375,0.9765625,-0.205078125,-0.29296875
19770,1.2890625,1.064453125,-0.361328125,-0.3515625
19771,1.2890625,1.201171875,-0.263671875,-0.37109375
19772,1.2890625,1.03515625,-0.2734375,-0.234375
19773,1.26953125,1.171875,-0.263671875,-0.302734375
19774,1.240234375,1.1328125,-0.322265625,-0.341796875
19775,1.298828125,1.15234375,-0.283203125,-0.498046875
19776,1.259765625,1.181640625,-0.283203125,-0.2734375
19777,1.19140625,1.220703125,-0.322265625,-0.458984375
19778,1.328125,1.19140625,-0.244140625,-0.41015625
19779,1.171875,1.220703125,-0.3515625,-0.41015625
19780,1.328125,1.23046875,-0.322265625,-0.3515625
19781,1.162109375,1.2109375,-0.224609375,-0.341796875
19782,1.201171875,1.25,-0.302734375,-0.3125
19783,1.171875,1.2109375,-0.185546875,-0.341796875
19784,1.201171875,1.07421875,-0.2734375,-0.48828125
19785,1.2109375,1.259765625,-0.2734375,-0.37109375
19786,1.171875,1.19140625,-0.166015625,-0.341796875
19787,1.15234375,1.171875,-0.146484375,-0.576171875
19788,1.181640625,1.142578125,-0.3125,-0.37109375
19789,1.23046875,1.19140625,-0.283203125,-0.302734375
19790,1.162109375,1.083984375,-0.2734375,-0.263671875
19791,1.220703125,1.2890625,-0.283203125,-0.400390625
19792,1.142578125,1.240234375,-0.283203125,-0.341796875
19793,1.26953125,1.123046875,-0.283203125,-0.5078125
19794,1.259765625,1.07421875,-0.2734375,-0.419921875
19795,1.201171875,1.220703125,-0.263671875,-0.234375
19796,1.30859375,1.19140625,-0.283203125,-0.2734375
19797,1.181640625,1.15234375,-0.244140625,-0.439453125
19798,1.279296875,1.2109375,-0.2734375,-0.341796875
19799,1.23046875,1.298828125,-0.2734375,-0.46875
19800,1.19140625,1.2109375,-0.3125,-0.37109375
19801,1.142578125,1.162109375,-0.263671875,-0.4296875
19802,1.19140625,1.240234375,-0.283203125,-0.44921875
19803,1.337890625,1.240234375,-0.25390625,-0.2734375
19804,1.26953125,1.123046875,-0.166015625,-0.361328125
19805,1.123046875,1.181640625,-0.2734375,-0.3515625
19806,1.201171875,1.044921875,-0.2734375,-0.322265625
19807,1.220703125,1.09375,-0.263671875,-0.322265625
19808,1.181640625,1.19140625,-0.234375,-0.29296875
19809,1.181640625,1.25,-0.29296875,-0.263671875
19810,1.23046875,1.259765625,-0.283203125,-0.263671875
19811,1.2890625,1.181640625,-0.146484375,-0.2734375
19812,1.201171875,1.259765625,-0.205078125,-0.361328125
19813,1.181640625,1.19140625,-0.13671875,-0.341796875
19814,1.181640625,1.23046875,-0.380859375,-0.400390625
19815,1.220703125,1.259765625,-0.224609375,-0.439453125
19816,1.1328125,1.103515625,-0.205078125,-0.361328125
19817,1.181640625,1.025390625,-0.234375,-0.302734375
19818,1.15234375,1.005859375,-0.25390625,-0.322265625
19819,1.25,1.26953125,-0.13671875,-0.37109375
19820,1.2109375,1.11328125,-0.185546875,-0.439453125
19821,1.240234375,1.15234375,-0.17578125,-0.390625
19822,1.11328125,1.181640625,-0.29296875,-0.341796875
19823,1.15234375,1.083984375,-0.1171875,-0.302734375
19824,1.337890625,1.15234375,-0.244140625,-0.48828125
19825,1.142578125,1.142578125,-0.17578125,-0.2734375
19826,1.279296875,1.11328125,-0.29296875,-0.283203125
19827,1.181640625,1.142578125,-0.29296875,-0.224609375
19828,1.201171875,1.123046875,-0.29296875,-0.361328125
19829,1.25,1.064453125,-0.185546875,-0.3515625
19830,1.162109375,1.09375,-0.1171875,-0.390625
19831,1.19140625,1.123046875,-0.263671875,-0.4296875
19832,1.23046875,1.19140625,-0.263671875,-0.380859375
19833,1.11328125,1.181640625,-0.25390625,-0.37109375
19834,1.220703125,1.123046875,-0.234375,-0.390625
19835,1.26953125,1.142578125,-0.283203125,-0.400390625
19836,1.171875,1.1328125,-0.29296875,-0.2734375
19837,1.19140625,1.11328125,-0.126953125,-0.380859375
19838,1.171875,1.11328125,-0.21484375,-0.25390625
19839,1.2109375,1.103515625,-0.2734375,-0.537109375
19840,1.15234375,1.19140625,-0.17578125,-0.29296875
19841,1.19140625,1.142578125,-0.244140625,-0.283203125
19842,1.240234375,1.15234375,-0.146484375,-0.390625
19843,1.25,1.09375,-0.29296875,-0.322265625
19844,1.123046875,0.947265625,-0.1171875,-0.341796875
19845,1.171875,1.064453125,-0.302734375,-0.419921875
19846,1.23046875,1.044921875,-0.21484375,-0.29296875
19847,1.23046875,1.07421875,-0.21484375,-0.390625
19848,1.240234375,1.09375,-0.3515625,-0.2734375
19849,1.162109375,0.947265625,-0.17578125,-0.380859375
19850,1.26953125,0.91796875,-0.13671875,-0.29296875
19851,1.220703125,1.044921875,-0.146484375,-0.380859375
19852,1.25,1.103515625,-0.17578125,-0.322265625
19853,1.19140625,1.103515625,-0.224609375,-0.33203125
19854,1.240234375,1.044921875,-0.25390625,-0.263671875
19855,1.162109375,1.083984375,-0.166015625,-0.283203125
19856,1.220703125,0.986328125,-0.205078125,-0.283203125
19857,1.2109375,1.064453125,-0.1953125,-0.29296875
19858,1.19140625,1.0546875,-0.283203125,-0.302734375
19859,1.279296875,0.966796875,-0.13671875,-0.33203125
19860,1.142578125,1.005859375,-0.146484375,-0.17578125
19861,1.103515625,1.15234375,-0.166015625,-0.37109375
19862,1.220703125,1.07421875,-0.283203125,-0.37109375
19863,1.30859375,1.1328125,-0.21484375,-0.419921875
19864,1.298828125,1.171875,-0.1953125,-0.263671875
19865,1.19140625,1.044921875,-0.2734375,-0.2734375
19866,1.279296875,1.005859375,-0.1171875,-0.234375
19867,1.220703125,1.123046875,-0.322265625,0
19868,1.162109375,1.064453125,-0.224609375,-0.25390625
19869,1.11328125,1.064453125,-0.234375,-0.3515625
19870,1.123046875,1.005859375,-0.244140625,-0.166015625
19871,1.162109375,0.966796875,-0.185546875,-0.29296875
19872,1.26953125,1.0546875,-0.13671875,-0.4296875
19873,1.23046875,0.869140625,-0.224609375,-0.302734375
19874,1.26953125,0.95703125,-0.244140625,-0.29296875
19875,1.30859375,1.015625,-0.1171875,-0.322265625
19876,1.298828125,0.99609375,-0.2734375,-0.2734375
19877,1.26953125,0.927734375,-0.234375,-0.33203125
19878,1.201171875,0.986328125,-0.15625,-0.3515625
19879,1.259765625,1.0546875,-0.263671875,-0.146484375
19880,1.279296875,0.986328125,-0.380859375,-0.302734375
19881,1.38671875,0.95703125,-0.322265625,-0.25390625
19882,1.3671875,0.87890625,-0.33203125,-0.341796875
19883,1.298828125,1.015625,-0.185546875,-0.361328125
19884,1.19140625,1.025390625,-0.380859375,-0.419921875
19885,1.337890625,1.044921875,-0.1953125,-0.41015625
19886,1.23046875,1.0546875,-0.283203125,-0.263671875
19887,1.1328125,1.044921875,-0.234375,-0.322265625
19888,1.123046875,1.103515625,-0.29296875,-0.224609375
19889,1.259765625,1.0546875,-0.244140625,-0.3125
19890,1.181640625,1.064453125,-0.1171875,0
19891,1.201171875,1.064453125,-0.21484375,-0.3515625
19892,1.2109375,1.064453125,-0.302734375,-0.33203125
19893,1.11328125,0.99609375,-0.29296875,-0.44921875
19894,1.15234375,1.044921875,-0.25390625,-0.5078125
19895,1.220703125,1.025390625,-0.29296875,-0.283203125
19896,1.181640625,1.0546875,-0.224609375,-0.2734375
19897,1.0546875,0.947265625,-0.17578125,-0.341796875
19898,1.171875,1.142578125,-0.234375,-0.302734375
19899,1.279296875,1.09375,-0.361328125,-0.341796875
19900,1.142578125,1.025390625,-0.419921875,-0.4296875
19901,1.298828125,1.123046875,-0.25390625,-0.37109375
19902,1.181640625,1.083984375,-0.302734375,-0.21484375
19903,1.279296875,1.064453125,-0.234375,-0.322265625
19904,1.162109375,0.986328125,-0.322265625,-0.283203125
19905,1.181640625,1.07421875,-0.21484375,-0.244140625
19906,1.171875,1.0546875,-0.234375,-0.2734375
19907,1.240234375,1.11328125,-0.17578125,-0.3515625
19908,1.328125,1.044921875,-0.146484375,-0.322265625
19909,1.279296875,1.0546875,-0.302734375,-0.3515625
19910,1.201171875,1.123046875,-0.21484375,-0.29296875
19911,1.40625,1.0546875,-0.3125,-0.3125
19912,1.279296875,1.07421875,-0.380859375,-0.283203125
19913,1.298828125,0.9375,-0.302734375,-0.3125
19914,1.298828125,0.91796875,-0.166015625,-0.33203125
19915,1.240234375,0.95703125,-0.166015625,-0.21484375
19916,1.142578125,1.015625,-0.2734375,-0.2734375
19917,1.19140625,1.0546875,-0.263671875,-0.33203125
19918,1.337890625,1.0546875,-0.400390625,-0.29296875
19919,1.23046875,1.11328125,-0.244140625,-0.283203125
19920,1.171875,1.220703125,-0.21484375,-0.3125
19921,1.220703125,1.064453125,-0.13671875,-0.37109375
19922,1.259765625,1.09375,-0.263671875,-0.33203125
19923,1.19140625,0.95703125,-0.283203125,-0.29296875
19924,1.298828125,1.15234375,-0.1953125,-0.1953125
19925,1.25,1.103515625,-0.15625,-0.263671875
19926,1.259765625,1.03515625,-0.185546875,-0.234375
19927,1.07421875,1.103515625,-0.21484375,-0.25390625
19928,1.240234375,1.142578125,-0.15625,-0.21484375
19929,1.005859375,0.927734375,-0.166015625,-0.224609375
19930,1.279296875,1.162109375,-0.185546875,-0.41015625
19931,1.171875,1.044921875,-0.185546875,-0.390625
19932,1.123046875,0.99609375,-0.166015625,-0.41015625
19933,0.966796875,0.9765625,-0.146484375,-0.3515625
19934,1.19140625,1.15234375,-0.185546875,-0.37109375
19935,1.171875,0.99609375,-0.17578125,-0.283203125
19936,1.142578125,0.947265625,-0.15625,-0.1171875
19937,1.15234375,0.908203125,-0.205078125,-0.263671875
19938,1.123046875,1.0546875,-0.166015625,-0.25390625
19939,0.9375,1.11328125,-0.234375,-0.1953125
19940,1.181640625,0.99609375,-0.146484375,-0.244140625
19941,1.220703125,0.9375,-0.33203125,-0.341796875
19942,1.201171875,1.0546875,-0.166015625,-0.185546875
19943,1.11328125,0.947265625,-0.17578125,-0.166015625
19944,1.19140625,1.11328125,-0.263671875,-0.224609375
19945,1.2109375,1.11328125,-0.185546875,-0.263671875
19946,1.123046875,1.083984375,-0.234375,-0.224609375
19947,1.171875,1.103515625,-0.283203125,-0.322265625
19948,1.142578125,1.083984375,-0.21484375,-0.341796875
19949,1.11328125,1.181640625,-0.146484375,-0.25390625
19950,1.220703125,1.11328125,-0.2734375,-0.234375
19951,1.201171875,1.064453125,-0.234375,-0.224609375
19952,1.240234375,1.07421875,-0.21484375,-0.283203125
19953,1.171875,1.005859375,-0.09765625,-0.25390625
19954,1.201171875,1.07421875,-0.146484375,-0.44921875
19955,1.181640625,1.044921875,-0.205078125,-0.37109375
19956,1.220703125,1.064453125,-0.1171875,-0.302734375
19957,1.23046875,1.123046875,-0.1953125,-0.1953125
19958,1.19140625,1.1328125,-0.25390625,-0.341796875
19959,1.26953125,1.171875,-0.29296875,-0.1953125
19960,1.181640625,1.103515625,-0.25390625,-0.205078125
19961,1.26953125,1.123046875,-0.302734375,-0.380859375
19962,1.25,1.1328125,-0.263671875,-0.283203125
19963,1.181640625,1.015625,-0.33203125,-0.224609375
19964,1.26953125,1.171875,-0.1953125,-0.224609375
19965,1.171875,1.103515625,-0.25390625,-0.21484375
19966,1.259765625,1.09375,-0.1953125,-0.3125
19967,1.162109375,1.1328125,-0.185546875,-0.390625
19968,1.26953125,1.103515625,-0.13671875,-0.263671875
19969,1.220703125,1.09375,-0.205078125,-0.244140625
19970,1.23046875,1.015625,-0.2734375,-0.1953125
19971,1.201171875,1.025390625,-0.17578125,-0.322265625
19972,1.2890625,1.044921875,-0.185546875,-0.283203125
19973,1.201171875,1.015625,-0.205078125,-0.17578125
19974,1.181640625,0.99609375,-0.205078125,-0.25390625
19975,1.181640625,1.181640625,-0.17578125,-0.166015625
19976,1.220703125,1.103515625,-0.17578125,-0.3125
19977,1.15234375,1.025390625,-0.283203125,-0.341796875
19978,1.220703125,1.162109375,-0.234375,-0.17578125
19979,1.103515625,1.025390625,-0.419921875,-0.2734375
19980,1.181640625,1.07421875,-0.33203125,-0.17578125
19981,1.201171875,1.03515625,-0.341796875,-0.1953125
19982,1.23046875,1.1328125,-0.244140625,-0.166015625
19983,1.2109375,0.9765625,-0.3125,-0.166015625
19984,1.09375,1.1328125,-0.263671875,-0.29296875
19985,1.083984375,1.07421875,-0.3125,-0.2734375
19986,1.25,1.19140625,-0.29296875,-0.205078125
19987,1.1328125,1.083984375,-0.2734375,-0.205078125
19988,1.2890625,1.09375,-0.2734375,-0.263671875
19989,1.220703125,1.142578125,-0.224609375,-0.09765625
19990,1.2109375,1.19140625,-0.234375,-0.078125
19991,1.103515625,1.11328125,-0.185546875,-0.2734375
19992,1.15234375,1.181640625,-0.302734375,-0.234375
19993,1.162109375,1.044921875,-0.2734375,-0.185546875
19994,1.220703125,1.181640625,-0.09765625,-0.166015625
19995,0.986328125,1.025390625,-0.29296875,-0.185546875
19996,1.26953125,0.966796875,-0.244140625,-0.224609375
19997,1.083984375,1.15234375,-0.33203125,-0.3125
19998,1.30859375,1.07421875,-0.185546875,-0.13671875
19999,1.162109375,1.11328125,-0.17578125,-0.3125
20000,1.279296875,1.09375,-0.263671875,-0.1171875
20001,1.15234375,0.87890625,-0.283203125,-0.126953125
20002,1.162109375,1.064453125,-0.234375,-0.224609375
20003,1.318359375,1.11328125,-0.3125,-0.33203125
20004,1.19140625,1.0546875,-0.234375,0.029296875
20005,1.15234375,1.03515625,-0.166015625,-0.244140625
20006,1.162109375,1.09375,-0.244140625,-0.263671875
20007,1.240234375,1.09375,-0.146484375,-0.3125
20008,1.298828125,1.11328125,-0.048828125,-0.1953125
20009,1.11328125,1.103515625,-0.234375,-0.3515625
20010,1.09375,1.103515625,-0.25390625,-0.2734375
20011,1.2109375,1.26953125,-0.15625,-0.21484375
20012,1.15234375,1.171875,-0.234375,-0.09765625
20013,1.123046875,1.083984375,-0.263671875,-0.283203125
20014,1.181640625,1.142578125,-0.185546875,-0.3125
20015,1.201171875,1.11328125,-0.21484375,-0.15625
20016,1.240234375,1.162109375,-0.21484375,-0.15625
20017,1.19140625,1.15234375,-0.1171875,-0.263671875
20018,1.181640625,1.083984375,-0.146484375,-0.087890625
20019,1.181640625,1.09375,-0.107421875,-0.458984375
20020,1.181640625,1.005859375,-0.185546875,-0.21484375
20021,1.19140625,1.162109375,-0.25390625,-0.2734375
20022,1.171875,1.142578125,-0.09765625,-0.322265625
20023,1.162109375,1.15234375,-0.205078125,-0.21484375
20024,1.201171875,1.1328125,-0.15625,-0.068359375
20025,1.142578125,1.2109375,-0.185546875,-0.263671875
20026,1.2890625,1.064453125,-0.205078125,-0.185546875
20027,1.123046875,1.15234375,-0.126953125,-0.244140625
20028,1.162109375,1.1328125,-0.21484375,-0.17578125
20029,1.181640625,1.171875,-0.1953125,-0.224609375
20030,1.181640625,1.240234375,-0.1953125,-0.341796875
20031,1.005859375,1.103515625,-0.302734375,-0.322265625
20032,1.25,1.25,-0.244140625,-0.25390625
20033,1.19140625,1.11328125,-0.224609375,-0.283203125
20034,1.1328125,1.1328125,-0.048828125,-0.234375
20035,1.318359375,1.15234375,-0.205078125,-0.263671875
20036,1.25,1.123046875,-0.25390625,-0.341796875
20037,1.240234375,1.123046875,-0.263671875,-0.44921875
20038,1.07421875,1.123046875,-0.17578125,-0.1953125
20039,1.220703125,1.171875,-0.205078125,-0.234375
20040,1.279296875,1.1328125,-0.234375,-0.166015625
20041,1.328125,1.09375,-0.283203125,-0.283203125
20042,1.15234375,1.201171875,-0.263671875,-0.1953125
20043,1.25,1.123046875,-0.13671875,-0.185546875
20044,1.279296875,1.201171875,-0.224609375,-0.185546875
20045,1.19140625,1.162109375,-0.1171875,-0.302734375
20046,1.171875,1.162109375,-0.33203125,-0.244140625
20047,1.23046875,1.162109375,-0.341796875,-0.244140625
20048,1.201171875,1.083984375,-0.1953125,-0.2734375
20049,1.25,1.162109375,-0.234375,-0.400390625
20050,1.259765625,1.240234375,-0.263671875,-0.2734375
20051,1.240234375,1.240234375,-0.13671875,-0.234375
20052,1.259765625,1.2109375,-0.09765625,-0.126953125
20053,1.34765625,1.123046875,-0.21484375,-0.1953125
20054,1.240234375,1.181640625,-0.224609375,-0.25390625
20055,1.328125,1.123046875,-0.1171875,-0.33203125
20056,1.181640625,1.025390625,-0.185546875,-0.205078125
20057,1.25,1.357421875,-0.234375,-0.283203125
20058,1.26953125,1.123046875,-0.224609375,-0.244140625
20059,1.201171875,1.07421875,-0.087890625,-0.1953125
20060,1.240234375,1.171875,-0.361328125,-0.29296875
20061,1.201171875,1.162109375,-0.2734375,-0.21484375
20062,1.259765625,1.259765625,-0.166015625,-0.244140625
20063,1.240234375,1.34765625,-0.244140625,-0.234375
20064,1.03515625,1.201171875,-0.224609375,-0.234375
20065,1.201171875,1.201171875,-0.15625,-0.2734375
20066,1.2109375,1.328125,-0.244140625,-0.224609375
20067,1.23046875,1.1328125,-0.17578125,-0.244140625
20068,1.26953125,1.26953125,-0.205078125,-0.263671875
20069,1.201171875,1.25,-0.13671875,-0.2734375
20070,1.279296875,1.2109375,-0.1171875,0.05859375
20071,1.2109375,1.103515625,-0.234375,-0.2734375
20072,1.240234375,1.083984375,-0.185546875,-0.302734375
20073,1.162109375,1.142578125,-0.126953125,-0.283203125
20074,1.26953125,1.23046875,-0.29296875,-0.33203125
20075,1.201171875,1.279296875,-0.205078125,-0.283203125
20076,1.15234375,1.171875,-0.1953125,-0.244140625
20077,1.259765625,1.083984375,-0.21484375,-0.3125
20078,1.240234375,1.201171875,-0.1953125,-0.146484375
20079,1.2890625,1.201171875,-0.244140625,-0.234375
20080,1.2109375,1.201171875,-0.224609375,-0.244140625
20081,1.240234375,1.083984375,-0.166015625,-0.234375
20082,1.259765625,1.23046875,-0.17578125,-0.1953125
20083,1.2109375,1.162109375,-0.234375,-0.1953125
20084,1.220703125,1.220703125,-0.1953125,-0.25390625
20085,1.2890625,1.25,-0.322265625,-0.166015625
20086,1.181640625,1.19140625,-0.205078125,-0.263671875
20087,1.240234375,1.2109375,-0.166015625,-0.166015625
20088,1.30859375,1.162109375,-0.205078125,-0.263671875
20089,1.220703125,1.181640625,-0.25390625,-0.17578125
20090,1.2109375,1.23046875,-0.17578125,-0.29296875
20091,1.19140625,1.19140625,-0.185546875,-0.283203125
20092,1.298828125,1.240234375,-0.2734375,-0.37109375
20093,1.3671875,1.2109375,-0.234375,-0.1953125
20094,1.279296875,1.1328125,-0.283203125,-0.205078125
20095,1.2890625,1.240234375,-0.185546875,-0.185546875
20096,1.2890625,1.15234375,-0.185546875,-0.224609375
20097,1.259765625,1.416015625,-0.33203125,-0.25390625
20098,1.142578125,1.103515625,-0.185546875,-0.283203125
20099,1.201171875,1.0546875,-0.185546875,-0.263671875
20100,1.2109375,1.318359375,-0.3515625,-0.3125
20101,1.298828125,1.259765625,-0.419921875,-0.05859375
20102,1.2109375,1.19140625,-0.322265625,-0.21484375
20103,1.2109375,1.318359375,-0.283203125,-0.29296875
20104,1.162109375,1.11328125,-0.244140625,-0.244140625
20105,1.201171875,1.15234375,-0.263671875,-0.283203125
20106,1.26953125,1.1328125,-0.37109375,-0.322265625
20107,1.162109375,1.23046875,-0.283203125,-0.361328125
20108,1.09375,1.259765625,-0.302734375,-0.25390625
20109,1.279296875,1.15234375,-0.25390625,-0.29296875
20110,1.162109375,1.15234375,-0.234375,-0.244140625
20111,1.26953125,1.181640625,-0.3515625,-0.146484375
20112,1.2890625,1.09375,-0.146484375,-0.302734375
20113,1.298828125,1.103515625,-0.263671875,-0.322265625
20114,1.279296875,1.07421875,-0.234375,-0.3125
20115,1.25,0.95703125,-0.244140625,-0.224609375
20116,1.220703125,1.240234375,-0.234375,-0.244140625
20117,1.15234375,1.298828125,-0.302734375,-0.263671875
20118,1.220703125,1.181640625,-0.244140625,-0.25390625
20119,1.25,1.15234375,-0.17578125,-0.263671875
20120,1.259765625,1.2109375,-0.3125,-0.283203125
20121,1.181640625,1.42578125,-0.146484375,-0.263671875
20122,1.083984375,1.1328125,-0.283203125,-0.33203125
20123,1.328125,1.2109375,-0.25390625,-0.224609375
20124,1.337890625,1.171875,-0.107421875,-0.263671875
20125,1.484375,1.201171875,-0.29296875,-0.244140625
20126,1.240234375,1.220703125,-0.224609375,-0.283203125
20127,1.279296875,1.259765625,-0.25390625,-0.283203125
20128,1.259765625,1.201171875,-0.302734375,-0.2734375
20129,1.181640625,1.181640625,-0.13671875,-0.087890625
20130,1.298828125,1.1328125,-0.33203125,-0.3125
20131,1.201171875,1.1328125,-0.390625,-0.205078125
20132,1.279296875,1.240234375,-0.322265625,-0.185546875
20133,1.2109375,1.357421875,-0.244140625,-0.3515625
20134,1.240234375,1.181640625,-0.302734375,-0.3125
20135,1.25,1.162109375,-0.21484375,-0.1953125
20136,1.298828125,1.337890625,-0.419921875,-0.1953125
20137,1.2890625,1.259765625,-0.25390625,-0.302734375
20138,1.328125,1.298828125,-0.380859375,-0.185546875
20139,1.328125,1.181640625,-0.3515625,-0.25390625
20140,1.25,1.279296875,-0.2734375,-0.3125
20141,1.25,1.240234375,-0.302734375,-0.2734375
20142,1.298828125,1.26953125,-0.15625,-0.283203125
20143,1.26953125,1.328125,-0.25390625,-0.302734375
20144,1.23046875,1.318359375,-0.107421875,-0.3515625
20145,1.328125,1.259765625,-0.205078125,-0.341796875
20146,1.259765625,1.240234375,-0.17578125,-0.283203125
20147,1.26953125,1.279296875,-0.2734375,-0.224609375
20148,1.25,1.279296875,-0.01953125,-0.29296875
20149,1.30859375,1.240234375,-0.341796875,-0.13671875
20150,1.4453125,1.2109375,-0.185546875,-0.2734375
20151,1.26953125,1.23046875,-0.224609375,-0.185546875
20152,1.40625,1.40625,-0.1171875,-0.3125
20153,1.396484375,1.171875,-0.21484375,-0.302734375
20154,1.50390625,1.240234375,-0.25390625,-0.302734375
20155,1.30859375,1.2109375,-0.13671875,-0.361328125
20156,1.34765625,1.240234375,-0.37109375,-0.21484375
20157,1.2890625,1.2890625,-0.263671875,-0.1953125
20158,1.38671875,1.2109375,-0.390625,-0.33203125
20159,1.46484375,1.23046875,-0.341796875,-0.41015625
20160,1.337890625,1.171875,-0.21484375,-0.390625
20161,1.259765625,1.25,-0.166015625,-0.25390625
20162,1.30859375,1.240234375,-0.224609375,-0.341796875
20163,1.328125,1.279296875,-0.322265625,-0.390625
20164,1.40625,1.30859375,-0.341796875,-0.3125
20165,1.30859375,1.298828125,-0.21484375,-0.2734375
20166,1.19140625,1.279296875,-0.322265625,-0.3125
20167,1.2890625,1.328125,-0.263671875,-0.390625
20168,1.30859375,1.23046875,-0.322265625,-0.341796875
20169,1.2890625,1.2890625,-0.224609375,-0.263671875
20170,1.318359375,1.1328125,-0.126953125,-0.37109375
20171,1.279296875,1.259765625,-0.234375,-0.322265625
20172,1.26953125,1.328125,-0.244140625,-0.2734375
20173,1.30859375,1.171875,-0.185546875,-0.361328125
20174,1.337890625,1.2890625,-0.400390625,-0.41015625
20175,1.34765625,1.2890625,-0.205078125,-0.37109375
20176,1.318359375,1.259765625,-0.283203125,-0.3125
20177,1.2109375,1.171875,-0.224609375,-0.33203125
20178,1.42578125,1.318359375,-0.166015625,-0.46875
20179,1.2890625,1.19140625,-0.2734375,-0.341796875
20180,1.279296875,1.15234375,-0.263671875,-0.4296875
20181,1.09375,1.298828125,-0.17578125,-0.3515625
20182,1.25,1.328125,-0.224609375,-0.380859375
20183,1.34765625,1.279296875,-0.263671875,-0.341796875
20184,1.30859375,1.201171875,-0.263671875,-0.546875
20185,1.25,1.201171875,-0.234375,-0.390625
20186,1.30859375,1.2109375,-0.224609375,-0.283203125
20187,1.25,1.23046875,-0.33203125,-0.263671875
20188,1.279296875,1.30859375,-0.322265625,-0.33203125
20189,1.26953125,1.30859375,-0.244140625,-0.3125
20190,1.298828125,1.259765625,-0.3515625,-0.29296875
20191,1.328125,1.19140625,-0.3515625,-0.33203125
20192,1.26953125,1.220703125,-0.322265625,-0.205078125
20193,1.279296875,1.2109375,-0.283203125,-0.283203125
20194,1.26953125,1.201171875,-0.185546875,-0.33203125
20195,1.2109375,1.15234375,-0.1171875,-0.263671875
20196,1.25,1.2109375,-0.3125,-0.263671875
20197,1.162109375,1.162109375,-0.25390625,-0.380859375
20198,1.3671875,1.25,-0.107421875,-0.400390625
20199,1.2890625,1.220703125,-0.185546875,-0.341796875
20200,1.2890625,1.19140625,-0.185546875,-0.3515625
20201,1.357421875,1.2109375,-0.361328125,-0.37109375
20202,1.34765625,1.220703125,-0.205078125,-0.419921875
20203,1.298828125,0.9765625,-0.1171875,-0.390625
20204,1.357421875,1.259765625,-0.283203125,-0.2734375
20205,1.357421875,1.25,-0.439453125,-0.33203125
20206,1.30859375,1.181640625,-0.2734375,-0.33203125
20207,1.279296875,1.220703125,-0.283203125,-0.29296875
20208,1.1328125,1.19140625,-0.33203125,-0.390625
20209,1.25,1.181640625,-0.224609375,-0.380859375
20210,1.26953125,1.123046875,-0.224609375,-0.3515625
20211,1.279296875,1.181640625,-0.302734375,-0.224609375
20212,1.25,1.103515625,-0.3125,-0.400390625
20213,1.30859375,1.171875,-0.283203125,-0.322265625
20214,1.337890625,1.220703125,-0.283203125,-0.48828125
20215,1.259765625,1.181640625,-0.283203125,-0.380859375
20216,1.23046875,1.40625,-0.3125,-0.33203125
20217,1.162109375,1.23046875,-0.4296875,-0.3515625
20218,1.220703125,1.03515625,-0.29296875,-0.3125
20219,1.19140625,1.15234375,-0.09765625,-0.322265625
20220,1.240234375,1.26953125,-0.33203125,-0.4296875
20221,1.220703125,1.328125,-0.146484375,-0.37109375
20222,1.19140625,1.171875,-0.13671875,-0.361328125
20223,1.142578125,1.15234375,-0.2734375,-0.48828125
20224,1.19140625,1.2109375,-0.21484375,-0.283203125
20225,1.103515625,1.2890625,-0.205078125,-0.322265625
20226,1.259765625,1.2109375,-0.2734375,-0.29296875
20227,1.23046875,1.15234375,-0.33203125,-0.3125
20228,1.103515625,1.318359375,-0.341796875,-0.439453125
20229,1.23046875,1.2109375,-0.341796875,-0.234375
20230,1.25,1.162109375,-0.244140625,-0.419921875
20231,1.181640625,1.23046875,-0.1953125,-0.322265625
20232,1.09375,1.123046875,-0.21484375,-0.380859375
20233,1.181640625,1.103515625,-0.3515625,-0.302734375
20234,1.19140625,1.19140625,-0.302734375,-0.302734375
20235,1.201171875,1.171875,-0.13671875,-0.400390625
20236,1.220703125,1.181640625,-0.185546875,-0.37109375
20237,1.181640625,1.15234375,-0.29296875,-0.4296875
20238,1.25,1.298828125,-0.185546875,-0.37109375
20239,1.23046875,1.23046875,-0.302734375,-0.3515625
20240,1.1328125,1.201171875,-0.283203125,-0.2734375
20241,1.240234375,1.09375,-0.244140625,-0.322265625
20242,1.25,1.298828125,-0.263671875,-0.33203125
20243,1.201171875,1.1328125,-0.283203125,-0.419921875
20244,1.23046875,1.1328125,-0.25390625,-0.3515625
20245,1.259765625,1.240234375,-0.21484375,-0.5859375
20246,1.240234375,1.1328125,-0.21484375,-0.2734375
20247,1.23046875,1.240234375,-0.3125,-0.3125
20248,1.328125,1.279296875,-0.234375,-0.390625
20249,1.123046875,1.201171875,-0.302734375,-0.390625
20250,1.240234375,1.1328125,-0.283203125,-0.322265625
20251,1.23046875,1.171875,-0.185546875,-0.322265625
20252,1.19140625,1.181640625,-0.390625,-0.322265625
20253,1.181640625,1.2109375,-0.126953125,-0.244140625
20254,1.171875,1.171875,-0.2734375,-0.5078125
20255,1.2109375,1.07421875,-0.263671875,-0.419921875
20256,1.2109375,1.123046875,-0.234375,-0.21484375
20257,1.25,1.171875,-0.25390625,-0.3125
20258,1.26953125,1.2109375,-0.224609375,-0.302734375
20259,1.240234375,1.15234375,-0.21484375,-0.3515625
20260,1.357421875,1.142578125,-0.3515625,-0.341796875
20261,1.25,0.908203125,-0.263671875,-0.29296875
20262,1.25,1.123046875,-0.283203125,-0.244140625
20263,1.25,1.123046875,-0.419921875,-0.46875
20264,1.279296875,1.162109375,-0.1953125,-0.361328125
20265,1.240234375,1.201171875,-0.390625,-0.33203125
20266,1.142578125,1.123046875,-0.234375,-0.361328125
20267,1.298828125,1.259765625,-0.244140625,-0.400390625
20268,1.083984375,1.09375,-0.3515625,-0.283203125
20269,1.240234375,1.123046875,-0.25390625,-0.419921875
20270,1.26953125,1.15234375,-0.25390625,-0.33203125
20271,1.34765625,1.083984375,-0.185546875,-0.37109375
20272,1.2109375,1.044921875,-0.1953125,-0.302734375
20273,1.30859375,0.99609375,-0.234375,-0.33203125
20274,1.2890625,1.09375,-0.2734375,-0.244140625
20275,1.2890625,1.064453125,-0.224609375,-0.380859375
20276,1.23046875,1.083984375,-0.380859375,-0.37109375
20277,1.23046875,1.005859375,-0.25390625,-0.341796875
20278,1.15234375,1.083984375,-0.13671875,-0.13671875
20279,1.357421875,1.15234375,-0.166015625,-0.17578125
20280,1.123046875,0.99609375,-0.146484375,-0.33203125
20281,1.30859375,1.11328125,-0.17578125,-0.087890625
20282,1.240234375,1.015625,-0.1953125,-0.400390625
20283,1.30859375,1.09375,-0.166015625,-0.361328125
20284,1.279296875,1.2109375,-0.2734375,-0.3125
20285,1.2109375,1.044921875,-0.1953125,-0.37109375
20286,1.220703125,0.9375,-0.126953125,-0.302734375
20287,1.19140625,1.03515625,-0.15625,-0.09765625
20288,1.30859375,1.201171875,-0.263671875,-0.322265625
20289,1.19140625,1.083984375,-0.21484375,-0.302734375
20290,1.2890625,1.103515625,-0.185546875,-0.400390625
20291,1.26953125,0.986328125,-0.244140625,-0.29296875
20292,1.26953125,1.2109375,-0.33203125,-0.21484375
20293,1.11328125,1.083984375,-0.224609375,-0.283203125
20294,1.142578125,1.025390625,-0.21484375,-0.341796875
20295,1.259765625,1.083984375,-0.3125,-0.283203125
20296,1.23046875,1.123046875,-0.3515625,-0.2734375
20297,1.2109375,1.064453125,-0.29296875,-0.283203125
20298,1.19140625,1.435546875,-0.166015625,-0.244140625
20299,1.240234375,1.07421875,-0.283203125,-0.390625
20300,1.34765625,1.11328125,-0.2734375,-0.25390625
20301,1.201171875,0.99609375,-0.2734375,-0.244140625
20302,1.142578125,1.171875,-0.1953125,-0.33203125
20303,1.240234375,1.064453125,-0.2734375,-0.3125
20304,1.259765625,0.99609375,-0.3515625,-0.341796875
20305,1.259765625,1.103515625,-0.341796875,-0.29296875
20306,1.3671875,1.03515625,-0.244140625,-0.37109375
20307,1.220703125,1.044921875,-0.41015625,-0.29296875
20308,1.064453125,1.03515625,-0.283203125,-0.341796875
20309,1.279296875,1.015625,-0.3515625,-0.322265625
20310,1.220703125,0.927734375,-0.224609375,-0.361328125
20311,1.171875,1.025390625,-0.2734375,-0.166015625
20312,1.220703125,1.005859375,-0.166015625,-0.224609375
20313,1.298828125,0.9765625,-0.283203125,-0.322265625
20314,1.23046875,1.025390625,-0.263671875,-0.302734375
20315,1.357421875,1.11328125,-0.3125,-0.3125
20316,1.15234375,0.986328125,-0.224609375,-0.302734375
20317,1.181640625,1.103515625,-0.33203125,-0.29296875
20318,1.19140625,1.015625,-0.244140625,-0.341796875
20319,1.19140625,1.162109375,-0.33203125,-0.21484375
20320,1.171875,1.0546875,-0.234375,-0.361328125
20321,1.23046875,0.9765625,-0.13671875,-0.302734375
20322,1.142578125,1.044921875,-0.29296875,-0.302734375
20323,1.240234375,1.083984375,-0.21484375,-0.13671875
20324,1.2890625,0.99609375,-0.234375,-0.17578125
20325,1.123046875,1.103515625,-0.087890625,-0.283203125
20326,1.11328125,1.03515625,-0.263671875,-0.234375
20327,1.15234375,1.064453125,-0.29296875,-0.380859375
20328,1.201171875,1.03515625,-0.234375,-0.244140625
20329,1.220703125,1.025390625,-0.185546875,-0.244140625
20330,1.240234375,1.005859375,-0.25390625,-0.3515625
20331,1.1328125,1.11328125,-0.224609375,-0.205078125
20332,1.279296875,1.11328125,-0.25390625,-0.322265625
20333,1.15234375,1.083984375,-0.341796875,-0.390625
20334,1.19140625,1.064453125,-0.21484375,-0.29296875
20335,1.181640625,1.0546875,-0.205078125,-0.322265625
20336,1.220703125,1.064453125,-0.1953125,-0.224609375
20337,1.064453125,1.044921875,-0.234375,-0.41015625
20338,1.171875,1.103515625,-0.21484375,-0.3515625
20339,1.181640625,1.142578125,-0.244140625,-0.341796875
20340,1.181640625,1.005859375,-0.15625,-0.361328125
20341,1.220703125,1.09375,-0.126953125,-0.322265625
20342,1.064453125,1.11328125,-0.25390625,-0.37109375
20343,1.1328125,0.966796875,-0.33203125,-0.37109375
20344,1.15234375,1.162109375,-0.234375,-0.29296875
20345,1.30859375,1.025390625,-0.21484375,-0.322265625
20346,1.279296875,1.015625,-0.1953125,-0.21484375
20347,1.23046875,1.07421875,-0.17578125,-0.29296875
20348,1.2109375,1.103515625,-0.224609375,-0.185546875
20349,1.162109375,1.064453125,-0.25390625,-0.2734375
20350,1.279296875,1.07421875,-0.17578125,-0.3125
20351,1.171875,1.0546875,-0.234375,-0.478515625
20352,1.2109375,1.357421875,-0.244140625,-0.29296875
20353,1.220703125,1.09375,-0.1953125,-0.3515625
20354,1.201171875,1.083984375,-0.3125,-0.244140625
20355,1.23046875,1.15234375,-0.13671875,-0.322265625
20356,1.2109375,1.15234375,-0.2734375,-0.33203125
20357,1.162109375,1.1328125,-0.146484375,-0.3515625
20358,1.26953125,0.8203125,-0.13671875,-0.234375
20359,1.171875,1.103515625,-0.33203125,-0.33203125
20360,1.171875,1.11328125,-0.2734375,-0.439453125
20361,1.19140625,1.123046875,-0.244140625,-0.263671875
20362,1.11328125,1.15234375,-0.166015625,-0.205078125
20363,1.220703125,1.162109375,-0.2734375,-0.33203125
20364,1.11328125,1.103515625,-0.29296875,-0.37109375
20365,1.123046875,1.15234375,-0.224609375,-0.341796875
20366,1.03515625,1.123046875,-0.234375,-0.17578125
20367,1.2109375,1.064453125,-0.09765625,-0.25390625
20368,1.181640625,1.376953125,-0.234375,-0.322265625
20369,1.171875,1.044921875,-0.283203125,-0.283203125
20370,1.123046875,1.181640625,-0.185546875,-0.283203125
20371,1.15234375,0.947265625,-0.185546875,-0.2734375
20372,1.220703125,1.015625,-0.146484375,-0.37109375
20373,1.103515625,1.0546875,-0.078125,-0.078125
20374,1.103515625,1.015625,-0.166015625,-0.361328125
20375,1.298828125,1.142578125,-0.15625,-0.322265625
20376,1.15234375,1.03515625,-0.126953125,-0.1171875
20377,1.1328125,1.07421875,-0.234375,-0.29296875
20378,1.171875,1.07421875,-0.17578125,-0.2734375
20379,1.07421875,1.07421875,-0.146484375,-0.390625
20380,1.15234375,0.966796875,-0.146484375,-0.166015625
20381,1.03515625,1.064453125,-0.1953125,-0.224609375
20382,1.1328125,1.103515625,-0.17578125,-0.37109375
20383,1.181640625,1.064453125,-0.126953125,-0.283203125
20384,1.15234375,1.142578125,-0.205078125,-0.244140625
20385,1.09375,1.064453125,-0.166015625,-0.29296875
20386,1.181640625,1.064453125,-0.205078125,-0.25390625
20387,1.240234375,1.015625,-0.078125,-0.205078125
20388,1.3671875,1.03515625,-0.13671875,-0.205078125
20389,1.220703125,1.103515625,-0.3125,-0.205078125
20390,1.064453125,1.03515625,-0.13671875,-0.234375
20391,1.220703125,1.1328125,-0.126953125,-0.234375
20392,1.23046875,1.26953125,-0.21484375,-0.263671875
20393,1.23046875,1.064453125,-0.185546875,-0.361328125
20394,1.318359375,1.0546875,-0.361328125,-0.13671875
20395,1.181640625,1.044921875,-0.244140625,-0.244140625
20396,1.318359375,1.064453125,-0.166015625,-0.3125
20397,1.25,1.03515625,-0.1953125,-0.29296875
20398,1.2109375,1.025390625,-0.205078125,-0.224609375
20399,1.318359375,1.064453125,-0.224609375,-0.2734375
20400,1.15234375,0.986328125,-0.21484375,-0.244140625
20401,1.171875,0.869140625,-0.205078125,-0.224609375
20402,1.142578125,1.044921875,-0.283203125,-0.341796875
20403,1.064453125,1.103515625,-0.185546875,-0.283203125
20404,1.123046875,1.162109375,-0.126953125,-0.244140625
20405,1.171875,1.015625,-0.400390625,-0.380859375
20406,1.19140625,1.03515625,-0.341796875,-0.25390625
20407,1.181640625,1.044921875,-0.185546875,-0.205078125
20408,1.201171875,1.015625,-0.41015625,-0.263671875
20409,1.142578125,1.171875,-0.2734375,-0.166015625
20410,1.07421875,0.91796875,-0.302734375,-0.25390625
20411,1.279296875,1.07421875,-0.302734375,-0.25390625
20412,1.142578125,1.09375,-0.3125,-0.2734375
20413,1.19140625,1.083984375,-0.361328125,-0.17578125
20414,1.15234375,1.171875,-0.302734375,-0.25390625
20415,1.19140625,1.07421875,-0.302734375,-0.322265625
20416,1.142578125,1.07421875,-0.41015625,-0.302734375
20417,1.11328125,1.07421875,-0.29296875,-0.244140625
20418,1.11328125,1.09375,-0.361328125,-0.390625
20419,1.328125,1.11328125,-0.390625,-0.107421875
20420,1.240234375,1.259765625,-0.322265625,-0.25390625
20421,1.240234375,1.103515625,-0.244140625,-0.673828125
20422,1.26953125,1.11328125,-0.21484375,-0.283203125
20423,1.201171875,1.103515625,-0.283203125,-0.25390625
20424,1.298828125,1.103515625,-0.146484375,-0.068359375
20425,1.2109375,1.09375,-0.25390625,-0.224609375
20426,1.23046875,1.0546875,-0.302734375,-0.322265625
20427,1.201171875,1.025390625,-0.068359375,-0.166015625
20428,1.142578125,1.03515625,-0.234375,-0.244140625
20429,1.103515625,0.9765625,-0.224609375,-0.166015625
20430,1.240234375,1.044921875,-0.244140625,-0.146484375
20431,1.083984375,1.171875,-0.322265625,-0.15625
20432,1.15234375,1.09375,-0.185546875,-0.21484375
20433,1.259765625,1.07421875,-0.205078125,-0.146484375
20434,1.2109375,1.1328125,-0.185546875,-0.322265625
20435,1.09375,1.083984375,-0.283203125,-0.205078125
20436,1.26953125,1.123046875,-0.283203125,-0.224609375
20437,1.171875,1.025390625,-0.224609375,-0.2734375
20438,1.201171875,1.11328125,-0.3515625,-0.21484375
20439,1.2109375,1.0546875,-0.205078125,-0.25390625
20440,1.19140625,1.25,-0.283203125,-0.126953125
20441,1.1328125,1.1328125,-0.146484375,-0.17578125
20442,1.15234375,1.15234375,-0.205078125,-0.3125
20443,1.1328125,1.220703125,-0.283203125,-0.33203125
20444,1.1328125,1.23046875,-0.322265625,-0.205078125
20445,1.142578125,1.23046875,-0.29296875,-0.146484375
20446,1.03515625,1.240234375,-0.21484375,-0.234375
20447,1.1328125,1.171875,-0.283203125,-0.263671875
20448,1.15234375,1.1328125,-0.25390625,-0.205078125
20449,1.171875,1.19140625,-0.126953125,-0.205078125
20450,1.201171875,1.357421875,-0.224609375,-0.244140625
20451,1.162109375,1.123046875,-0.13671875,-0.283203125
20452,1.1328125,1.2109375,-0.224609375,-0.3125
20453,1.103515625,0.99609375,-0.1953125,-0.1953125
20454,1.162109375,1.1328125,-0.107421875,-0.29296875
20455,1.2109375,1.142578125,-0.29296875,-0.283203125
20456,1.142578125,1.123046875,-0.234375,-0.224609375
20457,1.09375,1.181640625,-0.205078125,-0.234375
20458,1.2109375,1.201171875,-0.263671875,-0.126953125
20459,1.171875,1.2109375,-0.1953125,-0.29296875
20460,1.23046875,1.103515625,-0.3125,-0.224609375
20461,1.181640625,1.103515625,-0.25390625,-0.205078125
20462,1.1328125,1.15234375,-0.25390625,-0.21484375
20463,1.259765625,1.123046875,-0.107421875,-0.2734375
20464,1.240234375,1.19140625,-0.29296875,-0.224609375
20465,1.1328125,1.044921875,-0.2734375,-0.322265625
20466,1.171875,1.162109375,-0.166015625,-0.146484375
20467,1.2109375,1.11328125,-0.166015625,-0.2734375
20468,1.201171875,1.171875,-0.244140625,-0.302734375
20469,1.220703125,1.171875,-0.166015625,-0.205078125
20470,1.30859375,1.25,-0.17578125,-0.234375
20471,1.171875,1.0546875,-0.29296875,-0.15625
20472,1.171875,1.240234375,-0.234375,-0.13671875
20473,1.23046875,1.1328125,-0.25390625,-0.2734375
20474,1.240234375,1.376953125,-0.185546875,-0.25390625
20475,1.15234375,1.15234375,-0.078125,-0.15625
20476,1.2890625,1.2890625,-0.205078125,-0.048828125
20477,1.201171875,1.240234375,-0.1953125,-0.25390625
20478,1.19140625,1.11328125,-0.205078125,-0.322265625
20479,1.181640625,1.2109375,-0.1953125,-0.283203125
20480,1.30859375,1.15234375,-0.087890625,-0.302734375
20481,1.142578125,1.123046875,-0.302734375,-0.15625
20482,1.2890625,1.19140625,-0.17578125,-0.1953125
20483,1.25,1.201171875,-0.234375,-0.25390625
20484,1.201171875,1.2109375,-0.185546875,-0.25390625
20485,1.181640625,1.171875,-0.234375,-0.25390625
20486,1.240234375,1.103515625,-0.244140625,-0.13671875
20487,1.298828125,1.123046875,-0.17578125,-0.2734375
20488,1.181640625,1.171875,-0.283203125,-0.3125
20489,1.220703125,1.064453125,-0.263671875,-0.234375
20490,1.2109375,0.9375,-0.1953125,-0.205078125
20491,1.26953125,1.15234375,-0.146484375,-0.126953125
20492,1.240234375,1.201171875,-0.2734375,-0.1953125
20493,1.2109375,1.103515625,-0.234375,-0.25390625
20494,1.2890625,1.201171875,-0.234375,-0.2734375
20495,1.2890625,1.171875,-0.224609375,-0.498046875
20496,1.30859375,1.142578125,-0.3125,-0.205078125
20497,1.26953125,1.181640625,-0.33203125,-0.21484375
20498,1.181640625,1.259765625,-0.2734375,-0.439453125
20499,1.259765625,1.162109375,-0.1953125,-0.224609375
20500,1.25,1.181640625,-0.37109375,-0.2734375
20501,1.083984375,1.19140625,-0.302734375,-0.205078125
20502,1.171875,1.23046875,-0.2734375,-0.244140625
20503,1.171875,1.15234375,-0.1953125,-0.4296875
20504,1.123046875,1.162109375,-0.166015625,-0.29296875
20505,1.220703125,1.103515625,-0.185546875,-0.2734375
20506,1.142578125,1.1328125,-0.3125,-0.283203125
20507,1.162109375,1.171875,-0.263671875,-0.361328125
20508,1.220703125,1.318359375,-0.263671875,-0.126953125
20509,1.142578125,1.09375,-0.341796875,-0.33203125
20510,1.298828125,1.25,-0.25390625,-0.126953125
20511,1.26953125,1.34765625,-0.29296875,-0.21484375
20512,1.240234375,1.181640625,-0.25390625,-0.166015625
20513,1.298828125,1.142578125,-0.166015625,-0.25390625
20514,1.23046875,1.2890625,-0.29296875,-0.263671875
20515,1.25,1.11328125,-0.17578125,-0.361328125
20516,1.2109375,1.15234375,-0.3125,-0.166015625
20517,1.3671875,1.23046875,-0.146484375,-0.205078125
20518,1.23046875,1.19140625,-0.234375,-0.302734375
20519,1.23046875,1.123046875,-0.244140625,-0.263671875
20520,1.328125,1.38671875,-0.25390625,-0.146484375
20521,1.201171875,1.23046875,-0.244140625,-0.283203125
20522,1.279296875,1.03515625,-0.25390625,-0.302734375
20523,1.279296875,1.1328125,-0.185546875,-0.21484375
20524,1.298828125,1.23046875,-0.283203125,-0.263671875
20525,1.259765625,1.181640625,-0.25390625,-0.3125
20526,1.26953125,1.2109375,-0.283203125,-0.3515625
20527,1.2109375,1.171875,-0.341796875,-0.1953125
20528,1.15234375,1.162109375,-0.146484375,-0.13671875
20529,1.23046875,1.171875,-0.341796875,-0.1953125
20530,1.30859375,1.25,-0.37109375,-0.263671875
20531,1.2890625,1.171875,-0.3515625,-0.263671875
20532,1.30859375,1.123046875,-0.29296875,-0.322265625
20533,1.171875,1.11328125,-0.234375,-0.29296875
20534,1.162109375,1.240234375,-0.21484375,-0.263671875
20535,1.220703125,1.11328125,-0.2734375,-0.322265625
20536,1.357421875,1.396484375,-0.302734375,-0.361328125
20537,1.0546875,1.162109375,-0.205078125,-0.1953125
20538,1.2890625,1.34765625,-0.263671875,-0.21484375
20539,1.26953125,1.2109375,-0.3125,-0.234375
20540,1.38671875,1.1328125,-0.400390625,-0.458984375
20541,1.181640625,1.19140625,-0.302734375,-0.263671875
20542,1.2109375,1.083984375,-0.263671875,-0.302734375
20543,1.142578125,1.171875,-0.3125,-0.302734375
20544,1.259765625,1.2890625,-0.29296875,-0.25390625
20545,1.171875,1.259765625,-0.322265625,-0.283203125
20546,1.40625,1.15234375,-0.302734375,-0.224609375
20547,1.142578125,1.15234375,-0.380859375,-0.2734375
20548,1.201171875,1.123046875,-0.2734375,-0.2734375
20549,1.171875,1.201171875,-0.126953125,-0.25390625
20550,1.298828125,1.162109375,-0.244140625,-0.05859375
20551,1.2109375,1.220703125,-0.3125,-0.322265625
20552,1.220703125,1.181640625,-0.166015625,-0.29296875
20553,1.171875,1.25,-0.13671875,-0.361328125
20554,1.181640625,1.259765625,-0.29296875,-0.3515625
20555,1.26953125,1.19140625,-0.17578125,-0.1953125
20556,1.2890625,1.240234375,-0.302734375,-0.09765625
20557,1.162109375,1.240234375,-0.234375,-0.3125
20558,1.328125,1.23046875,-0.3125,-0.33203125
20559,1.2890625,1.26953125,-0.25390625,-0.302734375
20560,1.2890625,1.259765625,-0.29296875,-0.37109375
20561,1.240234375,1.240234375,-0.25390625,-0.33203125
20562,1.279296875,1.23046875,-0.341796875,-0.390625
20563,1.259765625,1.07421875,-0.380859375,-0.29296875
20564,1.328125,1.2890625,-0.2734375,-0.1953125
20565,1.328125,1.240234375,-0.341796875,-0.25390625
20566,1.279296875,1.2109375,-0.29296875,-0.224609375
20567,1.171875,1.279296875,-0.15625,-0.29296875
20568,1.26953125,1.259765625,-0.21484375,-0.380859375
20569,1.298828125,1.26953125,-0.439453125,-0.322265625
20570,1.30859375,1.26953125,-0.29296875,-0.3125
20571,1.26953125,1.162109375,-0.3125,-0.244140625
20572,1.30859375,1.318359375,-0.244140625,-0.33203125
20573,1.279296875,1.15234375,-0.185546875,-0.33203125
20574,1.34765625,1.26953125,-0.21484375,-0.33203125
20575,1.26953125,1.103515625,-0.21484375,-0.302734375
20576,1.34765625,1.279296875,-0.205078125,-0.29296875
20577,1.240234375,1.181640625,-0.146484375,-0.439453125
20578,1.259765625,1.103515625,-0.17578125,-0.2734375
20579,1.376953125,1.181640625,-0.263671875,-0.263671875
20580,1.533203125,1.2109375,-0.302734375,-0.1953125
20581,1.3671875,1.279296875,-0.341796875,-0.29296875
20582,1.42578125,1.09375,-0.234375,-0.283203125
20583,1.3671875,1.220703125,-0.322265625,-0.283203125
20584,1.396484375,1.26953125,-0.1171875,-0.224609375
20585,1.279296875,1.25,-0.244140625,-0.263671875
20586,1.396484375,1.26953125,-0.322265625,-0.400390625
20587,1.416015625,1.181640625,-0.302734375,-0.341796875
20588,1.38671875,1.259765625,-0.224609375,-0.263671875
20589,1.318359375,1.220703125,-0.244140625,-0.322265625
20590,1.2890625,1.494140625,-0.166015625,-0.302734375
20591,1.357421875,1.19140625,-0.263671875,-0.302734375
20592,1.40625,1.25,-0.234375,-0.302734375
20593,1.337890625,1.30859375,-0.25390625,-0.439453125
20594,1.337890625,1.162109375,-0.234375,-0.1953125
20595,1.19140625,1.181640625,-0.244140625,-0.302734375
20596,1.40625,1.50390625,-0.302734375,-0.263671875
20597,1.279296875,1.474609375,-0.126953125,-0.400390625
20598,1.376953125,1.2890625,-0.302734375,-0.283203125
20599,1.26953125,1.2109375,-0.126953125,-0.3515625
20600,1.3671875,1.3671875,-0.322265625,-0.341796875
20601,1.318359375,1.19140625,-0.2734375,-0.302734375
20602,1.34765625,1.337890625,-0.341796875,-0.263671875
20603,1.396484375,1.3671875,-0.263671875,-0.33203125
20604,1.26953125,1.2109375,-0.17578125,-0.3515625
20605,1.171875,1.23046875,-0.302734375,-0.41015625
20606,1.30859375,1.201171875,-0.283203125,-0.263671875
20607,1.40625,1.23046875,-0.21484375,-0.33203125
20608,1.2890625,1.181640625,-0.361328125,-0.341796875
20609,1.26953125,1.2109375,-0.25390625,-0.322265625
20610,1.337890625,1.19140625,-0.21484375,-0.341796875
20611,1.171875,1.23046875,-0.205078125,-0.29296875
20612,1.171875,1.220703125,-0.29296875,-0.2734375
20613,1.240234375,1.23046875,-0.283203125,-0.3515625
20614,1.220703125,1.337890625,-0.283203125,-0.400390625
20615,1.181640625,1.23046875,-0.166015625,-0.25390625
20616,1.09375,1.220703125,-0.283203125,-0.244140625
20617,1.240234375,1.23046875,-0.25390625,-0.390625
20618,1.181640625,1.26953125,-0.33203125,-0.341796875
20619,1.123046875,1.162109375,-0.263671875,-0.3125
20620,1.220703125,1.30859375,-0.37109375,-0.390625
20621,1.162109375,1.25,-0.33203125,-0.322265625
20622,1.220703125,1.19140625,-0.322265625,-0.29296875
20623,1.25,1.220703125,-0.2734375,-0.244140625
20624,1.201171875,1.26953125,-0.33203125,-0.205078125
20625,1.26953125,1.23046875,-0.263671875,-0.146484375
20626,1.23046875,1.142578125,-0.302734375,-0.17578125
20627,1.2890625,1.240234375,-0.166015625,-0.41015625
20628,1.2890625,1.171875,-0.234375,-0.2734375
20629,1.240234375,1.25,-0.263671875,-0.380859375
20630,1.2890625,1.19140625,-0.263671875,-0.21484375
20631,1.23046875,1.15234375,-0.1953125,-0.21484375
20632,1.19140625,1.2109375,-0.234375,-0.234375
20633,1.26953125,1.181640625,-0.205078125,-0.234375
20634,1.23046875,1.220703125,-0.15625,-0.302734375
20635,1.220703125,1.23046875,-0.21484375,-0.2734375
20636,1.123046875,0.99609375,-0.283203125,-0.322265625
20637,1.11328125,1.2109375,-0.25390625,-0.29296875
20638,1.19140625,1.220703125,-0.25390625,-0.341796875
20639,1.23046875,1.3671875,-0.244140625,-0.3125
20640,1.201171875,0.986328125,-0.3125,-0.3125
20641,1.103515625,1.25,-0.283203125,-0.302734375
20642,1.337890625,1.2890625,-0.21484375,-0.3515625
20643,1.259765625,1.240234375,-0.33203125,-0.322265625
20644,1.171875,1.25,-0.234375,-0.2734375
20645,1.171875,1.30859375,-0.263671875,-0.33203125
20646,1.30859375,1.005859375,-0.33203125,-0.37109375
20647,1.279296875,1.19140625,-0.380859375,-0.380859375
20648,1.26953125,1.181640625,-0.3515625,-0.400390625
20649,1.2890625,1.015625,-0.390625,-0.380859375
20650,1.220703125,1.201171875,-0.29296875,-0.37109375
20651,1.220703125,1.142578125,-0.263671875,-0.380859375
20652,1.220703125,1.259765625,-0.263671875,-0.322265625
20653,1.19140625,1.1328125,-0.3125,-0.44921875
20654,1.240234375,1.220703125,-0.17578125,-0.3515625
20655,1.15234375,1.220703125,-0.234375,-0.3125
20656,1.162109375,1.376953125,-0.1953125,-0.390625
20657,1.26953125,1.25,-0.25390625,-0.341796875
20658,1.123046875,1.162109375,-0.1953125,-0.390625
20659,1.357421875,1.23046875,-0.185546875,-0.341796875
20660,1.25,1.181640625,-0.166015625,-0.380859375
20661,1.240234375,1.2109375,-0.263671875,-0.29296875
20662,1.259765625,1.220703125,-0.234375,-0.234375
20663,1.259765625,1.19140625,-0.283203125,-0.361328125
20664,1.201171875,1.259765625,-0.2734375,-0.3125
20665,1.279296875,1.0546875,-0.25390625,-0.44921875
20666,1.201171875,1.23046875,-0.087890625,-0.4296875
20667,1.142578125,1.142578125,-0.21484375,-0.458984375
20668,1.171875,1.201171875,-0.146484375,-0.37109375
20669,1.279296875,1.171875,-0.166015625,-0.439453125
20670,1.181640625,1.2890625,-0.322265625,-0.380859375
20671,1.171875,1.26953125,-0.224609375,-0.185546875
20672,1.2109375,1.15234375,-0.15625,-0.17578125
20673,1.19140625,1.259765625,-0.15625,-0.33203125
20674,1.201171875,1.259765625,-0.205078125,-0.2734375
20675,1.23046875,1.19140625,-0.244140625,-0.29296875
20676,1.15234375,1.123046875,-0.29296875,-0.380859375
20677,1.15234375,1.25,-0.2734375,-0.419921875
20678,1.23046875,1.0546875,-0.29296875,-0.4296875
20679,1.259765625,0.986328125,-0.1953125,-0.400390625
20680,1.298828125,1.0546875,-0.263671875,-0.244140625
20681,1.220703125,1.044921875,-0.341796875,-0.361328125
20682,1.259765625,1.162109375,-0.3125,-0.361328125
20683,1.298828125,1.07421875,-0.25390625,-0.400390625
20684,1.298828125,1.103515625,-0.244140625,-0.419921875
20685,1.396484375,1.044921875,-0.166015625,-0.302734375
20686,1.259765625,1.103515625,-0.205078125,-0.322265625
20687,1.142578125,1.044921875,-0.263671875,-0.46875
20688,1.318359375,1.083984375,-0.068359375,-0.517578125
20689,1.2109375,1.044921875,-0.25390625,-0.244140625
20690,1.162109375,1.11328125,-0.33203125,-0.4296875
20691,1.23046875,0.830078125,-0.283203125,-0.361328125
20692,1.328125,1.1328125,-0.25390625,-0.244140625
20693,1.2890625,1.07421875,-0.224609375,-0.439453125
20694,1.26953125,1.11328125,-0.244140625,-0.234375
20695,1.298828125,1.11328125,-0.234375,-0.361328125
20696,1.357421875,1.123046875,-0.2734375,-0.29296875
20697,1.23046875,1.025390625,-0.283203125,-0.33203125
20698,1.240234375,1.1328125,-0.3125,-0.341796875
20699,1.162109375,1.11328125,-0.185546875,-0.3125
20700,1.26953125,1.025390625,-0.3125,-0.33203125
20701,1.318359375,1.15234375,-0.21484375,-0.3125
20702,1.3671875,1.103515625,-0.263671875,-0.517578125
20703,1.34765625,0.87890625,-0.078125,-0.263671875
20704,1.201171875,1.15234375,-0.2734375,-0.25390625
20705,1.044921875,1.1328125,-0.302734375,-0.44921875
20706,1.162109375,1.1328125,-0.302734375,-0.380859375
20707,1.19140625,0.83984375,-0.13671875,-0.3515625
20708,1.298828125,0.99609375,-0.1953125,-0.361328125
20709,1.2109375,0.888671875,-0.29296875,-0.29296875
20710,1.259765625,1.07421875,-0.185546875,-0.302734375
20711,1.2890625,0.9375,-0.234375,-0.3125
20712,1.171875,1.07421875,-0.1953125,-0.4296875
20713,1.259765625,0.9765625,-0.15625,-0.322265625
20714,1.259765625,0.99609375,-0.185546875,-0.37109375
20715,1.279296875,0.986328125,-0.234375,-0.341796875
20716,1.279296875,1.103515625,-0.185546875,-0.302734375
20717,1.181640625,1.064453125,-0.322265625,-0.4296875
20718,1.30859375,1.171875,-0.244140625,-0.205078125
20719,1.23046875,1.064453125,-0.3125,-0.283203125
20720,1.220703125,0.9765625,-0.234375,-0.400390625
20721,1.26953125,1.005859375,-0.1171875,-0.341796875
20722,1.240234375,1.09375,-0.146484375,-0.234375
20723,1.181640625,0.986328125,-0.21484375,-0.400390625
20724,1.19140625,1.0546875,-0.244140625,-0.3515625
20725,1.181640625,0.9765625,-0.33203125,-0.185546875
20726,1.220703125,0.99609375,-0.283203125,-0.146484375
20727,1.259765625,1.005859375,-0.3515625,-0.263671875
20728,1.171875,1.064453125,-0.146484375,-0.234375
20729,1.181640625,1.064453125,-0.29296875,0
20730,1.171875,0.91796875,-0.263671875,-0.224609375
20731,1.328125,0.947265625,-0.361328125,-0.3125
20732,1.259765625,1.025390625,-0.166015625,-0.37109375
20733,1.083984375,1.064453125,-0.263671875,-0.458984375
20734,1.23046875,1.0546875,-0.234375,-0.33203125
20735,1.171875,1.064453125,-0.400390625,-0.283203125
20736,1.123046875,1.025390625,-0.263671875,-0.1953125
20737,1.240234375,1.064453125,-0.341796875,-0.37109375
20738,1.220703125,1.044921875,-0.37109375,-0.224609375
20739,1.2109375,1.064453125,-0.15625,-0.283203125
20740,1.162109375,1.07421875,-0.15625,-0.234375
20741,1.15234375,1.005859375,-0.283203125,-0.37109375
20742,1.19140625,1.1328125,-0.234375,-0.283203125
20743,1.171875,1.005859375,-0.322265625,-0.2734375
20744,1.19140625,0.9765625,-0.15625,-0.205078125
20745,1.2109375,1.03515625,-0.302734375,-0.390625
20746,1.15234375,1.103515625,-0.15625,-0.29296875
20747,1.2890625,1.064453125,-0.361328125,-0.302734375
20748,1.1328125,0.99609375,-0.21484375,-0.341796875
20749,1.201171875,0.99609375,-0.17578125,-0.283203125
20750,1.171875,1.0546875,-0.29296875,-0.2734375
20751,1.19140625,0.986328125,-0.166015625,-0.41015625
20752,1.240234375,1.03515625,-0.29296875,-0.341796875
20753,1.19140625,1.025390625,-0.1953125,-0.15625
20754,1.220703125,1.064453125,-0.185546875,-0.3125
20755,1.181640625,1.064453125,-0.185546875,-0.224609375
20756,1.171875,1.005859375,-0.21484375,-0.25390625
20757,1.181640625,0.9765625,-0.21484375,-0.25390625
20758,1.240234375,0.888671875,-0.185546875,-0.29296875
20759,1.162109375,0.9765625,-0.25390625,-0.37109375
20760,1.19140625,0.966796875,-0.244140625,-0.322265625
20761,1.26953125,1.015625,-0.224609375,-0.37109375
20762,1.201171875,1.03515625,-0.166015625,-0.37109375
20763,1.171875,1.03515625,-0.1953125,-0.3125
20764,1.19140625,1.025390625,-0.33203125,-0.41015625
20765,1.1328125,0.966796875,-0.224609375,-0.3125
20766,1.162109375,1.1328125,-0.234375,-0.361328125
20767,1.181640625,1.083984375,-0.25390625,-0.29296875
20768,1.220703125,0.91796875,-0.341796875,-0.4296875
20769,1.123046875,1.025390625,-0.29296875,-0.322265625
20770,1.171875,0.99609375,-0.205078125,-0.322265625
20771,1.220703125,0.986328125,-0.3125,-0.37109375
20772,1.181640625,1.025390625,-0.283203125,-0.546875
20773,1.240234375,1.044921875,-0.107421875,-0.380859375
20774,1.259765625,0.99609375,-0.15625,-0.390625
20775,1.171875,1.103515625,-0.185546875,-0.341796875
20776,1.171875,1.103515625,-0.25390625,-0.283203125
20777,1.279296875,0.986328125,-0.302734375,-0.3515625
20778,1.279296875,1.1328125,-0.21484375,-0.3125
20779,1.171875,1.142578125,-0.224609375,-0.33203125
20780,1.171875,1.1328125,-0.263671875,-0.322265625
20781,1.142578125,1.09375,-0.166015625,-0.21484375
20782,1.25,1.044921875,-0.224609375,-0.380859375
20783,1.181640625,1.142578125,-0.25390625,-0.3125
20784,1.318359375,1.07421875,-0.21484375,-0.390625
20785,1.201171875,1.103515625,-0.15625,-0.3125
20786,1.15234375,1.1328125,-0.4296875,-0.25390625
20787,1.142578125,1.103515625,-0.244140625,-0.263671875
20788,1.15234375,1.07421875,-0.263671875,-0.25390625
20789,1.201171875,1.142578125,-0.244140625,-0.3125
20790,1.171875,1.1328125,-0.21484375,-0.29296875
20791,1.337890625,1.07421875,-0.25390625,-0.234375
20792,1.220703125,1.07421875,-0.244140625,-0.21484375
20793,1.162109375,1.103515625,-0.341796875,-0.283203125
20794,1.1328125,1.1328125,-0.3125,-0.107421875
20795,1.30859375,1.11328125,-0.166015625,-0.234375
20796,1.07421875,1.103515625,-0.078125,-0.4296875
20797,1.123046875,1.09375,-0.21484375,-0.3125
20798,1.23046875,1.171875,-0.25390625,-0.224609375
20799,1.26953125,1.064453125,-0.17578125,-0.234375
20800,1.220703125,1.09375,-0.185546875,-0.263671875
20801,1.259765625,1.025390625,-0.078125,-0.322265625
20802,1.162109375,0.99609375,-0.1953125,-0.244140625
20803,1.044921875,1.103515625,-0.205078125,-0.21484375
20804,1.181640625,0.8984375,-0.17578125,-0.263671875
20805,1.083984375,1.005859375,-0.302734375,-0.37109375
20806,1.279296875,1.07421875,-0.1953125,-0.126953125
20807,1.1328125,1.083984375,-0.13671875,-0.234375
20808,1.083984375,1.044921875,-0.400390625,-0.263671875
20809,1.103515625,1.11328125,-0.17578125,-0.263671875
20810,1.19140625,1.162109375,-0.048828125,-0.2734375
20811,1.23046875,1.083984375,-0.25390625,-0.205078125
20812,1.19140625,1.005859375,-0.15625,-0.2734375
20813,1.19140625,0.986328125,-0.224609375,-0.361328125
20814,1.220703125,1.09375,-0.234375,-0.302734375
20815,1.259765625,1.1328125,-0.234375,-0.390625
20816,1.220703125,1.103515625,-0.166015625,-0.283203125
20817,1.19140625,1.201171875,-0.1953125,-0.234375
20818,1.11328125,1.123046875,-0.126953125,-0.322265625
20819,1.240234375,1.123046875,-0.17578125,-0.322265625
20820,1.2890625,1.25,-0.244140625,-0.3125
20821,1.259765625,0.9765625,-0.205078125,-0.302734375
20822,1.162109375,1.03515625,-0.1953125,-0.302734375
20823,1.171875,1.103515625,-0.205078125,-0.234375
20824,1.240234375,1.064453125,-0.283203125,-0.283203125
20825,1.2890625,1.0546875,-0.302734375,-0.341796875
20826,1.279296875,1.09375,-0.283203125,-0.205078125
20827,1.2109375,1.083984375,-0.224609375,-0.3515625
20828,1.30859375,1.123046875,-0.244140625,-0.185546875
20829,1.1328125,0.947265625,-0.1953125,-0.25390625
20830,1.162109375,1.09375,-0.21484375,-0.3515625
20831,1.357421875,1.025390625,-0.283203125,-0.263671875
20832,1.103515625,1.005859375,-0.244140625,-0.234375
20833,1.181640625,1.09375,-0.244140625,-0.4296875
20834,1.181640625,1.0546875,-0.234375,-0.15625
20835,1.15234375,1.0546875,-0.341796875,-0.15625
20836,1.26953125,1.1328125,-0.341796875,-0.244140625
20837,1.123046875,1.171875,-0.283203125,-0.263671875
20838,1.103515625,1.1328125,-0.2734375,-0.185546875
20839,1.23046875,1.171875,-0.302734375,-0.234375
20840,1.240234375,1.025390625,-0.25390625,-0.244140625
20841,1.15234375,1.064453125,-0.205078125,-0.15625
20842,1.15234375,1.064453125,-0.302734375,-0.244140625
20843,1.181640625,1.07421875,-0.244140625,-0.263671875
20844,1.0546875,1.162109375,-0.185546875,-0.33203125
20845,1.240234375,1.015625,-0.25390625,-0.33203125
20846,1.162109375,1.123046875,-0.224609375,-0.244140625
20847,1.19140625,0.947265625,-0.322265625,-0.341796875
20848,1.1328125,1.142578125,-0.21484375,-0.17578125
20849,1.1328125,1.11328125,-0.21484375,-0.234375
20850,1.142578125,1.15234375,-0.37109375,-0.3125
20851,1.25,1.064453125,-0.244140625,-0.09765625
20852,1.142578125,1.025390625,-0.25390625,-0.09765625
20853,1.19140625,1.19140625,-0.2734375,-0.17578125
20854,1.123046875,1.083984375,-0.322265625,-0.4296875
20855,1.162109375,1.03515625,-0.2734375,-0.17578125
20856,1.240234375,1.11328125,-0.185546875,-0.146484375
20857,1.201171875,1.15234375,-0.37109375,-0.380859375
20858,1.171875,1.0546875,-0.3125,-0.205078125
20859,1.2109375,1.1328125,-0.37109375,-0.1953125
20860,1.220703125,1.025390625,-0.302734375,-0.13671875
20861,1.11328125,1.044921875,-0.25390625,-0.244140625
20862,1.09375,1.2109375,-0.1171875,-0.263671875
20863,1.064453125,1.064453125,-0.263671875,-0.302734375
20864,1.09375,1.025390625,-0.05859375,-0.263671875
20865,1.1328125,1.09375,-0.185546875,-0.205078125
20866,1.142578125,1.044921875,-0.234375,-0.380859375
20867,1.11328125,1.083984375,-0.263671875,-0.17578125
20868,1.181640625,0.966796875,-0.224609375,-0.2734375
20869,1.259765625,1.09375,-0.185546875,-0.29296875
20870,1.2109375,1.09375,-0.2734375,-0.29296875
20871,1.142578125,1.337890625,-0.234375,-0.341796875
20872,1.171875,1.1328125,-0.322265625,-0.263671875
20873,1.162109375,1.083984375,-0.263671875,-0.1171875
20874,1.162109375,0.908203125,-0.25390625,-0.25390625
20875,1.15234375,1.15234375,-0.146484375,-0.234375
20876,1.142578125,1.15234375,-0.244140625,-0.1171875
20877,1.220703125,1.2109375,-0.3125,-0.3515625
20878,1.201171875,1.083984375,-0.126953125,-0.302734375
20879,1.1328125,1.162109375,-0.263671875,-0.205078125
20880,1.11328125,1.044921875,-0.25390625,-0.2734375
20881,1.123046875,1.11328125,-0.21484375,-0.224609375
20882,1.15234375,1.1328125,-0.234375,-0.3125
20883,1.123046875,0.99609375,-0.244140625,-0.263671875
20884,1.15234375,1.03515625,-0.17578125,-0.263671875
20885,1.064453125,1.11328125,-0.185546875,-0.322265625
20886,1.03515625,1.064453125,-0.2734375,-0.3125
20887,1.103515625,1.11328125,0.05859375,-0.361328125
20888,1.201171875,1.298828125,-0.166015625,-0.2734375
20889,1.103515625,1.328125,-0.13671875,-0.21484375
20890,1.15234375,1.123046875,-0.205078125,-0.263671875
20891,1.171875,1.09375,-0.078125,-0.15625
20892,1.181640625,1.240234375,-0.302734375,-0.205078125
20893,1.162109375,1.40625,-0.15625,-0.2734375
20894,1.1328125,1.181640625,-0.3125,-0.3125
20895,1.240234375,1.15234375,-0.224609375,-0.3125
20896,1.15234375,1.220703125,-0.322265625,-0.33203125
20897,1.259765625,1.25,-0.25390625,-0.263671875
20898,1.23046875,1.19140625,-0.361328125,-0.166015625
20899,1.2109375,1.09375,-0.244140625,-0.1953125
20900,1.1328125,1.23046875,-0.322265625,-0.21484375
20901,1.220703125,1.2109375,-0.13671875,-0.283203125
20902,1.162109375,1.19140625,-0.3515625,-0.263671875
20903,1.23046875,1.201171875,-0.25390625,-0.29296875
20904,1.171875,1.25,-0.1171875,-0.244140625
20905,1.162109375,1.220703125,-0.13671875,-0.146484375
20906,1.357421875,1.171875,-0.13671875,-0.1171875
20907,1.1328125,1.142578125,-0.166015625,-0.205078125
20908,1.201171875,1.259765625,-0.078125,-0.283203125
20909,1.103515625,1.171875,-0.234375,-0.21484375
20910,1.19140625,1.23046875,-0.15625,-0.3125
20911,1.15234375,1.298828125,-0.1953125,-0.302734375
20912,1.181640625,1.220703125,-0.29296875,-0.46875
20913,1.25,1.220703125,-0.205078125,-0.322265625
20914,1.240234375,1.26953125,-0.25390625,-0.21484375
20915,1.23046875,1.1328125,-0.29296875,-0.390625
20916,1.2109375,1.171875,-0.205078125,-0.244140625
20917,1.298828125,1.220703125,-0.13671875,-0.33203125
20918,1.30859375,1.142578125,-0.146484375,-0.185546875
20919,1.23046875,1.15234375,-0.21484375,-0.400390625
20920,1.23046875,1.162109375,-0.25390625,-0.25390625
20921,1.25,1.171875,-0.068359375,-0.244140625
20922,1.2890625,1.279296875,-0.126953125,-0.3125
20923,1.279296875,1.15234375,-0.283203125,-0.25390625
20924,1.34765625,1.15234375,-0.244140625,-0.341796875
20925,1.220703125,1.15234375,-0.283203125,-0.1953125
20926,1.2109375,1.201171875,-0.33203125,-0.33203125
20927,1.2109375,1.201171875,-0.146484375,-0.29296875
20928,1.30859375,1.15234375,-0.1953125,-0.224609375
20929,1.15234375,1.201171875,-0.185546875,-0.322265625
20930,1.11328125,1.23046875,-0.224609375,-0.361328125
20931,1.259765625,1.19140625,-0.224609375,-0.29296875
20932,1.201171875,1.259765625,-0.078125,-0.25390625
20933,1.142578125,1.435546875,-0.21484375,-0.3125
20934,1.123046875,1.201171875,-0.234375,-0.25390625
20935,1.142578125,1.19140625,-0.205078125,-0.341796875
20936,1.171875,1.201171875,-0.25390625,-0.283203125
20937,1.298828125,1.19140625,-0.224609375,-0.52734375
20938,1.23046875,1.083984375,-0.205078125,-0.21484375
20939,1.181640625,1.15234375,-0.146484375,-0.29296875
20940,1.07421875,1.19140625,-0.185546875,-0.09765625
20941,1.142578125,1.15234375,-0.224609375,-0.263671875
20942,1.142578125,1.181640625,-0.419921875,-0.166015625
20943,1.142578125,1.2109375,-0.322265625,-0.234375
20944,1.259765625,1.19140625,-0.126953125,-0.322265625
20945,1.25,1.171875,-0.1953125,-0.322265625
20946,1.220703125,1.171875,-0.322265625,-0.29296875
20947,1.25,1.15234375,-0.166015625,-0.302734375
20948,1.162109375,1.19140625,-0.166015625,-0.166015625
20949,1.171875,1.171875,-0.234375,-0.29296875
20950,1.19140625,1.162109375,-0.234375,-0.3125
20951,1.201171875,1.23046875,-0.263671875,-0.263671875
20952,1.416015625,1.23046875,-0.400390625,-0.2734375
20953,1.2890625,1.40625,-0.361328125,-0.1953125
20954,1.103515625,1.181640625,-0.283203125,-0.322265625
20955,1.162109375,1.2890625,-0.205078125,-0.283203125
20956,1.259765625,1.240234375,-0.29296875,-0.234375
20957,1.15234375,1.201171875,-0.3125,-0.283203125
20958,1.025390625,1.2109375,-0.3125,-0.283203125
20959,1.171875,1.220703125,-0.1171875,-0.3125
20960,1.259765625,1.0546875,-0.322265625,-0.29296875
20961,1.083984375,1.201171875,-0.224609375,-0.41015625
20962,1.259765625,1.40625,-0.302734375,-0.29296875
20963,1.201171875,1.171875,-0.263671875,-0.33203125
20964,1.064453125,1.279296875,-0.341796875,-0.263671875
20965,1.201171875,1.25,-0.283203125,-0.205078125
20966,1.2109375,1.2109375,-0.283203125,-0.263671875
20967,1.23046875,1.220703125,-0.283203125,-0.361328125
20968,1.083984375,1.171875,-0.244140625,-0.29296875
20969,1.220703125,1.416015625,-0.146484375,-0.234375
20970,1.171875,1.162109375,-0.263671875,-0.263671875
20971,1.26953125,1.15234375,-0.302734375,-0.234375
20972,1.201171875,1.259765625,-0.29296875,-0.234375
20973,1.220703125,1.2890625,-0.205078125,-0.361328125
20974,1.2109375,1.220703125,-0.322265625,-0.25390625
20975,1.15234375,1.259765625,-0.166015625,-0.21484375
20976,1.15234375,1.201171875,-0.25390625,-0.390625
20977,1.123046875,1.328125,-0.234375,-0.263671875
20978,1.181640625,1.435546875,-0.283203125,-0.302734375
20979,1.19140625,1.181640625,-0.4296875,-0.3515625
20980,1.103515625,1.220703125,-0.29296875,-0.244140625
20981,1.201171875,1.15234375,-0.15625,-0.283203125
20982,1.240234375,1.240234375,-0.361328125,-0.263671875
20983,1.298828125,1.23046875,-0.25390625,-0.400390625
20984,1.220703125,1.171875,-0.15625,-0.263671875
20985,1.2890625,1.259765625,-0.17578125,-0.17578125
20986,1.2109375,1.220703125,-0.234375,-0.390625
20987,1.279296875,1.25,-0.21484375,-0.2734375
20988,1.25,1.162109375,-0.078125,-0.3515625
20989,1.220703125,1.201171875,-0.205078125,-0.244140625
20990,1.240234375,1.162109375,-0.17578125,-0.37109375
20991,1.26953125,1.240234375,-0.17578125,-0.41015625
20992,1.25,1.279296875,-0.234375,-0.29296875
20993,1.220703125,1.07421875,-0.185546875,-0.3515625
20994,1.298828125,1.259765625,-0.1171875,-0.283203125
20995,1.201171875,1.171875,-0.302734375,-0.37109375
20996,1.240234375,1.083984375,-0.205078125,-0.234375
20997,1.2109375,1.19140625,-0.263671875,-0.380859375
20998,1.34765625,1.2109375,-0.15625,-0.3125
20999,1.318359375,1.240234375,-0.302734375,-0.283203125
21000,1.2109375,1.240234375,-0.068359375,-0.400390625
21001,1.3671875,1.259765625,-0.185546875,-0.33203125
21002,1.279296875,1.11328125,-0.33203125,-0.244140625
21003,1.3671875,1.2109375,-0.234375,-0.283203125
21004,1.416015625,1.25,-0.263671875,-0.33203125
21005,1.2890625,1.181640625,-0.263671875,-0.25390625
21006,1.318359375,1.318359375,-0.17578125,-0.361328125
21007,1.328125,1.240234375,-0.17578125,-0.263671875
21008,1.240234375,1.3671875,-0.234375,-0.419921875
21009,1.298828125,1.279296875,-0.078125,-0.244140625
21010,1.328125,1.23046875,-0.21484375,-0.21484375
21011,1.318359375,1.103515625,-0.21484375,-0.400390625
21012,1.416015625,1.376953125,-0.224609375,-0.322265625
21013,1.328125,1.279296875,-0.2734375,-0.361328125
21014,1.259765625,1.181640625,-0.302734375,-0.302734375
21015,1.240234375,1.240234375,-0.146484375,-0.224609375
21016,1.30859375,1.2890625,-0.224609375,-0.595703125
21017,1.328125,1.2109375,-0.1953125,-0.380859375
21018,1.34765625,1.181640625,-0.322265625,-0.3125
21019,1.328125,1.240234375,-0.244140625,-0.5078125
21020,1.328125,1.181640625,-0.33203125,-0.341796875
21021,1.171875,1.171875,-0.2734375,-0.263671875
21022,1.240234375,1.279296875,-0.263671875,-0.21484375
21023,1.279296875,1.25,-0.29296875,-0.29296875
21024,1.318359375,1.328125,-0.17578125,-0.4296875
21025,1.259765625,1.23046875,-0.29296875,-0.37109375
21026,1.298828125,1.2109375,-0.13671875,-0.341796875
21027,1.357421875,1.240234375,-0.341796875,-0.263671875
21028,1.328125,1.201171875,-0.205078125,-0.29296875
21029,1.298828125,1.259765625,-0.244140625,-0.107421875
21030,1.3671875,1.279296875,-0.283203125,-0.3125
21031,1.23046875,1.2890625,-0.244140625,-0.17578125
21032,1.26953125,1.2109375,-0.29296875,-0.380859375
21033,1.337890625,1.34765625,-0.185546875,-0.2734375
21034,1.240234375,1.25,-0.25390625,-0.17578125
21035,1.34765625,1.318359375,-0.224609375,-0.263671875
21036,1.30859375,1.220703125,-0.21484375,-0.341796875
21037,1.337890625,1.259765625,-0.1171875,-0.41015625
21038,1.376953125,1.23046875,-0.341796875,-0.37109375
21039,1.25,1.162109375,-0.3125,-0.41015625
21040,1.298828125,1.26953125,-0.25390625,-0.41015625
21041,1.23046875,1.240234375,-0.3125,-0.5078125
21042,1.220703125,1.240234375,-0.25390625,-0.3515625
21043,1.2890625,1.240234375,-0.400390625,-0.3125
21044,1.064453125,1.259765625,-0.33203125,-0.3515625
21045,1.298828125,1.1328125,-0.25390625,-0.439453125
21046,1.26953125,1.171875,-0.29296875,-0.400390625
21047,1.279296875,1.1328125,-0.322265625,-0.380859375
21048,1.2890625,1.181640625,-0.25390625,-0.341796875
21049,1.298828125,1.181640625,-0.283203125,-0.302734375
21050,1.30859375,1.181640625,-0.244140625,-0.439453125
21051,1.259765625,1.162109375,-0.244140625,-0.37109375
21052,1.2890625,1.40625,-0.33203125,-0.283203125
21053,1.240234375,1.19140625,-0.234375,-0.37109375
21054,1.259765625,1.162109375,-0.361328125,-0.322265625
21055,1.240234375,1.279296875,-0.478515625,-0.390625
21056,1.240234375,1.2890625,-0.234375,-0.29296875
21057,1.23046875,1.220703125,-0.37109375,-0.400390625
21058,1.181640625,1.11328125,-0.09765625,-0.341796875
21059,1.2890625,1.30859375,-0.244140625,-0.390625
21060,1.2109375,1.298828125,-0.205078125,-0.400390625
21061,1.19140625,1.38671875,-0.185546875,-0.33203125
21062,1.26953125,1.181640625,-0.263671875,-0.3515625
21063,1.25,1.123046875,-0.17578125,-0.400390625
21064,1.220703125,1.083984375,-0.33203125,-0.3125
21065,1.2890625,1.240234375,-0.25390625,-0.37109375
21066,1.337890625,1.240234375,-0.1953125,-0.361328125
21067,1.181640625,1.26953125,-0.224609375,-0.3515625
21068,1.240234375,1.25,-0.234375,-0.263671875
21069,1.201171875,1.279296875,-0.146484375,-0.33203125
21070,1.23046875,1.298828125,-0.234375,-0.380859375
21071,1.2109375,1.23046875,-0.322265625,-0.224609375
21072,1.240234375,1.201171875,-0.25390625,-0.556640625
21073,1.259765625,1.318359375,-0.2734375,-0.322265625
21074,1.240234375,1.240234375,-0.29296875,-0.44921875
21075,1.318359375,1.240234375,-0.29296875,-0.29296875
21076,1.279296875,1.240234375,-0.3515625,-0.33203125
21077,1.19140625,1.2890625,-0.244140625,-0.341796875
21078,1.240234375,1.220703125,-0.361328125,-0.3125
21079,1.201171875,1.26953125,-0.2734375,-0.322265625
21080,1.328125,1.26953125,-0.1953125,-0.419921875
21081,1.162109375,1.26953125,-0.224609375,-0.322265625
21082,1.11328125,1.34765625,-0.21484375,-0.341796875
21083,1.142578125,1.2109375,-0.244140625,-0.263671875
21084,1.103515625,1.1328125,-0.341796875,-0.439453125
21085,1.23046875,1.220703125,-0.341796875,-0.341796875
21086,1.171875,1.25,-0.1953125,-0.33203125
21087,1.171875,1.23046875,-0.05859375,-0.41015625
21088,1.15234375,1.328125,-0.17578125,-0.2734375
21089,1.298828125,1.240234375,-0.166015625,-0.29296875
21090,1.142578125,1.25,-0.21484375,-0.41015625
21091,1.201171875,1.19140625,-0.2734375,-0.341796875
21092,1.162109375,1.25,-0.283203125,-0.478515625
21093,1.220703125,1.259765625,-0.185546875,-0.361328125
21094,1.220703125,1.19140625,-0.146484375,-0.361328125
21095,1.26953125,1.220703125,-0.087890625,-0.361328125
21096,1.23046875,1.171875,-0.068359375,-0.29296875
21097,1.23046875,1.220703125,-0.185546875,-0.37109375
21098,1.337890625,1.19140625,-0.09765625,-0.29296875
21099,1.162109375,1.15234375,-0.244140625,-0.234375
21100,1.240234375,1.123046875,-0.3515625,-0.37109375
21101,1.23046875,1.11328125,-0.390625,-0.4296875
21102,1.298828125,1.103515625,-0.3125,-0.44921875
21103,1.23046875,1.25,-0.33203125,-0.400390625
21104,1.123046875,1.1328125,-0.33203125,-0.341796875
21105,1.220703125,1.15234375,-0.341796875,-0.361328125
21106,1.220703125,1.025390625,-0.166015625,-0.400390625
21107,1.171875,1.07421875,-0.3515625,-0.37109375
21108,1.328125,1.123046875,-0.283203125,-0.400390625
21109,1.2109375,1.15234375,-0.263671875,-0.33203125
21110,1.220703125,1.09375,-0.29296875,-0.56640625
21111,1.259765625,1.15234375,-0.3125,-0.205078125
21112,1.23046875,1.1328125,-0.3515625,-0.390625
21113,1.171875,1.123046875,-0.263671875,-0.322265625
21114,1.279296875,1.0546875,-0.322265625,-0.341796875
21115,1.2109375,1.103515625,-0.2734375,-0.37109375
21116,1.2109375,1.220703125,-0.322265625,-0.37109375
21117,1.162109375,1.103515625,-0.3515625,-0.478515625
21118,1.19140625,1.09375,-0.166015625,-0.41015625
21119,1.23046875,1.09375,-0.302734375,-0.390625
21120,1.2890625,1.09375,-0.3125,-0.390625
21121,1.23046875,1.171875,-0.244140625,-0.302734375
21122,1.2890625,1.142578125,-0.234375,-0.341796875
21123,1.201171875,1.142578125,-0.244140625,-0.33203125
21124,1.416015625,1.171875,-0.25390625,-0.3515625
21125,1.259765625,0.99609375,-0.25390625,-0.341796875
21126,1.328125,1.123046875,-0.1953125,-0.3515625
21127,1.220703125,0.888671875,-0.25390625,-0.302734375
21128,1.279296875,1.0546875,-0.302734375,-0.41015625
21129,1.259765625,1.083984375,-0.205078125,-0.400390625
21130,1.2890625,1.025390625,-0.263671875,-0.361328125
21131,1.240234375,1.044921875,-0.15625,-0.341796875
21132,1.318359375,1.083984375,-0.3515625,-0.361328125
21133,1.23046875,1.044921875,-0.234375,-0.283203125
21134,1.2109375,1.201171875,-0.17578125,-0.283203125
21135,1.3671875,1.044921875,-0.13671875,-0.224609375
21136,1.15234375,1.064453125,-0.2734375,-0.341796875
21137,1.23046875,0.947265625,-0.21484375,-0.3125
21138,1.2109375,1.025390625,-0.1953125,-0.361328125
21139,1.142578125,1.07421875,-0.234375,-0.400390625
21140,1.171875,1.0546875,-0.21484375,-0.302734375
21141,1.044921875,1.03515625,-0.0390625,-0.283203125
21142,1.201171875,1.0546875,-0.205078125,-0.283203125
21143,1.1328125,0.9375,-0.17578125,-0.302734375
21144,1.025390625,0.947265625,-0.263671875,-0.283203125
21145,1.318359375,1.1328125,-0.224609375,-0.341796875
21146,1.240234375,1.025390625,-0.3125,-0.263671875
21147,1.337890625,1.07421875,-0.25390625,-0.15625
21148,1.2890625,0.986328125,-0.05859375,-0.29296875
21149,1.26953125,1.044921875,-0.185546875,-0.419921875
21150,1.337890625,1.0546875,-0.17578125,-0.1953125
21151,1.2890625,1.0546875,-0.1953125,-0.1953125
21152,1.240234375,1.220703125,-0.205078125,-0.400390625
21153,1.220703125,0.966796875,-0.3125,-0.29296875
21154,1.259765625,1.015625,-0.2734375,-0.341796875
21155,1.26953125,0.95703125,-0.244140625,-0.205078125
21156,1.25,1.015625,-0.21484375,-0.244140625
21157,1.26953125,0.99609375,-0.244140625,-0.29296875
21158,1.279296875,1.03515625,-0.390625,-0.29296875
21159,1.240234375,1.015625,-0.244140625,-0.33203125
21160,1.220703125,0.95703125,-0.2734375,-0.3125
21161,1.23046875,0.966796875,-0.390625,-0.263671875
21162,1.15234375,1.0546875,-0.15625,-0.3125
21163,1.162109375,0.95703125,-0.2734375,-0.1953125
21164,1.201171875,0.9375,-0.3515625,-0.361328125
21165,1.181640625,1.015625,-0.263671875,-0.322265625
21166,1.201171875,0.95703125,-0.21484375,-0.41015625
21167,1.162109375,1.025390625,-0.21484375,-0.361328125
21168,1.171875,1.103515625,-0.13671875,-0.322265625
21169,1.181640625,1.044921875,-0.17578125,-0.37109375
21170,1.181640625,1.23046875,-0.302734375,-0.3125
21171,1.162109375,1.015625,-0.2734375,-0.234375
21172,1.181640625,1.005859375,-0.21484375,-0.15625
21173,1.171875,1.07421875,-0.15625,-0.302734375
21174,1.259765625,1.220703125,-0.322265625,-0.283203125
21175,1.181640625,1.0546875,-0.185546875,-0.29296875
21176,1.19140625,1.162109375,-0.205078125,-0.3125
21177,1.2890625,1.181640625,-0.185546875,-0.302734375
21178,1.15234375,1.03515625,-0.166015625,-0.29296875
21179,1.2890625,0.95703125,-0.244140625,-0.234375
21180,1.19140625,1.0546875,-0.205078125,-0.283203125
21181,1.240234375,1.015625,-0.224609375,-0.341796875
21182,1.23046875,1.083984375,-0.185546875,-0.3125
21183,1.201171875,1.07421875,-0.224609375,-0.21484375
21184,1.03515625,1.09375,-0.21484375,-0.263671875
21185,1.2890625,1.025390625,-0.224609375,-0.3515625
21186,1.171875,1.03515625,-0.13671875,-0.263671875
21187,1.259765625,1.0546875,-0.224609375,-0.234375
21188,1.19140625,1.103515625,-0.205078125,-0.361328125
21189,1.162109375,1.083984375,-0.13671875,-0.29296875
21190,1.240234375,1.044921875,-0.2734375,-0.29296875
21191,1.162109375,1.142578125,-0.244140625,-0.33203125
21192,1.181640625,1.123046875,-0.234375,-0.25390625
21193,1.279296875,1.03515625,-0.244140625,-0.361328125
21194,1.15234375,1.11328125,-0.1953125,-0.3125
21195,1.2109375,0.95703125,-0.234375,-0.3515625
21196,1.171875,1.11328125,-0.224609375,-0.15625
21197,1.09375,1.025390625,-0.205078125,-0.302734375
21198,1.2109375,1.0546875,-0.234375,-0.33203125
21199,1.123046875,1.07421875,-0.263671875,-0.37109375
21200,1.220703125,1.025390625,-0.21484375,-0.390625
21201,1.103515625,1.103515625,-0.21484375,-0.1953125
21202,1.171875,1.064453125,-0.244140625,-0.29296875
21203,1.201171875,1.11328125,-0.263671875,-0.29296875
21204,1.23046875,1.025390625,-0.21484375,-0.390625
21205,1.07421875,1.025390625,-0.17578125,-0.3125
21206,1.201171875,1.03515625,-0.205078125,-0.302734375
21207,1.11328125,1.064453125,-0.25390625,-0.283203125
21208,1.201171875,1.0546875,-0.244140625,-0.341796875
21209,1.25,1.025390625,-0.302734375,-0.21484375
21210,1.19140625,1.09375,-0.2734375,-0.2734375
21211,1.103515625,1.07421875,-0.205078125,-0.361328125
21212,1.279296875,1.0546875,-0.185546875,-0.380859375
21213,1.19140625,0.80078125,-0.302734375,-0.302734375
21214,1.220703125,1.005859375,-0.126953125,-0.234375
21215,1.23046875,1.171875,-0.244140625,-0.48828125
21216,1.23046875,1.15234375,-0.048828125,-0.263671875
21217,1.1328125,1.064453125,-0.17578125,-0.283203125
21218,1.26953125,0.986328125,-0.166015625,-0.234375
21219,1.2109375,0.927734375,-0.283203125,-0.25390625
21220,1.1328125,1.09375,-0.25390625,-0.166015625
21221,1.240234375,1.07421875,-0.205078125,-0.205078125
21222,1.181640625,1.064453125,-0.263671875,-0.21484375
21223,1.201171875,1.09375,-0.322265625,-0.21484375
21224,1.396484375,1.09375,-0.2734375,-0.361328125
21225,1.259765625,1.03515625,-0.21484375,-0.1953125
21226,1.19140625,1.1328125,-0.25390625,-0.29296875
21227,1.328125,1.0546875,-0.13671875,-0.302734375
21228,1.2890625,1.181640625,-0.390625,-0.3125
21229,1.23046875,1.103515625,-0.25390625,-0.244140625
21230,1.259765625,1.103515625,-0.244140625,-0.146484375
21231,1.220703125,1.07421875,-0.25390625,-0.234375
21232,1.171875,1.07421875,-0.2734375,-0.2734375
21233,1.142578125,1.11328125,-0.224609375,-0.185546875
21234,1.162109375,1.044921875,-0.263671875,-0.21484375
21235,1.181640625,1.3671875,-0.25390625,-0.21484375
21236,1.328125,1.064453125,-0.29296875,-0.341796875
21237,1.083984375,1.015625,-0.2734375,-0.234375
21238,1.142578125,1.0546875,-0.05859375,-0.283203125
21239,1.23046875,1.064453125,-0.166015625,-0.146484375
21240,1.2890625,1.1328125,-0.166015625,-0.244140625
21241,1.259765625,1.142578125,-0.263671875,-0.361328125
21242,1.240234375,1.11328125,-0.224609375,-0.244140625
21243,1.220703125,0.986328125,-0.25390625,-0.2734375
21244,1.123046875,1.044921875,-0.09765625,-0.1953125
21245,1.240234375,1.07421875,-0.224609375,-0.146484375
21246,1.259765625,1.1328125,-0.15625,-0.234375
21247,1.240234375,1.005859375,-0.13671875,-0.322265625
21248,1.337890625,1.1328125,-0.302734375,-0.341796875
21249,1.357421875,1.123046875,-0.166015625,-0.2734375
21250,1.26953125,1.09375,-0.048828125,-0.322265625
21251,1.162109375,1.0546875,-0.15625,-0.234375
21252,1.3671875,1.064453125,-0.146484375,-0.21484375
21253,1.19140625,1.03515625,-0.263671875,-0.2734375
21254,1.1328125,1.03515625,-0.2734375,-0.29296875
21255,1.19140625,1.064453125,-0.283203125,-0.25390625
21256,1.26953125,1.142578125,-0.205078125,-0.234375
21257,1.103515625,0.99609375,-0.17578125,-0.205078125
21258,1.240234375,1.09375,-0.244140625,-0.17578125
21259,1.23046875,1.09375,-0.21484375,-0.1953125
21260,1.220703125,1.064453125,-0.33203125,-0.224609375
21261,1.123046875,1.064453125,-0.234375,-0.166015625
21262,1.19140625,1.09375,-0.263671875,-0.224609375
21263,1.23046875,1.07421875,-0.283203125,-0.322265625
21264,1.03515625,0.9765625,-0.17578125,-0.224609375
21265,1.1328125,1.064453125,-0.1953125,-0.224609375
21266,1.19140625,1.07421875,-0.224609375,-0.498046875
21267,1.123046875,1.07421875,-0.244140625,-0.126953125
21268,1.09375,1.09375,-0.15625,-0.21484375
21269,1.11328125,1.03515625,-0.283203125,-0.17578125
21270,1.259765625,1.064453125,-0.205078125,-0.146484375
21271,1.19140625,1.19140625,-0.224609375,-0.205078125
21272,1.19140625,1.0546875,-0.107421875,-0.224609375
21273,1.298828125,1.044921875,-0.400390625,-0.33203125
21274,1.15234375,1.064453125,-0.21484375,-0.185546875
21275,1.23046875,1.162109375,-0.341796875,-0.1171875
21276,1.220703125,1.09375,-0.25390625,-0.390625
21277,1.201171875,0.9765625,-0.244140625,-0.21484375
21278,1.25,1.103515625,-0.380859375,-0.1953125
21279,1.240234375,1.09375,-0.322265625,-0.205078125
21280,1.162109375,1.0546875,-0.166015625,-0.2734375
21281,1.2109375,1.0546875,-0.068359375,-0.25390625
21282,1.171875,1.201171875,-0.3515625,-0.263671875
21283,1.181640625,0.9765625,-0.25390625,-0.244140625
21284,1.337890625,1.044921875,-0.224609375,-0.234375
21285,1.201171875,1.07421875,-0.205078125,-0.283203125
21286,1.15234375,0.947265625,-0.15625,-0.2734375
21287,1.23046875,1.11328125,-0.166015625,-0.21484375
21288,1.279296875,1.044921875,-0.21484375,-0.2734375
21289,1.171875,0.986328125,-0.234375,-0.185546875
21290,1.23046875,1.15234375,-0.322265625,-0.41015625
21291,1.240234375,1.103515625,-0.322265625,-0.41015625
21292,1.181640625,1.2109375,-0.263671875,-0.234375
21293,1.220703125,1.07421875,-0.25390625,-0.2734375
21294,1.083984375,1.09375,-0.234375,-0.263671875
21295,1.142578125,1.064453125,-0.224609375,-0.29296875
21296,1.171875,1.1328125,-0.234375,-0.2734375
21297,1.259765625,1.142578125,-0.224609375,-0.283203125
21298,1.201171875,1.23046875,-0.3125,-0.25390625
21299,1.142578125,1.142578125,-0.224609375,-0.205078125
21300,1.357421875,1.064453125,-0.3125,-0.33203125
21301,1.162109375,1.044921875,-0.234375,-0.234375
21302,1.162109375,0.927734375,-0.1953125,-0.244140625
21303,1.11328125,1.083984375,-0.21484375,-0.33203125
21304,1.181640625,1.09375,-0.2734375,-0.224609375
21305,1.279296875,1.09375,-0.1953125,-0.15625
21306,1.201171875,1.181640625,-0.322265625,-0.21484375
21307,1.123046875,1.03515625,-0.107421875,-0.244140625
21308,1.07421875,1.123046875,-0.244140625,-0.2734375
21309,1.181640625,1.11328125,-0.15625,-0.166015625
21310,1.083984375,0.9375,-0.087890625,-0.234375
21311,1.1328125,1.220703125,-0.1953125,-0.3515625
21312,1.103515625,1.19140625,-0.283203125,-0.1171875
21313,1.11328125,1.19140625,-0.205078125,-0.205078125
21314,1.15234375,0.966796875,-0.224609375,-0.263671875
21315,1.240234375,1.142578125,-0.25390625,-0.25390625
21316,1.2890625,1.1328125,-0.17578125,-0.224609375
21317,1.220703125,1.083984375,-0.25390625,-0.361328125
21318,1.25,1.201171875,-0.146484375,-0.1953125
21319,1.23046875,1.240234375,-0.1171875,-0.205078125
21320,1.259765625,1.23046875,-0.21484375,-0.234375
21321,1.123046875,1.1328125,-0.205078125,-0.283203125
21322,1.328125,1.435546875,-0.224609375,-0.4296875
21323,1.201171875,1.1328125,-0.21484375,-0.21484375
21324,1.23046875,1.142578125,-0.244140625,-0.13671875
21325,1.162109375,1.2890625,-0.244140625,-0.263671875
21326,1.23046875,1.162109375,-0.21484375,-0.390625
21327,1.38671875,1.171875,-0.166015625,-0.33203125
21328,1.2109375,1.1328125,-0.09765625,-0.3125
21329,1.23046875,1.1328125,-0.185546875,-0.224609375
21330,1.162109375,1.1328125,-0.205078125,-0.29296875
21331,1.30859375,1.09375,-0.13671875,-0.234375
21332,1.26953125,1.103515625,-0.25390625,-0.283203125
21333,1.15234375,1.162109375,-0.17578125,-0.244140625
21334,1.162109375,1.2109375,-0.263671875,-0.25390625
21335,1.220703125,1.103515625,-0.17578125,-0.244140625
21336,1.181640625,1.11328125,-0.15625,-0.263671875
21337,1.201171875,1.1328125,-0.29296875,-0.33203125
21338,1.181640625,1.259765625,-0.25390625,-0.146484375
21339,1.25,1.162109375,-0.126953125,-0.25390625
21340,1.201171875,1.123046875,-0.244140625,-0.234375
21341,1.2109375,1.25,-0.2734375,-0.25390625
21342,1.181640625,1.2109375,-0.302734375,-0.29296875
21343,1.220703125,1.123046875,-0.21484375,-0.15625
21344,1.279296875,1.201171875,-0.2734375,-0.3125
21345,1.240234375,1.162109375,-0.244140625,-0.3515625
21346,1.23046875,1.142578125,-0.126953125,-0.283203125
21347,1.240234375,1.1328125,-0.13671875,-0.29296875
21348,1.201171875,1.171875,-0.009765625,-0.29296875
21349,1.201171875,1.123046875,-0.185546875,-0.263671875
21350,1.2109375,1.30859375,-0.15625,-0.29296875
21351,1.30859375,1.015625,-0.13671875,-0.322265625
21352,1.201171875,1.201171875,-0.17578125,-0.15625
21353,1.181640625,1.03515625,-0.244140625,-0.21484375
21354,1.2109375,1.15234375,-0.087890625,-0.244140625
21355,1.220703125,1.259765625,-0.13671875,-0.283203125
21356,1.23046875,1.25,-0.146484375,-0.390625
21357,1.103515625,1.171875,-0.15625,-0.361328125
21358,1.07421875,1.23046875,-0.283203125,-0.29296875
21359,1.171875,1.005859375,-0.05859375,-0.283203125
21360,1.171875,1.07421875,-0.234375,-0.224609375
21361,1.15234375,1.220703125,-0.1953125,-0.234375
21362,1.2109375,1.240234375,-0.341796875,-0.25390625
21363,1.220703125,1.1328125,-0.244140625,-0.263671875
21364,1.259765625,1.25,-0.283203125,-0.29296875
21365,1.11328125,1.318359375,-0.224609375,-0.263671875
21366,1.23046875,1.1328125,-0.1953125,-0.244140625
21367,1.220703125,1.201171875,-0.17578125,-0.361328125
21368,1.162109375,1.40625,-0.234375,-0.283203125
21369,1.201171875,1.103515625,-0.21484375,-0.29296875
21370,1.11328125,1.19140625,-0.25390625,-0.48828125
21371,1.142578125,1.2109375,-0.244140625,-0.17578125
21372,1.279296875,1.2890625,-0.126953125,-0.1953125
21373,1.123046875,1.220703125,-0.3515625,-0.302734375
21374,1.220703125,1.19140625,-0.263671875,-0.21484375
21375,1.23046875,1.181640625,-0.17578125,-0.361328125
21376,1.298828125,1.15234375,-0.263671875,-0.3125
21377,1.181640625,1.220703125,-0.1953125,-0.29296875
21378,1.328125,1.142578125,-0.205078125,-0.283203125
21379,1.240234375,1.19140625,-0.263671875,-0.263671875
21380,1.220703125,1.15234375,-0.29296875,-0.263671875
21381,1.220703125,1.220703125,-0.302734375,-0.3125
21382,1.259765625,1.181640625,-0.3125,-0.166015625
21383,1.142578125,1.181640625,-0.263671875,-0.3515625
21384,1.298828125,1.25,-0.3125,-0.2734375
21385,1.15234375,1.23046875,-0.2734375,-0.15625
21386,1.279296875,1.259765625,-0.302734375,-0.283203125
21387,1.23046875,1.064453125,-0.166015625,-0.2734375
21388,1.162109375,1.259765625,-0.400390625,-0.25390625
21389,1.2890625,1.162109375,-0.244140625,-0.15625
21390,1.240234375,1.279296875,-0.17578125,-0.283203125
21391,1.162109375,1.201171875,-0.234375,-0.224609375
21392,1.2109375,1.181640625,-0.29296875,-0.3125
21393,1.15234375,1.015625,-0.21484375,-0.205078125
21394,1.2890625,1.171875,-0.244140625,-0.33203125
21395,1.1328125,1.19140625,-0.302734375,-0.3125
21396,1.220703125,1.142578125,-0.2734375,-0.29296875
21397,1.19140625,1.201171875,-0.400390625,-0.302734375
21398,1.15234375,1.171875,-0.224609375,-0.400390625
21399,1.240234375,1.181640625,-0.390625,-0.283203125
21400,1.162109375,1.142578125,-0.3125,-0.25390625
21401,1.15234375,1.11328125,-0.205078125,-0.3125
21402,1.162109375,1.103515625,-0.380859375,-0.302734375
21403,1.181640625,1.171875,-0.3125,-0.283203125
21404,1.201171875,1.1328125,-0.166015625,-0.380859375
21405,1.15234375,1.142578125,-0.1953125,-0.302734375
21406,1.1328125,1.15234375,-0.322265625,-0.1953125
21407,1.15234375,1.25,-0.322265625,-0.3515625
21408,1.2109375,1.171875,-0.068359375,-0.29296875
21409,1.201171875,1.15234375,-0.15625,-0.263671875
21410,1.3671875,1.171875,-0.29296875,-0.390625
21411,1.220703125,1.171875,-0.21484375,-0.302734375
21412,1.181640625,1.181640625,-0.322265625,-0.283203125
21413,1.259765625,1.11328125,-0.1953125,-0.302734375
21414,1.298828125,1.23046875,-0.224609375,-0.205078125
21415,1.240234375,1.11328125,-0.13671875,-0.33203125
21416,1.318359375,1.201171875,-0.21484375,-0.107421875
21417,1.162109375,1.318359375,-0.234375,-0.263671875
21418,1.240234375,1.181640625,-0.185546875,-0.21484375
21419,1.3671875,1.298828125,-0.283203125,-0.263671875
21420,1.19140625,1.2109375,-0.224609375,-0.263671875
21421,1.30859375,1.30859375,-0.244140625,-0.33203125
21422,1.26953125,1.259765625,-0.244140625,-0.185546875
21423,1.298828125,1.19140625,-0.146484375,-0.224609375
21424,1.2890625,1.15234375,-0.126953125,-0.3125
21425,1.259765625,1.123046875,-0.1171875,-0.322265625
21426,1.328125,1.337890625,-0.1953125,-0.302734375
21427,1.34765625,1.2890625,-0.2734375,-0.29296875
21428,1.416015625,1.337890625,-0.2734375,-0.2734375
21429,1.30859375,1.259765625,-0.244140625,-0.283203125
21430,1.34765625,1.34765625,-0.33203125,-0.341796875
21431,1.25,1.26953125,-0.17578125,-0.341796875
21432,1.162109375,0.99609375,-0.322265625,-0.29296875
21433,1.25,1.123046875,-0.3125,-0.244140625
21434,1.30859375,1.328125,-0.302734375,-0.419921875
21435,1.298828125,1.26953125,-0.2734375,-0.25390625
21436,1.357421875,1.30859375,-0.2734375,-0.3515625
21437,1.26953125,1.2890625,-0.244140625,-0.29296875
21438,1.23046875,1.298828125,-0.2734375,-0.234375
21439,1.396484375,1.279296875,-0.13671875,-0.322265625
21440,1.328125,1.2890625,-0.283203125,-0.302734375
21441,1.2109375,1.25,-0.33203125,-0.33203125
21442,1.181640625,1.376953125,-0.322265625,-0.283203125
21443,1.318359375,1.34765625,-0.29296875,-0.166015625
21444,1.2890625,1.259765625,-0.25390625,-0.3515625
21445,1.240234375,1.25,-0.341796875,-0.302734375
21446,1.2890625,1.23046875,-0.234375,-0.400390625
21447,1.25,1.171875,-0.224609375,-0.322265625
21448,1.38671875,1.50390625,-0.302734375,-0.33203125
21449,1.259765625,1.259765625,-0.185546875,-0.1171875
21450,1.328125,1.240234375,-0.2734375,-0.498046875
21451,1.30859375,1.240234375,-0.21484375,-0.361328125
21452,1.30859375,1.220703125,-0.21484375,-0.419921875
21453,1.328125,1.19140625,-0.234375,-0.283203125
21454,1.26953125,1.279296875,-0.380859375,-0.361328125
21455,1.298828125,1.240234375,-0.21484375,-0.400390625
21456,1.318359375,1.162109375,-0.17578125,-0.3125
21457,1.357421875,1.30859375,-0.283203125,-0.341796875
21458,1.396484375,1.171875,-0.302734375,-0.322265625
21459,1.38671875,1.298828125,-0.283203125,-0.33203125
21460,1.357421875,1.30859375,-0.166015625,-0.37109375
21461,1.4453125,1.30859375,-0.244140625,-0.37109375
21462,1.38671875,1.240234375,-0.1953125,-0.380859375
21463,1.435546875,1.318359375,-0.224609375,-0.380859375
21464,1.259765625,1.23046875,-0.1953125,-0.390625
21465,1.3671875,1.201171875,-0.2734375,-0.478515625
21466,1.357421875,1.26953125,-0.322265625,-0.322265625
21467,1.3671875,1.26953125,-0.234375,-0.390625
21468,1.279296875,1.23046875,-0.25390625,-0.263671875
21469,1.298828125,1.1328125,-0.1171875,-0.33203125
21470,1.3671875,1.26953125,-0.15625,-0.439453125
21471,1.279296875,1.220703125,-0.224609375,-0.3125
21472,1.220703125,1.279296875,-0.283203125,-0.33203125
21473,1.2890625,1.26953125,-0.1953125,-0.361328125
21474,1.34765625,1.171875,-0.283203125,-0.1953125
21475,1.23046875,1.201171875,-0.4296875,-0.33203125
21476,1.34765625,1.2109375,-0.322265625,-0.244140625
21477,1.38671875,1.240234375,-0.361328125,-0.302734375
21478,1.240234375,1.162109375,-0.302734375,-0.3515625
21479,1.181640625,1.11328125,-0.205078125,-0.400390625
21480,1.298828125,1.181640625,-0.244140625,-0.322265625
21481,1.318359375,1.259765625,-0.37109375,-0.37109375
21482,1.142578125,1.376953125,-0.33203125,-0.361328125
21483,1.30859375,1.19140625,-0.3515625,-0.33203125
21484,1.171875,1.15234375,-0.3515625,-0.498046875
21485,1.494140625,1.220703125,-0.25390625,-0.41015625
21486,1.240234375,1.162109375,-0.361328125,-0.322265625
21487,1.1328125,1.181640625,-0.302734375,-0.341796875
21488,1.142578125,1.25,-0.244140625,-0.400390625
21489,1.23046875,1.2109375,-0.205078125,-0.498046875
21490,1.19140625,1.318359375,-0.13671875,-0.380859375
21491,1.34765625,1.15234375,-0.17578125,-0.48828125
21492,1.142578125,1.1328125,-0.21484375,-0.56640625
21493,1.201171875,0.986328125,-0.283203125,-0.341796875
21494,1.240234375,1.201171875,-0.263671875,-0.400390625
21495,1.142578125,1.220703125,-0.17578125,-0.29296875
21496,1.064453125,1.11328125,-0.224609375,-0.498046875
21497,1.19140625,1.162109375,-0.205078125,-0.361328125
21498,1.3671875,1.11328125,-0.205078125,-0.390625
21499,1.259765625,1.240234375,-0.2734375,-0.3125
21500,1.240234375,1.15234375,-0.224609375,-0.439453125
21501,1.2109375,1.15234375,-0.3125,-0.302734375
21502,1.181640625,1.19140625,-0.3515625,-0.37109375
21503,1.181640625,1.171875,-0.234375,-0.33203125
21504,1.025390625,1.19140625,-0.25390625,-0.361328125
21505,1.162109375,1.15234375,-0.283203125,-0.400390625
21506,1.220703125,1.142578125,-0.283203125,-0.390625
21507,1.171875,1.25,-0.13671875,-0.2734375
21508,1.11328125,1.259765625,-0.2734375,-0.37109375
21509,1.25,1.2890625,-0.390625,-0.41015625
21510,1.2890625,1.162109375,-0.166015625,-0.341796875
21511,1.15234375,1.19140625,-0.302734375,-0.234375
21512,1.201171875,1.328125,-0.33203125,-0.361328125
21513,1.23046875,1.19140625,-0.322265625,-0.29296875
21514,1.162109375,1.11328125,-0.283203125,-0.322265625
21515,1.19140625,1.103515625,-0.3515625,-0.380859375
21516,1.083984375,1.15234375,-0.126953125,-0.33203125
21517,1.181640625,1.2109375,-0.1171875,-0.21484375
21518,1.162109375,1.15234375,-0.263671875,-0.439453125
21519,1.220703125,1.220703125,-0.244140625,-0.302734375
21520,1.142578125,1.11328125,-0.15625,-0.478515625
21521,1.103515625,1.07421875,-0.146484375,-0.380859375
21522,1.0546875,1.171875,-0.166015625,-0.25390625
21523,1.09375,1.162109375,-0.234375,-0.341796875
21524,1.171875,1.19140625,-0.224609375,-0.3515625
21525,1.220703125,1.1328125,-0.4296875,-0.37109375
21526,1.2890625,1.171875,-0.234375,-0.322265625
21527,1.23046875,1.2109375,-0.1171875,-0.4296875
21528,1.181640625,1.142578125,-0.263671875,-0.361328125
21529,1.23046875,1.044921875,-0.205078125,-0.361328125
21530,1.19140625,1.064453125,-0.185546875,-0.41015625
21531,1.298828125,1.142578125,-0.33203125,-0.234375
21532,1.220703125,1.005859375,-0.4296875,-0.4296875
21533,1.171875,1.07421875,-0.3515625,-0.4296875
21534,1.2109375,1.0546875,-0.283203125,-0.341796875
21535,1.15234375,1.123046875,-0.302734375,-0.3125
21536,1.220703125,1.220703125,-0.29296875,-0.361328125
21537,1.26953125,1.162109375,-0.283203125,-0.361328125
21538,1.23046875,1.11328125,-0.322265625,-0.390625
21539,1.15234375,1.07421875,-0.2734375,-0.390625
21540,1.25,1.1328125,-0.33203125,-0.2734375
21541,1.298828125,1.201171875,-0.3125,-0.17578125
21542,1.30859375,1.181640625,-0.25390625,-0.390625
21543,1.201171875,1.15234375,-0.224609375,-0.400390625
21544,1.259765625,1.123046875,-0.185546875,-0.263671875
21545,1.26953125,0.95703125,-0.25390625,-0.390625
21546,1.259765625,0.9765625,-0.1953125,-0.322265625
21547,1.19140625,1.123046875,-0.185546875,-0.205078125
21548,1.25,1.240234375,-0.25390625,-0.322265625
21549,1.23046875,1.0546875,-0.234375,-0.234375
21550,1.240234375,1.103515625,-0.13671875,-0.380859375
21551,1.240234375,1.171875,-0.224609375,-0.361328125
21552,1.25,0.791015625,-0.224609375,-0.419921875
21553,1.23046875,1.044921875,-0.1953125,-0.3515625
21554,1.142578125,1.083984375,-0.234375,-0.322265625
21555,1.25,1.083984375,-0.1953125,-0.322265625
21556,1.26953125,1.07421875,-0.15625,-0.2734375
21557,1.26953125,1.064453125,-0.15625,-0.439453125
21558,1.25,1.025390625,-0.224609375,-0.263671875
21559,1.240234375,1.005859375,-0.17578125,-0.341796875
21560,1.298828125,1.083984375,-0.21484375,-0.361328125
21561,1.2109375,1.07421875,-0.166015625,-0.25390625
21562,1.357421875,1.044921875,-0.205078125,-0.419921875
21563,1.171875,0.966796875,-0.205078125,-0.25390625
21564,1.26953125,0.9375,-0.21484375,-0.41015625
21565,1.259765625,1.005859375,-0.25390625,-0.205078125
21566,1.240234375,1.044921875,-0.21484375,-0.341796875
21567,1.11328125,1.064453125,-0.41015625,-0.302734375
21568,1.142578125,0.966796875,-0.166015625,-0.283203125
21569,1.03515625,1.015625,-0.25390625,-0.302734375
21570,1.279296875,1.03515625,-0.15625,-0.341796875
21571,1.083984375,1.0546875,-0.205078125,-0.44921875
21572,1.103515625,1.03515625,-0.166015625,-0.13671875
21573,1.23046875,1.07421875,-0.21484375,-0.361328125
21574,1.279296875,1.064453125,-0.2734375,-0.166015625
21575,1.162109375,0.9765625,-0.263671875,-0.3125
21576,1.162109375,1.1328125,-0.3125,-0.2734375
21577,1.19140625,1.064453125,-0.244140625,-0.5078125
21578,1.240234375,0.966796875,-0.283203125,-0.302734375
21579,1.220703125,1.044921875,-0.1953125,-0.283203125
21580,1.220703125,1.083984375,-0.25390625,-0.400390625
21581,1.279296875,1.103515625,-0.322265625,-0.322265625
21582,1.26953125,1.07421875,-0.25390625,-0.244140625
21583,1.2890625,1.103515625,-0.244140625,-0.3125
21584,1.298828125,1.0546875,-0.21484375,-0.361328125
21585,1.23046875,0.99609375,-0.21484375,-0.283203125
21586,1.201171875,1.005859375,-0.21484375,-0.3515625
21587,1.15234375,1.09375,-0.341796875,-0.380859375
21588,1.240234375,1.025390625,-0.1953125,-0.33203125
21589,1.220703125,1.044921875,-0.2734375,-0.1953125
21590,1.26953125,1.005859375,-0.283203125,-0.244140625
21591,1.19140625,1.15234375,-0.1953125,-0.322265625
21592,1.171875,0.966796875,-0.107421875,-0.2734375
21593,1.220703125,0.9375,-0.244140625,-0.244140625
21594,1.2109375,0.9375,-0.21484375,-0.322265625
21595,1.201171875,0.99609375,-0.283203125,-0.41015625
21596,1.1328125,0.99609375,-0.224609375,-0.48828125
21597,1.142578125,1.064453125,-0.1953125,-0.2734375
21598,1.07421875,1.005859375,-0.126953125,-0.244140625
21599,1.23046875,1.044921875,-0.244140625,-0.25390625
21600,1.064453125,0.986328125,-0.146484375,-0.322265625
21601,1.123046875,1.044921875,-0.1953125,-0.25390625
21602,1.162109375,1.064453125,-0.15625,-0.380859375
21603,1.11328125,1.142578125,-0.166015625,-0.3515625
21604,1.171875,1.123046875,-0.166015625,-0.283203125
21605,1.19140625,1.03515625,-0.380859375,-0.361328125
21606,1.171875,1.015625,-0.234375,-0.283203125
21607,1.240234375,0.9765625,-0.21484375,-0.3515625
21608,1.19140625,0.966796875,-0.09765625,-0.234375
21609,1.181640625,1.09375,-0.234375,-0.21484375
21610,1.240234375,0.95703125,-0.322265625,-0.37109375
21611,1.38671875,0.986328125,-0.29296875,-0.302734375
21612,1.123046875,1.03515625,-0.29296875,-0.380859375
21613,1.220703125,1.064453125,-0.3515625,-0.302734375
21614,1.26953125,1.123046875,-0.25390625,-0.517578125
21615,1.240234375,1.015625,-0.244140625,-0.341796875
21616,1.2109375,1.07421875,-0.244140625,-0.37109375
21617,1.201171875,1.0546875,-0.3125,-0.60546875
21618,1.123046875,1.083984375,-0.224609375,-0.498046875
21619,1.201171875,1.044921875,-0.263671875,-0.46875
21620,1.259765625,1.044921875,-0.234375,-0.46875
21621,1.083984375,1.103515625,-0.25390625,-0.390625
21622,1.142578125,1.025390625,-0.244140625,-0.3515625
21623,1.171875,1.044921875,-0.302734375,-0.400390625
21624,1.005859375,0.9765625,-0.3125,-0.37109375
21625,1.19140625,1.083984375,-0.1171875,-0.25390625
21626,1.259765625,0.966796875,-0.185546875,-0.439453125
21627,1.171875,1.09375,-0.126953125,-0.29296875
21628,1.162109375,1.064453125,-0.224609375,-0.146484375
21629,1.25,1.07421875,-0.107421875,-0.390625
21630,1.09375,1.1328125,-0.21484375,-0.263671875
21631,1.171875,1.11328125,-0.185546875,-0.361328125
21632,1.19140625,1.025390625,-0.302734375,-0.234375
21633,1.220703125,1.07421875,-0.224609375,-0.244140625
21634,1.201171875,1.123046875,-0.087890625,-0.302734375
21635,1.11328125,1.0546875,-0.25390625,-0.166015625
21636,1.142578125,1.064453125,-0.1953125,-0.302734375
21637,1.201171875,1.015625,-0.244140625,-0.2734375
21638,1.15234375,1.162109375,-0.166015625,-0.29296875
21639,1.07421875,1.11328125,-0.234375,-0.41015625
21640,1.23046875,1.15234375,-0.244140625,-0.2734375
21641,1.181640625,1.1328125,-0.146484375,-0.283203125
21642,1.19140625,1.103515625,-0.283203125,-0.3125
21643,1.220703125,1.025390625,-0.107421875,-0.3125
21644,1.162109375,1.0546875,-0.107421875,-0.3125
21645,1.337890625,1.09375,-0.01953125,-0.3125
21646,1.220703125,1.11328125,-0.244140625,-0.3515625
21647,1.26953125,1.0546875,-0.146484375,-0.244140625
21648,1.26953125,1.07421875,-0.205078125,-0.322265625
21649,1.142578125,1.240234375,-0.15625,-0.263671875
21650,1.15234375,1.07421875,-0.05859375,-0.3515625
21651,1.19140625,1.03515625,-0.1953125,-0.166015625
21652,1.25,1.11328125,-0.166015625,-0.29296875
21653,1.171875,1.162109375,-0.224609375,-0.2734375
21654,1.298828125,1.103515625,-0.166015625,-0.244140625
21655,1.220703125,1.30859375,-0.2734375,-0.15625
21656,1.1328125,1.064453125,-0.1953125,-0.263671875
21657,1.23046875,1.03515625,-0.341796875,-0.234375
21658,1.25,0.95703125,-0.29296875,-0.263671875
21659,1.220703125,1.07421875,-0.283203125,-0.1953125
21660,1.38671875,1.083984375,-0.1953125,-0.244140625
21661,1.23046875,1.15234375,-0.263671875,-0.3125
21662,1.171875,1.064453125,-0.21484375,-0.2734375
21663,1.1328125,1.181640625,-0.25390625,-0.234375
21664,1.259765625,1.171875,-0.322265625,-0.244140625
21665,1.162109375,1.044921875,-0.341796875,-0.21484375
21666,1.220703125,1.103515625,-0.21484375,-0.2734375
21667,1.142578125,1.11328125,-0.17578125,-0.1953125
21668,1.11328125,1.171875,-0.1171875,-0.263671875
21669,1.07421875,1.005859375,-0.09765625,-0.126953125
21670,1.279296875,1.123046875,-0.224609375,-0.205078125
21671,1.11328125,0.95703125,-0.244140625,-0.15625
21672,1.259765625,1.025390625,-0.17578125,-0.234375
21673,1.162109375,1.09375,-0.224609375,-0.244140625
21674,1.2890625,1.083984375,-0.224609375,-0.234375
21675,1.162109375,1.11328125,-0.15625,-0.244140625
21676,1.142578125,1.015625,-0.224609375,-0.341796875
21677,1.25,1.064453125,-0.224609375,-0.166015625
21678,1.19140625,1.1328125,-0.322265625,-0.224609375
21679,1.201171875,0.966796875,-0.13671875,-0.3125
21680,1.15234375,1.025390625,-0.1953125,-0.341796875
21681,1.240234375,1.123046875,-0.166015625,-0.380859375
21682,1.123046875,1.19140625,-0.224609375,-0.25390625
21683,1.1328125,1.123046875,-0.21484375,-0.283203125
21684,1.171875,1.025390625,-0.37109375,-0.205078125
21685,1.2890625,1.15234375,-0.2734375,-0.234375
21686,1.23046875,1.025390625,-0.41015625,-0.224609375
21687,1.220703125,1.09375,-0.146484375,-0.234375
21688,1.19140625,1.064453125,-0.322265625,-0.390625
21689,1.2890625,1.0546875,-0.2734375,-0.29296875
21690,1.220703125,1.064453125,-0.25390625,-0.234375
21691,1.279296875,1.03515625,-0.361328125,-0.537109375
21692,1.19140625,1.083984375,-0.25390625,-0.341796875
21693,1.201171875,1.083984375,-0.283203125,-0.166015625
21694,1.23046875,1.220703125,-0.1953125,-0.224609375
21695,1.2890625,1.142578125,-0.263671875,-0.244140625
21696,1.259765625,1.025390625,-0.244140625,-0.390625
21697,1.123046875,1.0546875,-0.29296875,-0.2734375
21698,1.162109375,1.201171875,-0.29296875,-0.234375
21699,1.19140625,1.15234375,-0.234375,-0.322265625
21700,1.162109375,1.025390625,-0.234375,-0.41015625
21701,1.142578125,1.083984375,-0.322265625,-0.263671875
21702,1.142578125,1.142578125,-0.234375,-0.302734375
21703,1.15234375,1.142578125,-0.166015625,-0.1953125
21704,1.240234375,0.99609375,-0.283203125,-0.224609375
21705,1.09375,1.083984375,-0.244140625,-0.29296875
21706,1.181640625,1.005859375,-0.2734375,-0.15625
21707,1.171875,0.87890625,-0.21484375,-0.263671875
21708,1.181640625,1.064453125,-0.2734375,-0.087890625
21709,1.181640625,0.986328125,-0.302734375,-0.17578125
21710,1.142578125,1.064453125,-0.224609375,-0.244140625
21711,1.259765625,1.083984375,-0.244140625,-0.166015625
21712,1.19140625,1.0546875,-0.205078125,-0.46875
21713,1.318359375,1.044921875,-0.166015625,-0.17578125
21714,1.171875,1.03515625,-0.166015625,-0.205078125
21715,1.279296875,1.064453125,-0.302734375,-0.15625
21716,1.279296875,1.064453125,-0.087890625,-0.21484375
21717,1.15234375,1.083984375,-0.33203125,-0.302734375
21718,1.09375,1.142578125,-0.166015625,-0.17578125
21719,1.201171875,1.09375,-0.283203125,-0.341796875
21720,1.15234375,1.083984375,-0.283203125,-0.126953125
21721,1.044921875,1.123046875,-0.224609375,-0.4296875
21722,1.11328125,1.181640625,-0.25390625,-0.205078125
21723,1.201171875,1.07421875,-0.15625,-0.302734375
21724,1.162109375,1.09375,-0.2734375,-0.302734375
21725,1.142578125,1.064453125,-0.126953125,-0.21484375
21726,1.15234375,1.1328125,-0.234375,-0.185546875
21727,1.23046875,1.181640625,-0.15625,-0.13671875
21728,1.07421875,1.162109375,-0.17578125,-0.302734375
21729,1.005859375,1.123046875,-0.29296875,-0.244140625
21730,1.23046875,1.103515625,-0.244140625,-0.25390625
21731,1.1328125,0.947265625,-0.1953125,-0.283203125
21732,1.15234375,1.07421875,-0.234375,-0.224609375
21733,1.201171875,1.2109375,-0.361328125,-0.234375
21734,1.259765625,1.220703125,-0.13671875,-0.263671875
21735,1.171875,1.376953125,-0.21484375,-0.263671875
21736,1.162109375,1.123046875,-0.25390625,-0.263671875
21737,1.2109375,1.083984375,-0.234375,-0.1953125
21738,1.11328125,1.025390625,-0.302734375,-0.25390625
21739,1.181640625,1.09375,-0.17578125,-0.302734375
21740,1.2109375,1.09375,-0.234375,-0.25390625
21741,1.123046875,1.044921875,-0.1171875,-0.205078125
21742,1.2109375,1.15234375,-0.390625,-0.2734375
21743,1.15234375,1.240234375,-0.21484375,-0.322265625
21744,1.15234375,1.083984375,-0.21484375,-0.185546875
21745,1.064453125,1.19140625,-0.224609375,-0.458984375
21746,1.25,1.162109375,-0.29296875,-0.2734375
21747,1.23046875,1.103515625,-0.29296875,-0.224609375
21748,1.298828125,1.11328125,-0.126953125,-0.263671875
21749,1.23046875,1.0546875,-0.29296875,-0.2734375
21750,1.1328125,1.26953125,-0.205078125,-0.3515625
21751,1.30859375,1.171875,-0.283203125,-0.2734375
21752,1.220703125,1.19140625,-0.33203125,-0.33203125
21753,1.2109375,1.201171875,-0.234375,-0.263671875
21754,1.1328125,1.142578125,-0.2734375,-0.126953125
21755,1.2890625,1.11328125,-0.244140625,-0.283203125
21756,1.298828125,1.171875,-0.21484375,-0.283203125
21757,1.181640625,1.15234375,-0.322265625,-0.302734375
21758,1.259765625,1.19140625,-0.185546875,-0.15625
21759,1.259765625,1.15234375,-0.29296875,-0.224609375
21760,1.181640625,1.171875,-0.234375,-0.25390625
21761,1.171875,1.171875,-0.3515625,-0.283203125
21762,1.201171875,1.15234375,-0.29296875,-0.302734375
21763,1.298828125,1.123046875,-0.263671875,-0.244140625
21764,1.201171875,1.103515625,-0.09765625,-0.361328125
21765,1.181640625,1.19140625,-0.283203125,-0.29296875
21766,1.220703125,1.181640625,-0.224609375,-0.263671875
21767,1.162109375,1.142578125,-0.09765625,-0.224609375
21768,1.220703125,1.1328125,-0.048828125,-0.322265625
21769,1.2109375,1.2890625,-0.21484375,-0.21484375
21770,1.240234375,1.15234375,-0.25390625,-0.33203125
21771,1.220703125,1.23046875,-0.302734375,-0.33203125
21772,1.15234375,1.162109375,-0.1953125,-0.29296875
21773,1.220703125,1.171875,-0.13671875,-0.166015625
21774,1.23046875,0.99609375,-0.17578125,-0.390625
21775,1.064453125,1.19140625,-0.33203125,-0.2734375
21776,1.26953125,1.2109375,-0.33203125,-0.283203125
21777,1.220703125,1.201171875,-0.13671875,-0.2734375
21778,1.123046875,1.181640625,-0.33203125,-0.3125
21779,1.1328125,1.162109375,-0.283203125,-0.224609375
21780,1.23046875,1.064453125,-0.048828125,-0.234375
21781,1.240234375,1.25,-0.263671875,-0.244140625
21782,1.064453125,1.19140625,-0.263671875,-0.224609375
21783,1.220703125,1.25,-0.25390625,-0.29296875
21784,1.220703125,1.259765625,-0.302734375,-0.185546875
21785,1.171875,1.171875,-0.048828125,-0.1953125
21786,1.279296875,1.181640625,-0.1953125,-0.263671875
21787,1.26953125,1.240234375,-0.205078125,-0.25390625
21788,1.376953125,1.19140625,-0.107421875,-0.17578125
21789,1.220703125,0.99609375,-0.126953125,-0.33203125
21790,1.259765625,1.2890625,-0.068359375,-0.33203125
21791,1.220703125,1.2109375,-0.048828125,-0.478515625
21792,1.142578125,1.142578125,-0.126953125,-0.3125
21793,1.181640625,1.220703125,-0.21484375,-0.283203125
21794,1.30859375,1.201171875,-0.21484375,-0.29296875
21795,1.15234375,1.1328125,-0.205078125,-0.244140625
21796,1.181640625,1.201171875,-0.390625,-0.25390625
21797,1.201171875,1.23046875,-0.21484375,-0.29296875
21798,1.1328125,1.142578125,-0.37109375,-0.224609375
21799,1.279296875,1.181640625,-0.33203125,-0.29296875
21800,1.25,1.171875,-0.29296875,-0.3125
21801,1.2109375,1.30859375,-0.263671875,-0.146484375
21802,1.2109375,1.162109375,-0.2734375,-0.25390625
21803,1.181640625,1.103515625,-0.234375,-0.25390625
21804,1.083984375,1.123046875,-0.263671875,-0.21484375
21805,1.240234375,1.015625,-0.302734375,-0.263671875
21806,1.220703125,1.171875,-0.380859375,-0.302734375
21807,1.181640625,1.298828125,-0.25390625,-0.390625
21808,1.23046875,1.30859375,-0.13671875,-0.322265625
21809,1.26953125,1.1328125,-0.2734375,-0.29296875
21810,1.279296875,1.181640625,-0.263671875,-0.205078125
21811,1.201171875,1.11328125,-0.29296875,-0.283203125
21812,1.201171875,1.171875,-0.234375,-0.283203125
21813,1.220703125,1.142578125,-0.29296875,-0.263671875
21814,1.23046875,1.15234375,-0.263671875,-0.3125
21815,1.19140625,1.162109375,-0.380859375,-0.341796875
21816,1.162109375,1.1328125,-0.341796875,-0.537109375
21817,1.171875,1.201171875,-0.400390625,-0.3125
21818,1.240234375,1.181640625,-0.21484375,-0.419921875
21819,1.26953125,1.279296875,-0.390625,-0.263671875
21820,1.25,1.083984375,-0.244140625,-0.322265625
21821,1.123046875,1.171875,-0.185546875,-0.302734375
21822,1.25,1.19140625,-0.29296875,-0.302734375
21823,1.23046875,1.23046875,-0.234375,-0.302734375
21824,1.23046875,1.171875,-0.244140625,-0.263671875
21825,1.09375,1.240234375,-0.244140625,-0.25390625
21826,1.23046875,1.19140625,-0.29296875,-0.29296875
21827,1.318359375,1.19140625,-0.322265625,-0.3125
21828,1.220703125,1.259765625,-0.2734375,-0.283203125
21829,1.2109375,1.103515625,-0.21484375,-0.234375
21830,1.259765625,1.025390625,-0.21484375,-0.341796875
21831,1.23046875,1.19140625,-0.3125,-0.29296875
21832,1.26953125,1.19140625,-0.2734375,-0.2734375
21833,1.259765625,1.11328125,-0.15625,-0.44921875
21834,1.337890625,1.201171875,-0.29296875,-0.29296875
21835,1.30859375,1.103515625,-0.37109375,-0.33203125
21836,1.240234375,1.2109375,-0.21484375,-0.302734375
21837,1.2109375,1.26953125,-0.302734375,-0.29296875
21838,1.30859375,1.083984375,-0.25390625,-0.341796875
21839,1.181640625,1.240234375,-0.166015625,-0.244140625
21840,1.09375,1.2109375,-0.166015625,-0.439453125
21841,1.201171875,1.181640625,-0.283203125,-0.322265625
21842,1.26953125,1.11328125,-0.244140625,-0.283203125
21843,1.376953125,1.26953125,-0.263671875,-0.263671875
21844,1.279296875,1.142578125,-0.2734375,-0.4296875
21845,1.23046875,1.2109375,-0.29296875,-0.33203125
21846,1.240234375,1.25,-0.25390625,-0.4296875
21847,1.3671875,1.171875,-0.234375,-0.341796875
21848,1.259765625,1.259765625,-0.21484375,-0.390625
21849,1.25,1.2109375,-0.244140625,-0.29296875
21850,1.34765625,1.201171875,-0.244140625,-0.25390625
21851,1.34765625,1.513671875,-0.283203125,-0.25390625
21852,1.337890625,1.259765625,-0.263671875,-0.52734375
21853,1.240234375,1.162109375,-0.263671875,-0.2734375
21854,1.2890625,1.2109375,-0.380859375,-0.361328125
21855,1.337890625,1.23046875,-0.2734375,-0.33203125
21856,1.26953125,1.259765625,-0.205078125,-0.234375
21857,1.30859375,1.142578125,-0.25390625,-0.29296875
21858,1.328125,1.171875,-0.37109375,-0.234375
21859,1.328125,1.19140625,-0.3515625,-0.380859375
21860,1.357421875,1.26953125,-0.185546875,-0.244140625
21861,1.42578125,1.201171875,-0.263671875,-0.302734375
21862,1.435546875,1.171875,-0.302734375,-0.341796875
21863,1.2890625,1.318359375,-0.25390625,-0.3125
21864,1.2890625,1.25,-0.302734375,-0.3515625
21865,1.46484375,1.34765625,-0.29296875,-0.400390625
21866,1.30859375,1.259765625,-0.13671875,-0.419921875
21867,1.3671875,1.2890625,-0.21484375,-0.2734375
21868,1.298828125,1.201171875,-0.263671875,-0.33203125
21869,1.357421875,1.19140625,-0.205078125,-0.3125
21870,1.455078125,1.30859375,-0.2734375,-0.3125
21871,1.2890625,1.2890625,-0.263671875,-0.2734375
21872,1.25,1.220703125,-0.126953125,-0.380859375
21873,1.25,1.2890625,-0.41015625,-0.263671875
21874,1.259765625,1.298828125,-0.244140625,-0.419921875
21875,1.328125,1.3671875,-0.244140625,-0.322265625
21876,1.2109375,1.259765625,-0.283203125,-0.380859375
21877,1.259765625,1.279296875,-0.302734375,-0.46875
21878,1.26953125,1.2109375,-0.166015625,-0.3515625
21879,1.318359375,1.279296875,-0.087890625,-0.361328125
21880,1.2890625,1.2109375,-0.25390625,-0.44921875
21881,1.279296875,1.2109375,-0.244140625,-0.4296875
21882,1.220703125,1.220703125,-0.126953125,-0.390625
21883,1.201171875,1.328125,-0.283203125,-0.439453125
21884,1.240234375,1.2109375,-0.29296875,-0.37109375
21885,1.474609375,1.2109375,-0.1953125,-0.341796875
21886,1.3671875,1.25,-0.1953125,-0.302734375
21887,1.30859375,1.30859375,-0.1953125,-0.37109375
21888,1.30859375,1.328125,-0.283203125,-0.380859375
21889,1.25,1.26953125,-0.25390625,-0.302734375
21890,1.298828125,1.259765625,-0.1953125,-0.263671875
21891,1.2109375,1.2109375,-0.185546875,-0.41015625
21892,1.40625,1.2109375,-0.234375,-0.361328125
21893,1.298828125,1.23046875,-0.146484375,-0.400390625
21894,1.318359375,1.279296875,-0.2734375,-0.400390625
21895,1.26953125,1.25,-0.283203125,-0.439453125
21896,1.318359375,1.23046875,-0.234375,-0.361328125
21897,1.2890625,1.318359375,-0.205078125,-0.3515625
21898,1.328125,1.240234375,-0.234375,-0.537109375
21899,1.25,1.162109375,-0.25390625,-0.29296875
21900,1.318359375,1.259765625,-0.3125,-0.33203125
21901,1.181640625,1.23046875,-0.244140625,-0.33203125
21902,1.2890625,1.259765625,-0.15625,-0.361328125
21903,1.25,1.181640625,-0.107421875,-0.263671875
21904,1.142578125,1.19140625,-0.263671875,-0.44921875
21905,1.2890625,1.181640625,-0.21484375,-0.341796875
21906,1.23046875,1.220703125,-0.33203125,-0.400390625
21907,1.201171875,1.240234375,-0.322265625,-0.37109375
21908,1.26953125,1.240234375,-0.361328125,-0.400390625
21909,1.34765625,1.240234375,-0.37109375,-0.361328125
21910,1.30859375,1.23046875,-0.2734375,-0.283203125
21911,1.240234375,1.19140625,-0.29296875,-0.25390625
21912,1.357421875,1.298828125,-0.244140625,-0.263671875
21913,1.298828125,1.279296875,-0.37109375,-0.29296875
21914,1.220703125,1.26953125,-0.2734375,-0.400390625
21915,1.181640625,1.23046875,-0.25390625,-0.3515625
21916,1.123046875,1.318359375,-0.33203125,-0.341796875
21917,1.240234375,1.142578125,-0.380859375,-0.29296875
21918,1.201171875,1.2109375,-0.17578125,-0.400390625
21919,1.201171875,1.23046875,-0.1953125,-0.380859375
21920,1.171875,1.337890625,-0.25390625,-0.390625
21921,1.15234375,1.171875,-0.1953125,-0.390625
21922,1.201171875,1.25,-0.25390625,-0.29296875
21923,1.259765625,1.162109375,-0.3125,-0.302734375
21924,1.142578125,1.2890625,-0.33203125,-0.400390625
21925,0.99609375,1.181640625,-0.234375,-0.3125
21926,1.23046875,1.416015625,-0.029296875,-0.2734375
21927,1.259765625,1.2109375,-0.15625,-0.380859375
21928,1.30859375,1.19140625,-0.263671875,-0.5078125
21929,1.240234375,1.240234375,-0.21484375,-0.595703125
21930,1.259765625,1.162109375,-0.234375,-0.4296875
21931,1.23046875,1.19140625,-0.302734375,-0.263671875
21932,1.259765625,1.23046875,-0.341796875,-0.400390625
21933,1.328125,1.162109375,-0.3125,-0.322265625
21934,1.171875,1.162109375,-0.25390625,-0.37109375
21935,1.220703125,1.11328125,-0.37109375,-0.5078125
21936,1.2109375,1.279296875,-0.29296875,-0.419921875
21937,1.240234375,1.201171875,-0.380859375,-0.341796875
21938,1.26953125,1.298828125,-0.400390625,-0.2734375
21939,1.240234375,1.123046875,-0.29296875,-0.3125
21940,1.25,1.25,-0.361328125,-0.234375
21941,1.201171875,1.15234375,-0.29296875,-0.439453125
21942,1.181640625,1.19140625,-0.302734375,-0.341796875
21943,1.162109375,1.1328125,-0.263671875,-0.4296875
21944,1.083984375,1.142578125,-0.2734375,-0.224609375
21945,1.181640625,1.2109375,-0.37109375,-0.390625
21946,1.19140625,1.201171875,-0.126953125,-0.302734375
21947,1.23046875,1.201171875,-0.126953125,-0.390625
21948,1.19140625,1.396484375,-0.13671875,-0.322265625
21949,1.11328125,1.19140625,-0.224609375,-0.4296875
21950,1.19140625,1.181640625,-0.2734375,-0.2734375
21951,1.201171875,1.220703125,-0.234375,-0.390625
21952,1.15234375,1.220703125,-0.107421875,-0.322265625
21953,1.23046875,1.25,-0.126953125,-0.419921875
21954,1.19140625,1.1328125,-0.224609375,-0.380859375
21955,1.19140625,1.376953125,-0.185546875,-0.41015625
21956,1.240234375,1.171875,-0.126953125,-0.302734375
21957,1.34765625,1.07421875,-0.2734375,-0.390625
21958,1.15234375,1.240234375,-0.17578125,-0.341796875
21959,1.2109375,1.181640625,-0.244140625,-0.400390625
21960,1.240234375,1.2890625,-0.185546875,-0.3515625
21961,1.2109375,1.083984375,-0.3515625,-0.400390625
21962,1.181640625,1.015625,-0.244140625,-0.087890625
21963,1.123046875,1.015625,-0.29296875,-0.3125
21964,1.259765625,1.03515625,-0.1953125,-0.380859375
21965,1.162109375,1.1328125,-0.224609375,-0.302734375
21966,1.279296875,1.123046875,-0.380859375,-0.3515625
21967,1.162109375,1.0546875,-0.1953125,-0.37109375
21968,1.044921875,1.064453125,-0.25390625,-0.46875
21969,1.2890625,0.927734375,-0.244140625,-0.390625
21970,1.30859375,1.162109375,-0.263671875,-0.341796875
21971,1.23046875,1.103515625,-0.283203125,-0.37109375
21972,1.240234375,1.03515625,-0.341796875,-0.29296875
21973,1.25,0.927734375,-0.25390625,-0.29296875
21974,1.259765625,1.083984375,-0.17578125,-0.37109375
21975,1.19140625,1.064453125,-0.302734375,-0.546875
21976,1.220703125,1.103515625,-0.09765625,-0.3515625
21977,1.11328125,1.07421875,-0.263671875,-0.390625
21978,1.240234375,1.162109375,-0.1171875,-0.37109375
21979,1.2109375,0.95703125,-0.166015625,-0.41015625
21980,1.42578125,1.03515625,-0.1953125,-0.361328125
21981,1.259765625,1.083984375,-0.29296875,-0.302734375
21982,1.259765625,1.171875,-0.087890625,-0.390625
21983,1.337890625,1.064453125,-0.17578125,-0.2734375
21984,1.30859375,1.15234375,-0.224609375,-0.341796875
21985,1.162109375,1.15234375,-0.185546875,-0.361328125
21986,1.26953125,1.142578125,-0.126953125,-0.17578125
21987,1.25,1.142578125,-0.1953125,-0.390625
21988,1.30859375,1.09375,-0.166015625,-0.341796875
21989,1.2109375,1.005859375,-0.322265625,-0.1953125
21990,1.103515625,0.99609375,-0.166015625,-0.41015625
21991,1.279296875,0.947265625,-0.25390625,-0.390625
21992,1.318359375,1.005859375,-0.25390625,-0.419921875
21993,1.19140625,1.0546875,-0.341796875,-0.556640625
21994,1.23046875,1.025390625,-0.1953125,-0.3125
21995,1.259765625,0.9765625,-0.263671875,-0.263671875
21996,1.2109375,1.03515625,-0.244140625,-0.37109375
21997,1.19140625,0.99609375,-0.234375,-0.41015625
21998,1.19140625,0.986328125,-0.17578125,-0.2734375
21999,1.220703125,0.99609375,-0.263671875,-0.224609375
22000,1.220703125,1.07421875,-0.205078125,-0.33203125
22001,1.2109375,0.986328125,-0.33203125,-0.244140625
22002,1.240234375,0.947265625,-0.1171875,-0.234375
22003,1.2109375,1.09375,-0.1953125,-0.33203125
22004,1.201171875,1.015625,-0.13671875,-0.283203125
22005,1.201171875,1.064453125,-0.166015625,-0.361328125
22006,1.171875,0.986328125,-0.21484375,-0.25390625
22007,1.259765625,1.015625,-0.25390625,-0.37109375
22008,1.220703125,0.99609375,-0.234375,-0.25390625
22009,1.25,1.0546875,-0.166015625,-0.302734375
22010,1.2890625,0.99609375,-0.25390625,-0.3515625
22011,1.259765625,1.015625,-0.25390625,-0.3515625
22012,1.30859375,0.9765625,-0.322265625,-0.400390625
22013,1.30859375,0.927734375,-0.29296875,-0.234375
22014,1.240234375,1.11328125,-0.322265625,-0.146484375
22015,1.26953125,1.23046875,-0.302734375,-0.283203125
22016,1.259765625,1.0546875,-0.361328125,-0.283203125
22017,1.171875,0.966796875,-0.1953125,-0.302734375
22018,1.201171875,1.083984375,-0.21484375,-0.283203125
22019,1.220703125,0.791015625,-0.17578125,-0.400390625
22020,1.171875,1.044921875,-0.263671875,-0.25390625
22021,1.2890625,0.91796875,-0.205078125,-0.29296875
22022,1.30859375,1.03515625,-0.1953125,-0.400390625
22023,1.279296875,1.03515625,-0.09765625,-0.185546875
22024,1.19140625,1.171875,-0.224609375,-0.302734375
22025,1.23046875,1.083984375,-0.15625,-0.302734375
22026,1.259765625,1.025390625,-0.205078125,-0.1953125
22027,1.123046875,0.8984375,-0.2734375,-0.244140625
22028,1.19140625,0.986328125,-0.263671875,-0.224609375
22029,1.298828125,1.025390625,-0.205078125,-0.166015625
22030,1.19140625,0.986328125,-0.244140625,-0.244140625
22031,1.103515625,0.908203125,-0.3515625,-0.33203125
22032,1.162109375,0.95703125,-0.2734375,-0.283203125
22033,1.240234375,0.966796875,-0.1953125,-0.244140625
22034,1.1328125,0.9375,-0.263671875,-0.302734375
22035,1.23046875,0.966796875,-0.29296875,-0.341796875
22036,1.2890625,0.99609375,-0.283203125,-0.244140625
22037,1.181640625,0.859375,-0.302734375,-0.25390625
22038,1.044921875,0.966796875,-0.25390625,-0.341796875
22039,1.3671875,1.1328125,-0.3125,-0.087890625
22040,1.123046875,1.0546875,-0.25390625,-0.205078125
22041,1.40625,0.966796875,-0.263671875,-0.263671875
22042,1.318359375,1.03515625,-0.17578125,-0.33203125
22043,1.2109375,0.859375,-0.224609375,-0.380859375
22044,1.328125,0.9765625,-0.302734375,-0.29296875
22045,1.2890625,1.11328125,-0.224609375,-0.33203125
22046,1.279296875,1.083984375,-0.263671875,-0.2734375
22047,1.11328125,0.966796875,-0.2734375,-0.263671875
22048,1.23046875,1.044921875,-0.3125,-0.322265625
22049,1.240234375,1.2109375,-0.2734375,-0.41015625
22050,1.259765625,1.005859375,-0.3515625,-0.322265625
22051,1.240234375,0.9765625,-0.3125,-0.478515625
22052,1.162109375,0.95703125,-0.21484375,-0.400390625
22053,1.15234375,0.947265625,-0.37109375,-0.37109375
22054,1.181640625,1.025390625,-0.1953125,-0.244140625
22055,1.15234375,0.947265625,-0.25390625,-0.41015625
22056,1.19140625,1.015625,-0.17578125,-0.37109375
22057,1.162109375,1.0546875,-0.244140625,-0.322265625
22058,1.025390625,1.142578125,-0.263671875,-0.33203125
22059,1.142578125,0.947265625,-0.166015625,-0.33203125
22060,1.123046875,1.09375,-0.224609375,-0.33203125
22061,1.2109375,1.162109375,-0.166015625,-0.33203125
22062,1.162109375,1.07421875,-0.166015625,-0.29296875
22063,1.162109375,1.0546875,-0.087890625,-0.263671875
22064,1.15234375,1.03515625,-0.166015625,-0.25390625
22065,1.181640625,1.09375,-0.185546875,-0.146484375
22066,1.2109375,1.0546875,-0.087890625,-0.458984375
22067,1.201171875,1.044921875,-0.21484375,-0.283203125
22068,1.25,1.015625,-0.166015625,-0.400390625
22069,1.240234375,1.11328125,-0.166015625,-0.205078125
22070,1.142578125,1.0546875,-0.1953125,-0.341796875
22071,1.11328125,1.103515625,-0.29296875,-0.2734375
22072,1.2109375,1.09375,-0.107421875,-0.322265625
22073,1.201171875,1.142578125,-0.146484375,-0.1953125
22074,1.201171875,1.083984375,-0.224609375,-0.322265625
22075,1.181640625,1.103515625,-0.205078125,-0.3515625
22076,1.142578125,1.015625,-0.263671875,-0.224609375
22077,1.279296875,1.11328125,-0.17578125,-0.224609375
22078,1.19140625,1.15234375,-0.1953125,-0.21484375
22079,1.26953125,0.9765625,-0.146484375,-0.244140625
22080,1.2109375,1.005859375,-0.17578125,-0.263671875
22081,1.23046875,1.064453125,-0.166015625,-0.29296875
22082,1.15234375,1.103515625,-0.146484375,-0.244140625
22083,1.171875,1.07421875,-0.33203125,-0.224609375
22084,1.171875,1.142578125,-0.17578125,-0.234375
22085,1.1328125,1.30859375,-0.185546875,-0.234375
22086,1.162109375,1.064453125,-0.25390625,-0.263671875
22087,1.162109375,1.064453125,-0.185546875,-0.234375
22088,1.25,0.99609375,-0.244140625,-0.15625
22089,1.220703125,1.19140625,-0.25390625,-0.234375
22090,1.328125,1.171875,-0.2734375,-0.33203125
22091,1.171875,1.044921875,-0.2734375,-0.322265625
22092,1.26953125,1.15234375,-0.244140625,-0.3125
22093,1.259765625,1.064453125,-0.126953125,-0.341796875
22094,1.328125,1.015625,-0.17578125,-0.283203125
22095,1.220703125,1.015625,-0.3125,-0.2734375
22096,1.240234375,1.025390625,-0.224609375,-0.29296875
22097,1.240234375,1.171875,-0.224609375,-0.263671875
22098,1.201171875,1.09375,-0.234375,-0.21484375
22099,1.259765625,1.103515625,-0.224609375,-0.283203125
22100,1.201171875,1.123046875,-0.1953125,-0.205078125
22101,1.142578125,1.015625,-0.21484375,-0.341796875
22102,1.279296875,1.083984375,-0.29296875,-0.439453125
22103,1.279296875,1.07421875,-0.244140625,-0.25390625
22104,1.2890625,1.0546875,-0.244140625,-0.244140625
22105,1.279296875,1.11328125,-0.244140625,-0.234375
22106,1.240234375,0.927734375,-0.13671875,-0.21484375
22107,1.240234375,0.9375,-0.283203125,-0.2734375
22108,1.11328125,1.0546875,-0.185546875,-0.234375
22109,1.23046875,1.181640625,-0.224609375,-0.25390625
22110,1.2109375,0.95703125,-0.29296875,-0.341796875
22111,1.220703125,1.064453125,-0.17578125,-0.224609375
22112,1.25,1.07421875,-0.29296875,-0.322265625
22113,1.25,0.87890625,-0.2734375,-0.263671875
22114,1.201171875,1.07421875,-0.400390625,-0.322265625
22115,1.23046875,1.171875,-0.205078125,-0.2734375
22116,1.220703125,1.19140625,-0.3125,-0.224609375
22117,1.201171875,1.0546875,-0.439453125,-0.205078125
22118,1.298828125,1.1328125,-0.21484375,-0.1953125
22119,1.201171875,1.025390625,-0.439453125,-0.1953125
22120,1.171875,1.123046875,-0.33203125,-0.322265625
22121,1.220703125,1.07421875,-0.302734375,-0.302734375
22122,1.23046875,1.09375,-0.244140625,-0.205078125
22123,1.171875,1.123046875,-0.234375,-0.244140625
22124,1.201171875,0.95703125,-0.361328125,-0.13671875
22125,1.220703125,1.162109375,-0.3515625,-0.244140625
22126,1.201171875,1.123046875,-0.33203125,-0.37109375
22127,1.240234375,1.171875,-0.322265625,-0.17578125
22128,1.23046875,1.083984375,-0.33203125,-0.185546875
22129,1.23046875,1.09375,-0.263671875,-0.33203125
22130,1.220703125,1.11328125,-0.390625,-0.37109375
22131,1.259765625,1.064453125,-0.263671875,-0.33203125
22132,1.25,1.103515625,-0.2734375,-0.322265625
22133,1.279296875,1.103515625,-0.234375,-0.3515625
22134,1.2109375,1.09375,-0.263671875,-0.283203125
22135,1.240234375,1.240234375,-0.234375,-0.302734375
22136,1.162109375,1.064453125,-0.302734375,-0.01953125
22137,1.19140625,1.044921875,-0.283203125,-0.302734375
22138,1.15234375,1.083984375,-0.263671875,-0.234375
22139,1.2109375,1.03515625,-0.361328125,-0.322265625
22140,1.201171875,1.09375,-0.25390625,-0.302734375
22141,1.19140625,1.0546875,-0.322265625,-0.21484375
22142,1.1328125,1.083984375,-0.263671875,-0.419921875
22143,1.162109375,1.005859375,-0.263671875,-0.234375
22144,1.240234375,0.9765625,-0.224609375,-0.224609375
22145,1.103515625,1.064453125,-0.17578125,-0.2734375
22146,1.2109375,1.123046875,-0.234375,-0.283203125
22147,1.142578125,1.083984375,-0.068359375,-0.322265625
22148,1.23046875,1.044921875,-0.283203125,-0.244140625
22149,1.23046875,1.07421875,-0.205078125,-0.25390625
22150,1.201171875,0.99609375,-0.263671875,-0.234375
22151,1.201171875,1.083984375,-0.21484375,-0.263671875
22152,1.181640625,1.044921875,-0.263671875,-0.3515625
22153,1.201171875,1.005859375,-0.009765625,-0.302734375
22154,1.259765625,1.044921875,-0.15625,-0.283203125
22155,1.15234375,1.09375,-0.224609375,-0.185546875
22156,1.298828125,0.95703125,-0.166015625,-0.263671875
22157,1.171875,1.1328125,-0.1953125,-0.263671875
22158,1.23046875,1.07421875,-0.2734375,-0.283203125
22159,1.2109375,1.044921875,-0.1953125,-0.244140625
22160,1.279296875,1.1328125,-0.126953125,-0.224609375
22161,1.298828125,1.1328125,-0.146484375,-0.15625
22162,1.19140625,1.181640625,-0.1953125,-0.29296875
22163,1.181640625,0.947265625,-0.126953125,-0.25390625
22164,1.19140625,1.083984375,-0.1953125,-0.2734375
22165,1.171875,1.11328125,-0.166015625,-0.302734375
22166,1.07421875,1.123046875,-0.146484375,-0.322265625
22167,1.171875,1.083984375,-0.263671875,-0.078125
22168,1.162109375,1.03515625,-0.224609375,-0.390625
22169,1.162109375,1.09375,-0.2734375,-0.302734375
22170,1.220703125,1.11328125,-0.341796875,-0.048828125
22171,1.142578125,1.181640625,-0.1953125,-0.25390625
22172,1.201171875,1.181640625,-0.25390625,-0.52734375
22173,1.240234375,1.11328125,-0.224609375,-0.263671875
22174,1.15234375,1.15234375,-0.322265625,-0.17578125
22175,1.25,1.15234375,-0.263671875,-0.302734375
22176,1.259765625,1.07421875,-0.17578125,-0.361328125
22177,1.201171875,1.171875,-0.21484375,-0.302734375
22178,1.123046875,1.083984375,-0.224609375,-0.29296875
22179,1.19140625,1.1328125,-0.263671875,-0.263671875
22180,1.15234375,1.201171875,-0.25390625,-0.2734375
22181,1.2109375,1.15234375,-0.224609375,-0.341796875
22182,1.2109375,1.123046875,-0.224609375,-0.185546875
22183,1.220703125,1.1328125,-0.244140625,-0.283203125
22184,1.23046875,1.171875,-0.224609375,-0.25390625
22185,1.26953125,1.171875,-0.15625,-0.15625
22186,1.220703125,1.19140625,-0.224609375,-0.25390625
22187,1.201171875,1.142578125,-0.17578125,-0.234375
22188,1.220703125,1.2890625,-0.09765625,-0.283203125
22189,1.2109375,1.201171875,-0.234375,-0.224609375
22190,1.103515625,1.2109375,-0.224609375,-0.13671875
22191,1.15234375,1.15234375,-0.234375,-0.234375
22192,1.240234375,1.357421875,-0.1953125,-0.2734375
22193,1.220703125,1.201171875,-0.1953125,-0.244140625
22194,1.19140625,1.19140625,-0.17578125,-0.234375
22195,1.15234375,1.015625,-0.1953125,-0.21484375
22196,1.142578125,1.11328125,-0.21484375,-0.185546875
22197,1.162109375,1.1328125,-0.1953125,-0.400390625
22198,1.142578125,1.03515625,-0.224609375,-0.302734375
22199,1.171875,1.1328125,-0.2734375,-0.37109375
22200,1.162109375,1.142578125,-0.1953125,-0.13671875
22201,1.162109375,1.064453125,-0.263671875,-0.185546875
22202,1.083984375,1.220703125,-0.234375,-0.29296875
22203,1.25,1.220703125,-0.1171875,-0.1953125
22204,1.1328125,1.2890625,-0.244140625,-0.322265625
22205,1.162109375,1.083984375,-0.224609375,-0.283203125
22206,1.123046875,1.083984375,-0.234375,-0.439453125
22207,1.11328125,1.23046875,-0.224609375,-0.205078125
22208,1.26953125,0.9375,-0.17578125,-0.302734375
22209,1.318359375,1.123046875,-0.205078125,-0.302734375
22210,1.201171875,1.171875,-0.341796875,-0.380859375
22211,1.1328125,1.1328125,-0.09765625,-0.224609375
22212,1.171875,1.2109375,-0.2734375,-0.3515625
22213,1.025390625,1.220703125,-0.1171875,-0.244140625
22214,1.23046875,1.09375,-0.1953125,-0.341796875
22215,1.11328125,1.15234375,-0.15625,-0.234375
22216,1.23046875,1.19140625,-0.21484375,-0.263671875
22217,1.220703125,1.19140625,-0.21484375,-0.302734375
22218,1.26953125,1.19140625,-0.244140625,-0.41015625
22219,1.23046875,1.19140625,-0.2734375,-0.244140625
22220,1.23046875,1.142578125,-0.21484375,-0.3125
22221,1.30859375,1.240234375,-0.205078125,-0.400390625
22222,1.279296875,1.142578125,-0.283203125,-0.3515625
22223,1.171875,1.11328125,-0.205078125,-0.263671875
22224,1.15234375,1.181640625,-0.322265625,-0.224609375
22225,1.15234375,1.2109375,-0.21484375,-0.322265625
22226,1.240234375,1.25,-0.185546875,-0.390625
22227,1.318359375,1.25,-0.478515625,-0.224609375
22228,1.181640625,1.09375,-0.3125,-0.41015625
22229,1.2109375,1.11328125,-0.25390625,-0.322265625
22230,1.2109375,1.15234375,-0.25390625,-0.546875
22231,1.201171875,1.15234375,-0.29296875,-0.29296875
22232,1.23046875,1.15234375,-0.244140625,-0.25390625
22233,1.201171875,1.15234375,-0.33203125,-0.283203125
22234,1.240234375,1.15234375,-0.2734375,-0.1171875
22235,1.181640625,1.123046875,-0.263671875,-0.2734375
22236,1.26953125,1.15234375,-0.244140625,-0.283203125
22237,1.240234375,1.2109375,-0.29296875,-0.322265625
22238,1.2109375,1.15234375,-0.29296875,-0.17578125
22239,1.259765625,1.181640625,-0.25390625,-0.283203125
22240,1.259765625,1.171875,-0.205078125,-0.3515625
22241,1.15234375,1.03515625,-0.400390625,-0.33203125
22242,1.2109375,1.23046875,-0.341796875,-0.17578125
22243,1.162109375,1.259765625,-0.29296875,-0.263671875
22244,1.142578125,1.2890625,-0.234375,-0.244140625
22245,1.23046875,1.171875,-0.380859375,-0.263671875
22246,1.26953125,1.142578125,-0.2734375,-0.244140625
22247,1.2890625,1.181640625,-0.244140625,-0.3515625
22248,1.201171875,1.103515625,-0.185546875,-0.37109375
22249,1.259765625,1.2109375,-0.263671875,-0.302734375
22250,1.162109375,1.42578125,-0.107421875,-0.33203125
22251,1.240234375,1.171875,-0.17578125,-0.33203125
22252,1.201171875,1.259765625,-0.205078125,-0.390625
22253,1.279296875,1.220703125,-0.29296875,-0.3125
22254,1.25,1.181640625,-0.205078125,-0.1953125
22255,1.298828125,1.201171875,-0.224609375,-0.390625
22256,1.240234375,1.09375,-0.13671875,-0.29296875
22257,1.26953125,1.171875,-0.322265625,-0.33203125
22258,1.201171875,1.181640625,-0.244140625,-0.166015625
22259,1.30859375,1.201171875,0,-0.283203125
22260,1.1328125,1.30859375,-0.146484375,-0.2734375
22261,1.376953125,1.15234375,-0.33203125,-0.2734375
22262,1.30859375,1.2890625,-0.2734375,-0.29296875
22263,1.201171875,1.201171875,-0.205078125,-0.244140625
22264,1.30859375,1.103515625,-0.1953125,-0.341796875
22265,1.2890625,1.23046875,-0.322265625,-0.283203125
22266,1.259765625,1.15234375,-0.380859375,-0.15625
22267,1.396484375,1.1328125,-0.3515625,-0.2734375
22268,1.220703125,1.064453125,-0.361328125,-0.3515625
22269,1.25,1.240234375,-0.234375,-0.3515625
22270,1.357421875,1.181640625,-0.283203125,-0.37109375
22271,1.279296875,1.11328125,-0.283203125,-0.302734375
22272,1.30859375,1.15234375,-0.341796875,-0.21484375
22273,1.25,1.2109375,-0.283203125,-0.15625
22274,1.34765625,1.2890625,-0.146484375,-0.419921875
22275,1.357421875,1.201171875,-0.302734375,-0.283203125
22276,1.09375,1.162109375,-0.33203125,-0.341796875
22277,1.25,1.1328125,-0.185546875,-0.263671875
22278,1.298828125,1.19140625,-0.3125,-0.234375
22279,1.25,1.25,-0.1953125,-0.283203125
22280,1.09375,1.34765625,-0.17578125,-0.29296875
22281,1.416015625,1.2109375,-0.205078125,-0.341796875
22282,1.357421875,1.2109375,-0.2734375,-0.29296875
22283,1.171875,1.259765625,-0.37109375,-0.3125
22284,1.181640625,1.162109375,-0.25390625,-0.380859375
22285,1.2890625,1.30859375,-0.146484375,-0.09765625
22286,1.259765625,1.357421875,-0.244140625,-0.390625
22287,1.259765625,1.0546875,-0.33203125,-0.3125
22288,1.357421875,1.25,-0.2734375,-0.3515625
22289,1.396484375,1.25,-0.25390625,-0.390625
22290,1.376953125,1.23046875,-0.234375,-0.361328125
22291,1.220703125,1.240234375,-0.17578125,-0.322265625
22292,1.318359375,1.337890625,-0.185546875,-0.146484375
22293,1.357421875,1.4453125,-0.3515625,-0.2734375
22294,1.357421875,1.259765625,-0.3515625,-0.37109375
22295,1.42578125,1.25,-0.302734375,-0.2734375
22296,1.25,1.2109375,-0.25390625,-0.361328125
22297,1.240234375,1.259765625,-0.2734375,-0.29296875
22298,1.484375,1.259765625,-0.2734375,-0.3125
22299,1.34765625,1.09375,-0.322265625,-0.341796875
22300,1.279296875,1.23046875,-0.3515625,-0.419921875
22301,1.328125,1.23046875,-0.380859375,-0.25390625
22302,1.337890625,1.298828125,-0.3125,-0.3125
22303,1.25,1.220703125,-0.244140625,-0.380859375
22304,1.220703125,1.19140625,-0.244140625,-0.29296875
22305,1.318359375,1.279296875,-0.1953125,-0.4296875
22306,1.34765625,1.23046875,-0.29296875,-0.41015625
22307,1.25,1.2109375,-0.29296875,-0.46875
22308,1.26953125,1.2890625,-0.166015625,-0.341796875
22309,1.181640625,1.19140625,-0.263671875,-0.37109375
22310,1.2890625,1.30859375,-0.244140625,-0.302734375
22311,1.328125,1.2890625,-0.13671875,-0.3515625
22312,1.396484375,1.220703125,-0.185546875,-0.33203125
22313,1.2109375,1.240234375,-0.25390625,-0.234375
22314,1.298828125,1.142578125,-0.185546875,-0.390625
22315,1.2109375,1.25,-0.205078125,-0.25390625
22316,1.2890625,1.2890625,-0.1953125,-0.390625
22317,1.38671875,1.279296875,-0.17578125,-0.302734375
22318,1.337890625,1.220703125,-0.234375,-0.3515625
22319,1.25,1.259765625,-0.244140625,-0.234375
22320,1.34765625,1.19140625,-0.166015625,-0.33203125
22321,1.337890625,1.376953125,-0.146484375,-0.3515625
22322,1.3671875,1.2890625,-0.17578125,-0.419921875
22323,1.2890625,1.23046875,-0.2734375,-0.390625
22324,1.298828125,1.201171875,-0.15625,-0.361328125
22325,1.26953125,1.1328125,-0.263671875,-0.44921875
22326,1.34765625,1.357421875,-0.17578125,-0.341796875
22327,1.30859375,1.259765625,-0.21484375,-0.390625
22328,1.4453125,1.162109375,-0.244140625,-0.302734375
22329,1.181640625,1.181640625,-0.166015625,-0.37109375
22330,1.201171875,1.337890625,-0.17578125,-0.322265625
22331,1.25,1.220703125,-0.1953125,-0.361328125
22332,1.259765625,1.259765625,-0.244140625,-0.390625
22333,1.240234375,1.07421875,-0.166015625,-0.3515625
22334,1.26953125,1.201171875,-0.37109375,-0.2734375
22335,1.26953125,1.2890625,-0.3515625,-0.322265625
22336,1.318359375,1.11328125,-0.263671875,-0.380859375
22337,1.220703125,1.220703125,-0.107421875,-0.44921875
22338,1.25,1.240234375,-0.05859375,-0.322265625
22339,1.30859375,1.2109375,-0.322265625,-0.33203125
22340,1.23046875,1.2890625,-0.244140625,-0.25390625
22341,1.23046875,1.1328125,-0.17578125,-0.25390625
22342,1.19140625,1.171875,-0.283203125,-0.4296875
22343,1.11328125,1.23046875,-0.263671875,-0.400390625
22344,1.25,1.15234375,-0.302734375,-0.400390625
22345,1.181640625,1.25,-0.29296875,-0.41015625
22346,1.337890625,1.09375,-0.3125,-0.400390625
22347,1.11328125,1.162109375,-0.380859375,-0.380859375
22348,1.2109375,1.2109375,-0.234375,-0.390625
22349,1.259765625,1.240234375,-0.25390625,-0.419921875
22350,1.318359375,1.15234375,-0.2734375,-0.419921875
22351,1.26953125,1.162109375,-0.3125,-0.4296875
22352,1.1328125,1.220703125,-0.419921875,-0.439453125
22353,1.26953125,1.162109375,-0.107421875,-0.3515625
22354,1.240234375,1.19140625,-0.2734375,-0.33203125
22355,1.142578125,1.376953125,-0.234375,-0.498046875
22356,1.26953125,1.23046875,-0.29296875,-0.302734375
22357,1.30859375,1.09375,-0.361328125,-0.361328125
22358,1.279296875,1.171875,-0.234375,-0.322265625
22359,1.279296875,1.181640625,-0.234375,-0.37109375
22360,1.25,1.201171875,-0.29296875,-0.41015625
22361,1.2890625,1.2109375,-0.341796875,-0.322265625
22362,1.318359375,1.25,-0.21484375,-0.3515625
22363,1.240234375,1.15234375,-0.2734375,-0.361328125
22364,1.123046875,1.23046875,-0.234375,-0.419921875
22365,1.162109375,1.220703125,-0.244140625,-0.205078125
22366,1.279296875,1.19140625,-0.283203125,-0.361328125
22367,1.240234375,1.19140625,-0.234375,-0.341796875
22368,1.171875,1.19140625,-0.283203125,-0.244140625
22369,1.279296875,1.123046875,-0.380859375,-0.390625
22370,1.2109375,1.23046875,-0.283203125,-0.390625
22371,1.30859375,1.09375,-0.087890625,-0.56640625
22372,1.279296875,1.23046875,-0.341796875,-0.37109375
22373,1.25,1.171875,-0.4296875,-0.48828125
22374,1.171875,1.171875,-0.37109375,-0.517578125
22375,1.201171875,1.19140625,-0.341796875,-0.380859375
22376,1.201171875,1.171875,-0.224609375,-0.439453125
22377,1.396484375,1.181640625,-0.068359375,-0.419921875
22378,1.181640625,1.337890625,-0.25390625,-0.46875
22379,1.220703125,1.09375,-0.1953125,-0.361328125
22380,1.337890625,1.171875,-0.263671875,-0.546875
22381,1.2109375,1.0546875,-0.224609375,-0.46875
22382,1.318359375,1.07421875,-0.21484375,-0.341796875
22383,1.19140625,1.103515625,-0.185546875,-0.3515625
22384,1.240234375,1.09375,-0.29296875,-0.390625
22385,1.259765625,1.09375,-0.185546875,-0.44921875
22386,1.064453125,1.11328125,-0.1171875,-0.3515625
22387,1.26953125,1.123046875,-0.1953125,-0.3125
22388,1.26953125,1.376953125,-0.234375,-0.25390625
22389,1.103515625,1.171875,-0.185546875,-0.458984375
22390,1.279296875,1.162109375,-0.146484375,-0.3515625
22391,1.30859375,1.23046875,-0.322265625,-0.3125
22392,1.220703125,1.044921875,-0.205078125,-0.576171875
22393,1.26953125,1.09375,-0.1953125,-0.41015625
22394,1.220703125,1.15234375,-0.185546875,-0.390625
22395,1.337890625,1.005859375,-0.244140625,-0.400390625
22396,1.23046875,0.966796875,-0.166015625,-0.2734375
22397,1.23046875,1.03515625,-0.13671875,-0.380859375
22398,1.23046875,1.03515625,-0.2734375,-0.361328125
22399,1.083984375,1.025390625,-0.25390625,-0.380859375
22400,1.23046875,0.966796875,-0.25390625,-0.44921875
22401,1.337890625,1.11328125,-0.322265625,-0.48828125
22402,1.26953125,1.07421875,-0.185546875,-0.341796875
22403,1.259765625,1.11328125,-0.3515625,-0.302734375
22404,1.103515625,1.103515625,-0.205078125,-0.419921875
22405,1.240234375,0.99609375,-0.185546875,-0.302734375
22406,1.171875,1.083984375,-0.224609375,-0.2734375
22407,1.23046875,1.09375,-0.126953125,-0.263671875
22408,1.2109375,0.9375,-0.244140625,-0.341796875
22409,1.220703125,1.0546875,-0.29296875,-0.244140625
22410,1.2890625,1.09375,-0.15625,-0.498046875
22411,1.240234375,1.103515625,-0.146484375,-0.33203125
22412,1.26953125,1.07421875,-0.224609375,-0.380859375
22413,1.07421875,1.07421875,-0.126953125,-0.380859375
22414,1.298828125,0.99609375,-0.244140625,-0.52734375
22415,1.220703125,0.99609375,-0.15625,-0.3515625
22416,1.23046875,1.064453125,-0.25390625,-0.498046875
22417,1.201171875,0.947265625,-0.185546875,-0.322265625
22418,1.201171875,1.07421875,-0.185546875,-0.244140625
22419,1.318359375,1.083984375,-0.2734375,-0.3515625
22420,1.240234375,1.03515625,-0.283203125,-0.390625
22421,1.240234375,1.259765625,-0.283203125,-0.37109375
22422,1.279296875,1.015625,-0.283203125,-0.302734375
22423,1.30859375,0.99609375,-0.224609375,-0.1953125
22424,1.15234375,0.99609375,-0.244140625,-0.25390625
22425,1.298828125,1.015625,-0.21484375,-0.2734375
22426,1.376953125,1.005859375,-0.146484375,-0.400390625
22427,1.171875,1.171875,-0.283203125,-0.4296875
22428,1.19140625,1.03515625,-0.1953125,-0.205078125
22429,1.25,1.044921875,-0.224609375,-0.48828125
22430,1.171875,0.849609375,-0.3125,-0.263671875
22431,1.19140625,1.0546875,-0.13671875,-0.3515625
22432,1.220703125,1.083984375,-0.224609375,-0.25390625
22433,1.201171875,1.025390625,-0.322265625,-0.244140625
22434,1.240234375,1.03515625,-0.15625,-0.361328125
22435,1.201171875,1.025390625,-0.2734375,-0.205078125
22436,1.162109375,0.87890625,-0.302734375,-0.263671875
22437,1.259765625,0.966796875,-0.341796875,-0.3515625
22438,1.123046875,1.0546875,-0.3125,-0.302734375
22439,1.240234375,1.0546875,-0.21484375,-0.2734375
22440,1.298828125,1.025390625,-0.185546875,-0.341796875
22441,1.34765625,0.9375,-0.29296875,-0.302734375
22442,1.279296875,0.986328125,-0.25390625,-0.361328125
22443,1.279296875,0.947265625,-0.185546875,-0.3515625
22444,1.2890625,1.005859375,-0.1953125,-0.302734375
22445,1.259765625,1.064453125,-0.25390625,-0.3125
22446,1.181640625,0.83984375,-0.146484375,-0.37109375
22447,1.40625,0.99609375,-0.244140625,-0.25390625
22448,1.396484375,0.966796875,-0.185546875,-0.322265625
22449,1.240234375,1.005859375,-0.2734375,-0.33203125
22450,1.103515625,1.1328125,-0.1953125,-0.41015625
22451,1.220703125,1.005859375,-0.244140625,-0.361328125
22452,1.240234375,1.03515625,-0.25390625,-0.263671875
22453,1.26953125,0.99609375,-0.224609375,-0.37109375
22454,1.2109375,1.064453125,-0.224609375,-0.3125
22455,1.2109375,0.947265625,-0.234375,-0.380859375
22456,1.1328125,0.947265625,-0.185546875,-0.37109375
22457,1.25,1.03515625,-0.341796875,-0.3125
22458,1.259765625,0.95703125,-0.3125,-0.25390625
22459,1.201171875,1.025390625,-0.205078125,-0.29296875
22460,1.1328125,0.8984375,-0.33203125,-0.322265625
22461,1.171875,1.11328125,-0.33203125,-0.390625
22462,1.19140625,0.986328125,-0.263671875,-0.478515625
22463,1.142578125,1.0546875,-0.244140625,-0.2734375
22464,1.201171875,0.947265625,-0.224609375,-0.302734375
22465,1.357421875,1.0546875,-0.400390625,-0.361328125
22466,1.2109375,0.966796875,-0.29296875,-0.390625
22467,1.171875,0.99609375,-0.3125,-0.244140625
22468,1.07421875,1.044921875,-0.29296875,-0.263671875
22469,1.220703125,1.015625,-0.17578125,-0.33203125
22470,1.201171875,0.9765625,-0.263671875,-0.3515625
22471,1.328125,1.005859375,-0.3515625,-0.439453125
22472,1.259765625,1.005859375,-0.185546875,-0.3125
22473,1.201171875,1.005859375,-0.263671875,-0.2734375
22474,1.103515625,1.025390625,-0.224609375,-0.37109375
22475,1.1328125,1.064453125,-0.166015625,-0.33203125
22476,1.25,1.044921875,-0.15625,-0.400390625
22477,1.201171875,1.09375,-0.29296875,-0.400390625
22478,1.142578125,0.95703125,-0.25390625,-0.37109375
22479,1.181640625,1.220703125,-0.400390625,-0.400390625
22480,1.240234375,1.03515625,-0.17578125,-0.46875
22481,1.259765625,1.044921875,-0.244140625,-0.400390625
22482,1.201171875,1.083984375,-0.25390625,-0.390625
22483,1.162109375,1.07421875,-0.185546875,-0.341796875
22484,1.220703125,0.986328125,-0.205078125,-0.302734375
22485,1.171875,1.0546875,-0.244140625,-0.234375
22486,1.103515625,1.025390625,-0.224609375,-0.283203125
22487,1.23046875,1.03515625,-0.283203125,-0.361328125
22488,1.240234375,1.025390625,0.0390625,-0.3515625
22489,1.162109375,1.005859375,-0.21484375,-0.302734375
22490,1.171875,0.966796875,-0.068359375,-0.244140625
22491,1.103515625,1.0546875,-0.1953125,-0.302734375
22492,1.123046875,0.947265625,-0.185546875,-0.400390625
22493,1.123046875,1.064453125,-0.1953125,-0.37109375
22494,1.162109375,1.025390625,-0.146484375,-0.33203125
22495,1.1328125,1.0546875,-0.146484375,-0.25390625
22496,1.25,0.99609375,-0.283203125,-0.46875
22497,1.15234375,1.005859375,-0.263671875,-0.390625
22498,1.201171875,1.25,-0.13671875,-0.3125
22499,1.26953125,1.11328125,-0.146484375,-0.244140625
22500,1.171875,1.1328125,-0.05859375,-0.1953125
22501,1.2109375,1.025390625,-0.234375,-0.341796875
22502,0.8984375,1.044921875,-0.361328125,-0.302734375
22503,1.025390625,1.15234375,-0.09765625,-0.33203125
22504,1.162109375,1.005859375,-0.185546875,-0.283203125
22505,1.11328125,1.044921875,-0.21484375,-0.205078125
22506,1.162109375,1.07421875,-0.166015625,-0.302734375
22507,1.123046875,1.005859375,-0.21484375,-0.234375
22508,0.95703125,1.123046875,-0.1953125,-0.3125
22509,1.11328125,1.064453125,-0.15625,-0.302734375
22510,1.201171875,1.103515625,-0.341796875,-0.322265625
22511,1.11328125,1.09375,-0.087890625,-0.25390625
22512,1.25,0.9765625,-0.234375,-0.21484375
22513,1.103515625,1.103515625,-0.126953125,-0.283203125
22514,1.2890625,1.11328125,-0.21484375,-0.302734375
22515,1.123046875,1.15234375,-0.17578125,-0.234375
22516,1.123046875,1.181640625,-0.17578125,-0.205078125
22517,1.15234375,1.0546875,-0.21484375,-0.29296875
22518,1.171875,1.03515625,-0.126953125,-0.263671875
22519,1.201171875,1.064453125,-0.244140625,-0.25390625
22520,1.279296875,1.11328125,-0.185546875,-0.21484375
22521,1.201171875,1.103515625,-0.1953125,-0.3515625
22522,1.142578125,1.162109375,-0.107421875,-0.2734375
22523,1.171875,1.0546875,-0.21484375,-0.390625
22524,1.220703125,1.19140625,-0.1953125,-0.302734375
22525,1.240234375,1.005859375,-0.17578125,-0.234375
22526,1.25,1.064453125,-0.263671875,-0.2734375
22527,1.26953125,1.1328125,-0.224609375,-0.341796875
22528,1.220703125,0.9765625,-0.224609375,-0.283203125
22529,1.26953125,1.064453125,-0.224609375,-0.302734375
22530,1.2890625,1.15234375,-0.3125,-0.244140625
22531,1.162109375,1.083984375,-0.322265625,-0.3125
22532,1.357421875,1.025390625,-0.234375,-0.234375
22533,1.318359375,1.064453125,-0.13671875,-0.3515625
22534,1.259765625,1.064453125,-0.1953125,-0.17578125
22535,1.07421875,1.083984375,-0.1953125,-0.21484375
22536,1.142578125,1.1328125,-0.263671875,-0.322265625
22537,1.220703125,1.123046875,-0.185546875,-0.224609375
22538,1.181640625,1.025390625,-0.2734375,-0.322265625
22539,1.240234375,1.11328125,-0.263671875,-0.166015625
22540,1.171875,1.0546875,-0.263671875,-0.234375
22541,1.181640625,1.083984375,-0.361328125,-0.390625
22542,1.19140625,1.201171875,-0.244140625,-0.29296875
22543,1.19140625,0.83984375,-0.3515625,-0.263671875
22544,1.171875,0.9375,-0.3125,-0.244140625
22545,1.19140625,1.0546875,-0.361328125,-0.234375
22546,1.162109375,1.07421875,-0.33203125,-0.17578125
22547,1.162109375,1.09375,-0.4296875,-0.25390625
22548,1.044921875,1.09375,-0.2734375,-0.21484375
22549,1.171875,0.99609375,-0.44921875,-0.146484375
22550,1.142578125,1.123046875,-0.44921875,-0.322265625
22551,1.19140625,1.064453125,-0.33203125,-0.224609375
22552,1.19140625,1.103515625,-0.33203125,-0.3125
22553,1.171875,1.09375,-0.380859375,-0.25390625
22554,1.337890625,1.07421875,-0.33203125,-0.21484375
22555,1.201171875,0.986328125,-0.302734375,-0.263671875
22556,1.181640625,1.025390625,-0.3515625,-0.1953125
22557,1.23046875,1.0546875,-0.29296875,-0.126953125
22558,1.181640625,1.09375,-0.205078125,-0.263671875
22559,1.23046875,1.0546875,-0.263671875,-0.15625
22560,1.2890625,1.07421875,-0.185546875,-0.33203125
22561,1.15234375,0.908203125,-0.322265625,-0.2734375
22562,1.09375,1.025390625,-0.283203125,-0.25390625
22563,1.181640625,1.09375,-0.17578125,-0.37109375
22564,1.259765625,1.1328125,-0.205078125,-0.283203125
22565,1.162109375,1.103515625,-0.234375,-0.234375
22566,1.259765625,1.03515625,-0.29296875,-0.13671875
22567,1.298828125,1.03515625,-0.234375,-0.244140625
22568,1.19140625,1.064453125,-0.380859375,-0.1953125
22569,1.259765625,1.03515625,-0.1953125,-0.25390625
22570,1.26953125,1.0546875,-0.234375,-0.322265625
22571,1.19140625,0.986328125,-0.234375,-0.205078125
22572,1.09375,1.09375,-0.21484375,-0.029296875
22573,1.2109375,0.9765625,-0.3125,-0.25390625
22574,1.181640625,1.171875,-0.244140625,-0.2734375
22575,1.103515625,1.0546875,-0.15625,-0.244140625
22576,1.298828125,1.26953125,-0.15625,-0.205078125
22577,1.259765625,1.162109375,-0.13671875,-0.322265625
22578,1.083984375,1.064453125,-0.3515625,-0.15625
22579,1.064453125,1.201171875,-0.166015625,-0.25390625
22580,1.103515625,1.279296875,-0.2734375,-0.17578125
22581,1.083984375,1.162109375,-0.2734375,-0.234375
22582,1.171875,0.99609375,-0.1953125,-0.33203125
22583,1.162109375,1.11328125,-0.25390625,-0.21484375
22584,1.26953125,1.044921875,-0.224609375,-0.341796875
22585,1.2890625,1.123046875,-0.234375,-0.224609375
22586,1.181640625,1.15234375,-0.361328125,-0.205078125
22587,1.279296875,1.064453125,-0.146484375,-0.263671875
22588,1.19140625,1.03515625,-0.25390625,-0.2734375
22589,1.240234375,1.103515625,-0.185546875,-0.17578125
22590,1.25,1.123046875,-0.107421875,-0.37109375
22591,1.103515625,1.123046875,-0.234375,-0.37109375
22592,1.1328125,1.25,-0.2734375,-0.2734375
22593,1.181640625,1.103515625,-0.13671875,-0.205078125
22594,1.15234375,1.142578125,-0.17578125,-0.25390625
22595,1.171875,1.044921875,-0.17578125,-0.205078125
22596,1.142578125,1.11328125,-0.25390625,-0.302734375
22597,1.064453125,1.123046875,-0.146484375,-0.2734375
22598,1.1328125,0.99609375,-0.283203125,-0.234375
22599,1.259765625,1.11328125,-0.302734375,-0.322265625
22600,1.1328125,1.083984375,-0.25390625,-0.25390625
22601,1.181640625,0.9765625,-0.205078125,-0.185546875
22602,1.201171875,1.103515625,-0.205078125,-0.234375
22603,1.171875,1.103515625,-0.400390625,-0.2734375
22604,1.162109375,1.162109375,-0.15625,-0.263671875
22605,1.0546875,1.220703125,-0.33203125,-0.185546875
22606,1.142578125,1.0546875,-0.263671875,-0.263671875
22607,1.240234375,1.025390625,-0.1953125,-0.263671875
22608,1.298828125,1.201171875,-0.341796875,-0.302734375
22609,1.201171875,1.15234375,-0.29296875,-0.2734375
22610,1.181640625,1.103515625,-0.2734375,-0.1953125
22611,1.240234375,1.09375,-0.17578125,-0.205078125
22612,1.328125,1.083984375,-0.234375,-0.205078125
22613,1.2109375,1.15234375,-0.283203125,-0.283203125
22614,1.103515625,1.181640625,-0.15625,-0.25390625
22615,1.279296875,1.1328125,-0.244140625,-0.361328125
22616,1.259765625,1.416015625,-0.263671875,-0.2734375
22617,1.279296875,1.162109375,-0.21484375,-0.2734375
22618,1.19140625,1.240234375,-0.185546875,-0.21484375
22619,1.201171875,1.25,-0.234375,-0.21484375
22620,1.2890625,1.26953125,-0.09765625,-0.234375
22621,1.26953125,1.23046875,-0.25390625,-0.283203125
22622,1.220703125,1.220703125,-0.234375,-0.263671875
22623,1.142578125,1.103515625,-0.13671875,-0.25390625
22624,1.19140625,1.181640625,-0.146484375,-0.341796875
22625,1.1328125,1.240234375,-0.263671875,-0.29296875
22626,1.123046875,1.298828125,-0.302734375,-0.29296875
22627,1.162109375,1.181640625,-0.25390625,-0.25390625
22628,1.162109375,1.142578125,-0.21484375,-0.322265625
22629,1.279296875,1.201171875,-0.263671875,-0.322265625
22630,1.103515625,1.201171875,-0.15625,-0.400390625
22631,1.240234375,1.25,-0.234375,-0.3515625
22632,1.181640625,1.083984375,-0.283203125,-0.2734375
22633,1.240234375,1.181640625,-0.2734375,-0.2734375
22634,1.318359375,1.2890625,-0.185546875,-0.2734375
22635,1.19140625,1.142578125,-0.224609375,-0.283203125
22636,1.171875,1.171875,-0.2734375,-0.068359375
22637,1.259765625,1.201171875,-0.224609375,-0.33203125
22638,1.142578125,1.26953125,-0.166015625,-0.29296875
22639,1.240234375,1.19140625,-0.3125,-0.263671875
22640,1.259765625,1.1328125,-0.29296875,-0.25390625
22641,1.15234375,1.19140625,-0.205078125,-0.29296875
22642,1.19140625,1.201171875,-0.21484375,-0.302734375
22643,1.23046875,1.181640625,-0.283203125,-0.029296875
22644,1.23046875,1.26953125,-0.29296875,-0.224609375
22645,1.298828125,1.2109375,-0.146484375,-0.224609375
22646,1.2109375,1.23046875,-0.380859375,-0.3125
22647,1.220703125,1.083984375,-0.263671875,-0.2734375
22648,1.1328125,1.1328125,-0.341796875,-0.2734375
22649,1.23046875,1.0546875,-0.224609375,-0.205078125
22650,1.220703125,1.142578125,-0.341796875,-0.341796875
22651,1.15234375,1.2109375,-0.244140625,-0.263671875
22652,1.15234375,1.19140625,-0.244140625,-0.3125
22653,1.279296875,1.005859375,-0.166015625,-0.234375
22654,1.201171875,1.201171875,-0.17578125,-0.25390625
22655,1.19140625,1.181640625,-0.25390625,-0.37109375
22656,1.181640625,1.2109375,-0.234375,-0.341796875
22657,1.298828125,1.15234375,-0.15625,-0.263671875
22658,1.171875,1.23046875,-0.263671875,-0.33203125
22659,1.259765625,1.142578125,-0.41015625,-0.37109375
22660,1.240234375,1.171875,-0.205078125,-0.322265625
22661,1.23046875,1.1328125,-0.234375,-0.390625
22662,1.201171875,1.240234375,-0.1171875,-0.33203125
22663,1.171875,1.162109375,-0.234375,-0.29296875
22664,1.25,1.181640625,-0.205078125,-0.283203125
22665,1.240234375,1.2890625,-0.205078125,-0.29296875
22666,1.2109375,1.19140625,-0.1953125,-0.244140625
22667,1.162109375,1.123046875,-0.380859375,-0.341796875
22668,1.240234375,1.2109375,-0.3125,-0.302734375
22669,1.2109375,1.19140625,-0.2734375,-0.29296875
22670,1.19140625,1.201171875,-0.234375,-0.107421875
22671,1.201171875,1.19140625,-0.244140625,-0.2734375
22672,1.25,1.181640625,-0.283203125,-0.3125
22673,1.23046875,1.2109375,-0.341796875,-0.322265625
22674,1.23046875,1.259765625,-0.25390625,-0.29296875
22675,1.142578125,1.220703125,-0.263671875,-0.3125
22676,1.240234375,1.171875,-0.15625,-0.283203125
22677,1.240234375,1.19140625,-0.205078125,-0.341796875
22678,1.162109375,1.142578125,-0.29296875,-0.37109375
22679,1.123046875,1.201171875,-0.17578125,-0.341796875
22680,1.298828125,1.19140625,-0.2734375,-0.322265625
22681,1.19140625,1.123046875,-0.234375,-0.234375
22682,1.2109375,1.201171875,-0.244140625,-0.263671875
22683,1.259765625,1.03515625,-0.3125,-0.33203125
22684,1.103515625,1.240234375,-0.185546875,-0.37109375
22685,1.259765625,1.142578125,-0.13671875,-0.146484375
22686,1.2890625,1.103515625,-0.1953125,-0.29296875
22687,1.201171875,1.171875,-0.283203125,-0.2734375
22688,1.30859375,1.2109375,-0.1953125,-0.224609375
22689,1.220703125,1.142578125,-0.2734375,-0.41015625
22690,1.298828125,1.2109375,-0.25390625,-0.263671875
22691,1.201171875,1.07421875,-0.224609375,-0.3125
22692,1.30859375,1.025390625,-0.3125,-0.33203125
22693,1.220703125,1.259765625,-0.234375,-0.33203125
22694,1.240234375,1.09375,-0.21484375,-0.341796875
22695,1.259765625,1.171875,-0.263671875,-0.33203125
22696,1.181640625,0.986328125,-0.3125,-0.3125
22697,1.318359375,1.201171875,-0.322265625,-0.3515625
22698,1.25,1.220703125,-0.322265625,-0.322265625
22699,1.26953125,1.279296875,-0.341796875,-0.25390625
22700,1.15234375,1.279296875,-0.419921875,-0.107421875
22701,1.279296875,1.162109375,-0.380859375,-0.244140625
22702,1.220703125,1.396484375,-0.322265625,-0.2734375
22703,1.240234375,1.25,-0.29296875,-0.361328125
22704,1.376953125,1.240234375,-0.244140625,-0.2734375
22705,1.298828125,1.23046875,-0.361328125,-0.33203125
22706,1.357421875,1.25,-0.185546875,-0.283203125
22707,1.435546875,1.2109375,-0.341796875,-0.234375
22708,1.328125,1.318359375,-0.21484375,-0.322265625
22709,1.26953125,1.298828125,-0.234375,-0.29296875
22710,1.220703125,1.279296875,-0.078125,-0.29296875
22711,1.279296875,1.19140625,-0.185546875,-0.25390625
22712,1.171875,1.298828125,-0.13671875,-0.15625
22713,1.376953125,1.279296875,-0.224609375,-0.3125
22714,1.34765625,1.279296875,-0.1953125,-0.29296875
22715,1.3671875,1.23046875,-0.107421875,-0.234375
22716,1.259765625,1.279296875,-0.234375,-0.302734375
22717,1.2890625,1.240234375,-0.107421875,-0.283203125
22718,1.357421875,1.240234375,-0.1953125,-0.234375
22719,1.435546875,1.23046875,-0.21484375,-0.322265625
22720,1.357421875,1.220703125,-0.205078125,-0.25390625
22721,1.435546875,1.23046875,-0.380859375,-0.263671875
22722,1.2890625,1.162109375,-0.166015625,-0.419921875
22723,1.3671875,1.2890625,-0.283203125,-0.322265625
22724,1.328125,1.30859375,-0.3125,-0.33203125
22725,1.26953125,1.220703125,-0.224609375,-0.263671875
22726,1.26953125,1.2890625,-0.17578125,-0.322265625
22727,1.2890625,1.259765625,-0.37109375,-0.390625
22728,1.298828125,1.3671875,-0.224609375,-0.390625
22729,1.40625,1.142578125,-0.234375,-0.263671875
22730,1.3671875,1.181640625,-0.234375,-0.439453125
22731,1.34765625,1.220703125,-0.3125,-0.33203125
22732,1.2890625,1.2109375,-0.25390625,-0.302734375
22733,1.298828125,1.181640625,-0.361328125,-0.224609375
22734,1.416015625,1.26953125,-0.263671875,-0.46875
22735,1.26953125,1.259765625,-0.37109375,-0.341796875
22736,1.328125,1.279296875,-0.341796875,-0.44921875
22737,1.2890625,1.240234375,-0.09765625,-0.283203125
22738,1.30859375,1.181640625,-0.21484375,-0.322265625
22739,1.298828125,1.3671875,-0.13671875,-0.2734375
22740,1.279296875,1.318359375,-0.166015625,-0.48828125
22741,1.26953125,1.171875,-0.25390625,-0.302734375
22742,1.396484375,1.1328125,-0.146484375,-0.419921875
22743,1.376953125,1.298828125,-0.29296875,-0.234375
22744,1.201171875,1.318359375,-0.1953125,-0.4296875
22745,1.337890625,1.171875,-0.185546875,-0.3515625
22746,1.30859375,1.240234375,-0.185546875,-0.283203125
22747,1.2890625,1.328125,-0.25390625,-0.361328125
22748,1.298828125,1.240234375,-0.37109375,-0.478515625
22749,1.2109375,1.2109375,-0.21484375,-0.234375
22750,1.2890625,1.240234375,-0.17578125,-0.361328125
22751,1.2890625,1.19140625,-0.244140625,-0.400390625
22752,1.240234375,1.19140625,-0.234375,-0.29296875
22753,1.2890625,1.064453125,-0.263671875,-0.4296875
22754,1.25,1.220703125,-0.263671875,-0.380859375
22755,1.171875,1.162109375,-0.25390625,-0.41015625
22756,1.259765625,1.298828125,-0.29296875,-0.3125
22757,1.298828125,1.11328125,-0.3125,-0.29296875
22758,1.337890625,1.23046875,-0.29296875,-0.341796875
22759,1.2890625,1.162109375,-0.224609375,-0.400390625
22760,1.298828125,1.240234375,-0.146484375,-0.3515625
22761,1.30859375,1.15234375,-0.263671875,-0.3515625
22762,1.357421875,1.2109375,-0.3515625,-0.380859375
22763,1.26953125,1.19140625,-0.166015625,-0.361328125
22764,1.298828125,1.23046875,-0.322265625,-0.44921875
22765,1.259765625,1.25,-0.234375,-0.21484375
22766,1.26953125,1.259765625,-0.09765625,-0.3515625
22767,1.259765625,1.19140625,-0.41015625,-0.400390625
22768,1.328125,1.1328125,-0.244140625,-0.302734375
22769,1.2890625,1.26953125,-0.29296875,-0.361328125
22770,1.318359375,1.142578125,-0.234375,-0.361328125
22771,1.328125,1.1328125,-0.205078125,-0.625
22772,1.19140625,1.201171875,-0.107421875,-0.56640625
22773,1.328125,1.09375,-0.185546875,-0.41015625
22774,1.2109375,1.142578125,-0.205078125,-0.283203125
22775,1.25,1.15234375,-0.17578125,-0.37109375
22776,1.220703125,1.142578125,-0.3125,-0.146484375
22777,1.181640625,1.15234375,-0.302734375,-0.400390625
22778,1.318359375,1.1328125,-0.1953125,-0.419921875
22779,1.259765625,1.142578125,-0.234375,-0.21484375
22780,1.2890625,1.142578125,-0.244140625,-0.390625
22781,1.240234375,1.11328125,-0.234375,-0.33203125
22782,1.23046875,1.171875,-0.33203125,-0.25390625
22783,1.064453125,1.123046875,-0.21484375,-0.3125
22784,1.279296875,1.2109375,-0.205078125,-0.3515625
22785,1.259765625,1.201171875,-0.234375,-0.29296875
22786,1.23046875,1.171875,-0.3515625,-0.341796875
22787,1.162109375,1.181640625,-0.1953125,-0.390625
22788,1.19140625,1.181640625,-0.2734375,-0.322265625
22789,1.220703125,1.09375,-0.263671875,-0.37109375
22790,1.171875,1.240234375,-0.25390625,-0.25390625
22791,1.2890625,1.201171875,-0.29296875,-0.3515625
22792,1.1328125,1.181640625,-0.263671875,-0.361328125
22793,1.19140625,1.11328125,-0.29296875,-0.29296875
22794,1.259765625,1.201171875,-0.322265625,-0.41015625
22795,1.2109375,1.220703125,-0.224609375,-0.380859375
22796,1.171875,1.103515625,-0.263671875,-0.400390625
22797,1.220703125,1.15234375,-0.1953125,-0.390625
22798,1.201171875,1.26953125,-0.234375,-0.478515625
22799,1.2109375,1.103515625,-0.185546875,-0.361328125
22800,1.123046875,1.103515625,-0.05859375,-0.37109375
22801,1.259765625,1.181640625,-0.205078125,-0.302734375
22802,1.171875,1.15234375,-0.09765625,-0.439453125
22803,1.259765625,1.201171875,-0.13671875,-0.322265625
22804,1.201171875,1.181640625,-0.205078125,-0.44921875
22805,1.2109375,1.19140625,-0.283203125,-0.419921875
22806,1.07421875,1.0546875,-0.185546875,-0.400390625
22807,1.15234375,1.181640625,-0.146484375,-0.3125
22808,1.123046875,1.1328125,-0.244140625,-0.341796875
22809,1.171875,1.2109375,-0.25390625,-0.400390625
22810,1.298828125,1.15234375,-0.263671875,-0.341796875
22811,1.181640625,1.083984375,-0.205078125,-0.3515625
22812,1.162109375,1.318359375,-0.244140625,-0.4296875
22813,1.1328125,1.171875,-0.1953125,-0.33203125
22814,1.19140625,1.11328125,-0.244140625,-0.44921875
22815,1.15234375,1.064453125,-0.29296875,-0.33203125
22816,1.26953125,1.07421875,-0.224609375,-0.517578125
22817,1.181640625,1.03515625,-0.21484375,-0.33203125
22818,1.23046875,1.064453125,-0.4296875,-0.419921875
22819,1.171875,1.11328125,-0.263671875,-0.458984375
22820,1.171875,1.03515625,-0.244140625,-0.400390625
22821,1.181640625,1.123046875,-0.390625,-0.3515625
22822,1.220703125,1.07421875,-0.234375,-0.44921875
22823,1.240234375,1.142578125,-0.341796875,-0.33203125
22824,1.201171875,1.19140625,-0.21484375,-0.322265625
22825,1.220703125,1.0546875,-0.3125,-0.458984375
22826,1.2109375,0.9765625,-0.234375,-0.341796875
22827,1.220703125,1.07421875,-0.21484375,-0.2734375
22828,1.181640625,1.064453125,-0.361328125,-0.361328125
22829,1.2109375,1.123046875,-0.244140625,-0.3515625
22830,1.220703125,1.11328125,-0.263671875,-0.341796875
22831,1.201171875,1.03515625,-0.283203125,-0.33203125
22832,1.201171875,1.0546875,-0.17578125,-0.361328125
22833,1.2109375,1.0546875,-0.15625,-0.302734375
22834,1.09375,1.103515625,-0.33203125,-0.4296875
22835,1.298828125,1.03515625,-0.244140625,-0.302734375
22836,1.26953125,1.03515625,-0.263671875,-0.29296875
22837,1.298828125,1.03515625,-0.15625,-0.302734375
22838,1.298828125,1.015625,-0.21484375,-0.322265625
22839,1.220703125,1.03515625,-0.17578125,-0.322265625
22840,1.357421875,1.015625,-0.25390625,-0.341796875
22841,1.26953125,1.005859375,-0.244140625,-0.3125
22842,1.2890625,1.103515625,-0.15625,-0.361328125
22843,1.30859375,1.044921875,-0.17578125,-0.244140625
22844,1.220703125,1.044921875,-0.234375,-0.146484375
22845,1.1328125,1.07421875,-0.17578125,-0.3125
22846,1.19140625,1.025390625,-0.205078125,-0.41015625
22847,1.26953125,1.064453125,-0.234375,-0.234375
22848,1.15234375,0.9765625,-0.1953125,-0.3515625
22849,1.259765625,1.015625,-0.224609375,-0.244140625
22850,1.220703125,0.927734375,-0.09765625,-0.322265625
22851,1.23046875,1.064453125,-0.283203125,-0.400390625
22852,1.142578125,1.03515625,-0.185546875,-0.283203125
22853,1.19140625,1.0546875,-0.05859375,-0.361328125
22854,1.240234375,1.083984375,-0.1171875,-0.380859375
22855,1.162109375,0.908203125,-0.1953125,-0.37109375
22856,1.1328125,1.064453125,-0.205078125,-0.3125
22857,1.162109375,1.005859375,-0.13671875,-0.283203125
22858,1.11328125,1.07421875,-0.1171875,-0.302734375
22859,1.162109375,1.025390625,-0.0390625,-0.126953125
22860,1.162109375,1.435546875,-0.13671875,-0.224609375
22861,1.19140625,1.162109375,-0.126953125,-0.21484375
22862,1.25,1.07421875,-0.3125,-0.25390625
22863,1.2109375,1.11328125,-0.244140625,-0.33203125
22864,1.083984375,1.064453125,-0.302734375,-0.341796875
22865,0.947265625,1.07421875,-0.17578125,-0.361328125
22866,1.123046875,1.07421875,-0.1953125,-0.29296875
22867,1.162109375,0.966796875,-0.244140625,-0.234375
22868,1.171875,1.09375,-0.21484375,-0.3125
22869,1.279296875,0.99609375,-0.390625,-0.390625
22870,1.162109375,0.95703125,-0.341796875,-0.283203125
22871,1.279296875,0.99609375,-0.29296875,-0.244140625
22872,1.2109375,0.947265625,-0.244140625,-0.302734375
22873,1.240234375,1.044921875,-0.17578125,-0.3515625
22874,1.162109375,0.99609375,-0.3515625,-0.263671875
22875,1.142578125,1.015625,-0.25390625,-0.3125
22876,1.181640625,0.966796875,-0.205078125,-0.25390625
22877,1.220703125,1.005859375,-0.185546875,-0.3515625
22878,1.15234375,1.181640625,-0.263671875,-0.302734375
22879,1.171875,1.103515625,-0.25390625,-0.419921875
22880,1.26953125,1.005859375,-0.283203125,-0.3125
22881,1.123046875,0.830078125,-0.3125,-0.3515625
22882,1.259765625,0.87890625,-0.25390625,-0.29296875
22883,1.181640625,0.9375,-0.25390625,-0.2734375
22884,1.142578125,1.1328125,-0.322265625,-0.361328125
22885,1.2109375,1.1328125,-0.205078125,-0.322265625
22886,1.23046875,0.966796875,-0.283203125,-0.361328125
22887,1.123046875,0.91796875,-0.2734375,-0.3515625
22888,1.26953125,1.07421875,-0.205078125,-0.234375
22889,1.220703125,1.005859375,-0.25390625,-0.41015625
22890,1.123046875,1.015625,-0.263671875,-0.166015625
22891,1.162109375,0.986328125,-0.380859375,-0.4296875
22892,1.15234375,0.99609375,-0.244140625,-0.107421875
22893,1.171875,1.044921875,-0.244140625,-0.439453125
22894,1.25,1.044921875,-0.205078125,-0.439453125
22895,1.23046875,1.07421875,-0.1953125,-0.458984375
22896,1.1328125,1.03515625,-0.25390625,-0.400390625
22897,1.123046875,1.07421875,-0.380859375,-0.37109375
22898,1.09375,1.025390625,-0.244140625,-0.3515625
22899,1.201171875,1.064453125,-0.15625,-0.439453125
22900,1.25,0.869140625,-0.13671875,-0.263671875
22901,1.1328125,1.044921875,-0.390625,-0.25390625
22902,1.083984375,0.986328125,-0.283203125,-0.283203125
22903,1.142578125,1.044921875,-0.205078125,-0.37109375
22904,1.34765625,1.03515625,-0.380859375,-0.37109375
22905,1.2109375,1.03515625,-0.205078125,-0.4296875
22906,1.103515625,1.083984375,-0.1953125,-0.341796875
22907,1.123046875,1.03515625,-0.166015625,-0.302734375
22908,1.123046875,1.015625,-0.244140625,-0.263671875
22909,1.162109375,0.986328125,-0.205078125,-0.2734375
22910,1.181640625,1.0546875,-0.146484375,-0.146484375
22911,1.171875,0.927734375,-0.29296875,-0.21484375
22912,1.181640625,1.1328125,-0.263671875,-0.322265625
22913,1.220703125,0.9765625,-0.283203125,-0.21484375
22914,1.2890625,1.044921875,-0.2734375,-0.380859375
22915,1.142578125,0.9765625,-0.2734375,-0.234375
22916,1.2109375,1.09375,-0.21484375,-0.29296875
22917,1.181640625,1.07421875,-0.224609375,-0.341796875
22918,1.162109375,1.03515625,-0.3125,-0.21484375
22919,1.2109375,1.064453125,-0.224609375,-0.322265625
22920,1.142578125,1.083984375,-0.205078125,-0.3515625
22921,1.2109375,1.083984375,-0.15625,-0.478515625
22922,1.15234375,1.142578125,-0.224609375,-0.390625
22923,1.318359375,1.15234375,-0.09765625,-0.25390625
22924,1.11328125,1.171875,-0.33203125,-0.33203125
22925,1.240234375,1.0546875,-0.205078125,-0.44921875
22926,1.2109375,1.025390625,-0.166015625,-0.341796875
22927,1.181640625,1.11328125,-0.263671875,-0.322265625
22928,1.064453125,1.171875,-0.15625,-0.283203125
22929,1.201171875,1.025390625,-0.21484375,-0.21484375
22930,1.11328125,1.171875,-0.224609375,-0.302734375
22931,1.19140625,1.044921875,-0.341796875,-0.283203125
22932,1.2890625,0.986328125,-0.1953125,-0.3125
22933,1.142578125,1.220703125,-0.13671875,-0.224609375
22934,1.142578125,1.07421875,-0.3125,-0.21484375
22935,1.15234375,1.103515625,-0.087890625,-0.341796875
22936,1.123046875,1.2109375,-0.13671875,-0.263671875
22937,1.23046875,1.03515625,-0.205078125,-0.263671875
22938,1.357421875,1.03515625,-0.09765625,-0.41015625
22939,1.181640625,1.09375,-0.17578125,-0.322265625
22940,1.15234375,1.103515625,-0.322265625,-0.263671875
22941,1.171875,1.0546875,-0.244140625,-0.244140625
22942,1.2109375,1.171875,-0.166015625,-0.458984375
22943,1.240234375,1.083984375,-0.263671875,-0.224609375
22944,1.03515625,1.11328125,-0.185546875,-0.15625
22945,1.19140625,1.07421875,-0.263671875,-0.25390625
22946,1.142578125,1.09375,-0.048828125,-0.25390625
22947,1.083984375,1.1328125,-0.078125,-0.05859375
22948,1.171875,1.201171875,-0.078125,-0.205078125
22949,1.162109375,0.908203125,-0.1953125,-0.15625
22950,1.142578125,1.09375,-0.17578125,-0.283203125
22951,1.171875,1.015625,-0.224609375,-0.224609375
22952,1.162109375,1.03515625,-0.185546875,-0.302734375
22953,1.279296875,1.0546875,-0.13671875,-0.21484375
22954,1.2109375,1.2109375,-0.1953125,-0.29296875
22955,1.279296875,1.11328125,-0.205078125,-0.25390625
22956,1.279296875,1.083984375,-0.234375,-0.44921875
22957,1.279296875,1.09375,-0.17578125,-0.224609375
22958,1.279296875,1.07421875,-0.302734375,-0.25390625
22959,1.201171875,1.162109375,-0.224609375,-0.29296875
22960,1.376953125,1.025390625,-0.25390625,-0.244140625
22961,1.2890625,1.07421875,-0.361328125,-0.234375
22962,1.396484375,1.083984375,-0.15625,-0.341796875
22963,1.474609375,1.015625,-0.37109375,-0.17578125
22964,1.201171875,1.123046875,-0.15625,-0.283203125
22965,1.30859375,1.123046875,-0.17578125,-0.322265625
22966,1.328125,1.123046875,-0.21484375,-0.322265625
22967,1.25,1.07421875,-0.185546875,-0.380859375
22968,1.220703125,1.142578125,-0.1953125,-0.302734375
22969,1.181640625,0.99609375,-0.224609375,-0.37109375
22970,1.142578125,1.240234375,-0.17578125,-0.302734375
22971,1.25,1.07421875,-0.3125,-0.361328125
22972,1.2890625,0.986328125,-0.283203125,-0.263671875
22973,1.162109375,1.162109375,-0.3125,-0.17578125
22974,1.328125,1.03515625,-0.29296875,-0.283203125
22975,1.26953125,1.005859375,-0.29296875,-0.361328125
22976,1.2109375,1.064453125,-0.29296875,-0.2734375
22977,1.201171875,0.947265625,-0.390625,-0.1953125
22978,1.142578125,1.005859375,-0.29296875,0.009765625
22979,1.220703125,1.15234375,-0.3125,-0.21484375
22980,1.142578125,1.064453125,-0.234375,-0.185546875
22981,1.259765625,1.07421875,-0.224609375,0
22982,1.1328125,1.015625,-0.3515625,-0.15625
22983,1.142578125,1.015625,-0.29296875,-0.341796875
22984,1.2109375,1.162109375,-0.37109375,-0.234375
22985,1.15234375,1.162109375,-0.25390625,-0.1953125
22986,1.240234375,1.015625,-0.419921875,-0.224609375
22987,1.3671875,1.064453125,-0.234375,-0.25390625
22988,1.201171875,1.03515625,-0.234375,-0.263671875
22989,1.220703125,0.8984375,-0.146484375,-0.224609375
22990,1.201171875,1.0546875,-0.224609375,-0.166015625
22991,1.279296875,1.015625,-0.302734375,-0.25390625
22992,1.181640625,1.11328125,-0.1953125,-0.244140625
22993,1.240234375,1.11328125,-0.17578125,-0.458984375
22994,1.2109375,1.181640625,-0.234375,-0.234375
22995,1.23046875,1.2109375,-0.244140625,-0.244140625
22996,1.25,1.07421875,-0.29296875,-0.17578125
22997,1.23046875,0.908203125,-0.341796875,-0.224609375
22998,1.123046875,1.07421875,-0.21484375,-0.21484375
22999,1.19140625,1.083984375,-0.263671875,-0.302734375
23000,1.171875,1.201171875,-0.1953125,-0.25390625
23001,1.25,1.15234375,-0.21484375,-0.166015625
23002,1.19140625,1.11328125,-0.146484375,-0.29296875
23003,1.171875,1.09375,-0.25390625,-0.29296875
23004,1.201171875,1.142578125,-0.224609375,-0.244140625
23005,1.09375,1.1328125,-0.13671875,-0.25390625
23006,1.328125,1.015625,-0.3125,-0.33203125
23007,1.25,1.1328125,-0.17578125,-0.302734375
23008,1.2109375,1.09375,-0.21484375,-0.37109375
23009,1.0546875,1.328125,-0.263671875,-0.126953125
23010,1.171875,1.064453125,-0.048828125,-0.263671875
23011,1.025390625,1.103515625,-0.234375,-0.166015625
23012,1.0546875,1.162109375,-0.17578125,-0.322265625
23013,1.162109375,1.11328125,-0.283203125,-0.283203125
23014,1.103515625,1.162109375,-0.15625,-0.361328125
23015,1.07421875,1.15234375,-0.21484375,-0.380859375
23016,1.123046875,1.11328125,-0.1953125,-0.234375
23017,1.15234375,1.162109375,-0.224609375,-0.234375
23018,1.162109375,1.201171875,-0.146484375,-0.185546875
23019,1.1328125,1.220703125,-0.21484375,-0.205078125
23020,1.19140625,1.11328125,-0.2734375,-0.185546875
23021,1.181640625,1.1328125,-0.166015625,-0.146484375
23022,1.171875,1.171875,-0.234375,-0.263671875
23023,1.123046875,1.11328125,-0.166015625,-0.263671875
23024,1.279296875,1.07421875,-0.224609375,-0.25390625
23025,1.142578125,1.103515625,-0.1953125,-0.263671875
23026,1.201171875,1.123046875,-0.15625,-0.3125
23027,1.123046875,1.123046875,-0.234375,-0.21484375
23028,1.25,1.083984375,-0.283203125,-0.3125
23029,1.220703125,1.09375,-0.13671875,-0.1953125
23030,1.201171875,1.11328125,-0.185546875,-0.205078125
23031,1.142578125,1.083984375,-0.263671875,-0.283203125
23032,1.181640625,1.142578125,-0.1953125,-0.33203125
23033,1.220703125,1.19140625,-0.21484375,-0.05859375
23034,1.1328125,1.162109375,-0.2734375,-0.1953125
23035,1.15234375,1.103515625,-0.15625,-0.37109375
23036,1.1328125,1.171875,-0.166015625,-0.1953125
23037,1.201171875,1.11328125,-0.234375,-0.25390625
23038,1.259765625,1.15234375,-0.33203125,-0.1953125
23039,1.279296875,1.123046875,-0.166015625,-0.224609375
23040,1.23046875,1.357421875,-0.166015625,-0.283203125
23041,1.2109375,1.162109375,-0.17578125,-0.302734375
23042,1.123046875,1.201171875,-0.13671875,-0.25390625
23043,1.337890625,1.23046875,-0.078125,-0.29296875
23044,1.25,1.2890625,-0.126953125,-0.21484375
23045,1.103515625,1.15234375,-0.146484375,-0.322265625
23046,1.142578125,1.19140625,-0.13671875,-0.380859375
23047,1.19140625,1.181640625,-0.390625,-0.224609375
23048,1.2109375,1.044921875,-0.126953125,-0.25390625
23049,1.220703125,1.25,-0.17578125,-0.234375
23050,1.30859375,1.15234375,-0.15625,-0.244140625
23051,1.11328125,1.2109375,-0.1953125,-0.17578125
23052,1.298828125,1.142578125,-0.15625,-0.234375
23053,1.279296875,1.201171875,-0.21484375,-0.205078125
23054,1.376953125,1.162109375,-0.205078125,-0.37109375
23055,1.171875,1.15234375,-0.17578125,-0.244140625
23056,1.23046875,1.142578125,-0.25390625,-0.341796875
23057,1.23046875,1.162109375,-0.1953125,-0.29296875
23058,1.1328125,1.171875,-0.263671875,-0.2734375
23059,1.25,1.15234375,-0.185546875,-0.224609375
23060,1.171875,1.1328125,-0.146484375,-0.2734375
23061,1.26953125,1.123046875,-0.2734375,-0.33203125
23062,1.259765625,1.005859375,-0.15625,-0.33203125
23063,1.181640625,1.2109375,-0.21484375,-0.166015625
23064,1.279296875,1.1328125,-0.234375,-0.2734375
23065,1.162109375,1.181640625,-0.21484375,-0.33203125
23066,1.11328125,1.162109375,-0.048828125,-0.205078125
23067,1.19140625,1.259765625,-0.13671875,-0.283203125
23068,1.142578125,1.19140625,-0.322265625,-0.244140625
23069,1.201171875,1.220703125,-0.29296875,-0.1953125
23070,1.083984375,1.162109375,-0.205078125,-0.2734375
23071,1.162109375,1.240234375,-0.263671875,-0.29296875
23072,1.1328125,1.142578125,-0.302734375,-0.3125
23073,1.19140625,1.201171875,-0.1953125,-0.05859375
23074,1.142578125,1.083984375,-0.146484375,-0.390625
23075,1.220703125,1.162109375,-0.2734375,-0.439453125
23076,1.171875,1.19140625,-0.185546875,-0.302734375
23077,1.279296875,1.240234375,-0.166015625,-0.29296875
23078,1.19140625,1.142578125,-0.224609375,-0.263671875
23079,1.11328125,1.201171875,-0.25390625,-0.341796875
23080,1.240234375,1.201171875,-0.205078125,-0.263671875
23081,1.318359375,1.171875,-0.322265625,-0.302734375
23082,1.15234375,1.142578125,-0.25390625,-0.283203125
23083,1.23046875,1.15234375,-0.263671875,-0.25390625
23084,1.2109375,1.162109375,-0.166015625,-0.29296875
23085,1.38671875,1.123046875,-0.15625,-0.21484375
23086,1.279296875,1.46484375,-0.224609375,-0.234375
23087,1.240234375,1.162109375,-0.2734375,-0.234375
23088,1.2109375,1.19140625,-0.2734375,-0.078125
23089,1.201171875,1.162109375,-0.263671875,-0.361328125
23090,1.240234375,1.396484375,-0.1953125,-0.458984375
23091,1.23046875,1.162109375,-0.302734375,-0.33203125
23092,1.181640625,1.15234375,-0.263671875,-0.234375
23093,1.220703125,1.162109375,-0.25390625,-0.302734375
23094,1.298828125,1.142578125,-0.1953125,-0.263671875
23095,1.162109375,1.142578125,-0.205078125,-0.3125
23096,1.201171875,1.15234375,-0.3125,-0.2734375
23097,1.2109375,1.259765625,-0.361328125,-0.25390625
23098,1.181640625,0.99609375,-0.25390625,-0.400390625
23099,1.19140625,1.171875,-0.25390625,-0.25390625
23100,1.23046875,1.1328125,-0.302734375,-0.244140625
23101,1.25,1.181640625,-0.21484375,-0.263671875
23102,1.201171875,1.2109375,-0.3125,-0.205078125
23103,1.162109375,1.142578125,-0.224609375,-0.283203125
23104,1.181640625,1.474609375,-0.33203125,-0.341796875
23105,1.19140625,1.2109375,-0.126953125,-0.3125
23106,1.259765625,1.123046875,-0.224609375,-0.29296875
23107,1.142578125,1.142578125,-0.29296875,-0.3125
23108,1.220703125,1.181640625,-0.17578125,-0.322265625
23109,1.1328125,1.123046875,-0.244140625,-0.380859375
23110,1.1328125,1.142578125,-0.21484375,-0.244140625
23111,1.240234375,1.259765625,-0.283203125,-0.234375
23112,1.201171875,1.201171875,-0.234375,-0.341796875
23113,1.162109375,1.34765625,-0.205078125,-0.302734375
23114,1.201171875,1.19140625,-0.17578125,-0.283203125
23115,1.15234375,1.23046875,-0.29296875,-0.439453125
23116,1.171875,1.142578125,-0.224609375,-0.2734375
23117,1.142578125,1.0546875,-0.283203125,-0.380859375
23118,1.26953125,1.162109375,-0.302734375,-0.25390625
23119,1.142578125,1.142578125,-0.1953125,-0.3515625
23120,1.26953125,1.2109375,-0.166015625,-0.29296875
23121,1.19140625,1.23046875,-0.224609375,-0.380859375
23122,1.1328125,1.2109375,-0.29296875,-0.400390625
23123,1.19140625,1.1328125,-0.21484375,-0.419921875
23124,1.181640625,1.181640625,-0.224609375,-0.37109375
23125,1.23046875,1.25,-0.234375,-0.3515625
23126,1.201171875,1.103515625,-0.263671875,-0.341796875
23127,1.240234375,1.181640625,-0.244140625,-0.3515625
23128,1.2890625,1.162109375,-0.341796875,-0.29296875
23129,1.25,1.15234375,-0.3515625,-0.322265625
23130,1.298828125,1.23046875,-0.263671875,-0.1953125
23131,1.162109375,1.171875,-0.244140625,-0.380859375
23132,1.240234375,1.25,-0.17578125,-0.263671875
23133,1.220703125,1.25,-0.263671875,-0.33203125
23134,1.201171875,1.103515625,-0.244140625,-0.244140625
23135,1.298828125,1.181640625,-0.33203125,-0.361328125
23136,1.240234375,1.25,-0.302734375,-0.29296875
23137,1.259765625,1.30859375,-0.341796875,-0.361328125
23138,1.328125,1.259765625,-0.25390625,-0.25390625
23139,1.337890625,1.1328125,-0.380859375,-0.419921875
23140,1.328125,1.26953125,-0.263671875,-0.341796875
23141,1.201171875,1.23046875,-0.263671875,-0.234375
23142,1.34765625,1.162109375,-0.29296875,-0.33203125
23143,1.34765625,1.2890625,-0.1953125,-0.322265625
23144,1.328125,1.298828125,-0.244140625,-0.2734375
23145,1.357421875,1.259765625,-0.263671875,-0.15625
23146,1.318359375,1.181640625,-0.29296875,-0.244140625
23147,1.318359375,1.25,-0.185546875,-0.1953125
23148,1.26953125,1.2890625,-0.166015625,-0.234375
23149,1.376953125,1.357421875,-0.263671875,-0.3125
23150,1.259765625,1.259765625,-0.1953125,-0.263671875
23151,1.337890625,1.240234375,-0.21484375,-0.33203125
23152,1.201171875,1.23046875,-0.224609375,-0.341796875
23153,1.3671875,1.279296875,-0.302734375,-0.283203125
23154,1.318359375,1.201171875,-0.234375,-0.341796875
23155,1.25,1.318359375,-0.302734375,-0.17578125
23156,1.2890625,1.259765625,-0.234375,-0.17578125
23157,1.298828125,1.298828125,-0.146484375,-0.3125
23158,1.4453125,1.259765625,-0.224609375,-0.361328125
23159,1.3671875,1.328125,-0.3515625,-0.41015625
23160,1.298828125,1.171875,-0.361328125,-0.341796875
23161,1.3671875,1.11328125,-0.234375,-0.3515625
23162,1.298828125,1.240234375,-0.224609375,-0.263671875
23163,1.357421875,1.220703125,-0.166015625,-0.263671875
23164,1.474609375,1.220703125,-0.263671875,-0.15625
23165,1.318359375,1.240234375,-0.244140625,-0.2734375
23166,1.2890625,1.220703125,-0.302734375,-0.2734375
23167,1.328125,1.240234375,-0.15625,-0.380859375
23168,1.2890625,1.2890625,-0.224609375,-0.341796875
23169,1.240234375,1.240234375,-0.166015625,-0.341796875
23170,1.328125,1.2109375,-0.263671875,-0.3515625
23171,1.318359375,1.103515625,-0.224609375,-0.380859375
23172,1.318359375,1.220703125,-0.302734375,-0.2734375
23173,1.26953125,1.162109375,-0.234375,-0.361328125
23174,1.259765625,1.1328125,-0.17578125,-0.380859375
23175,1.25,1.318359375,-0.17578125,-0.29296875
23176,1.2109375,1.083984375,-0.166015625,-0.390625
23177,1.23046875,1.083984375,-0.234375,-0.3515625
23178,1.26953125,1.240234375,-0.224609375,-0.341796875
23179,1.279296875,1.15234375,-0.341796875,-0.244140625
23180,1.357421875,1.005859375,-0.244140625,-0.283203125
23181,1.201171875,1.181640625,-0.263671875,-0.263671875
23182,1.201171875,1.201171875,-0.283203125,-0.2734375
23183,1.142578125,1.162109375,-0.25390625,-0.341796875
23184,1.259765625,1.1328125,-0.1171875,-0.37109375
23185,1.25,1.201171875,-0.234375,-0.21484375
23186,1.25,1.201171875,-0.302734375,-0.37109375
23187,1.201171875,1.201171875,-0.458984375,-0.244140625
23188,1.083984375,1.26953125,-0.361328125,-0.44921875
23189,1.25,1.15234375,-0.263671875,-0.29296875
23190,1.30859375,1.34765625,-0.205078125,-0.244140625
23191,1.25,1.162109375,-0.322265625,-0.3125
23192,1.201171875,1.19140625,-0.21484375,-0.46875
23193,1.23046875,1.171875,-0.283203125,-0.322265625
23194,1.279296875,1.181640625,-0.205078125,-0.341796875
23195,1.328125,1.25,-0.224609375,-0.322265625
23196,1.259765625,1.201171875,-0.234375,-0.25390625
23197,1.23046875,1.1328125,-0.244140625,-0.44921875
23198,1.337890625,1.09375,-0.13671875,-0.41015625
23199,1.240234375,1.259765625,-0.17578125,-0.400390625
23200,1.3671875,1.19140625,-0.21484375,-0.244140625
23201,1.19140625,1.123046875,-0.205078125,-0.244140625
23202,1.201171875,1.15234375,-0.21484375,-0.322265625
23203,1.2109375,1.103515625,-0.3515625,-0.283203125
23204,1.181640625,1.23046875,-0.1953125,-0.341796875
23205,1.2109375,1.201171875,-0.224609375,-0.33203125
23206,1.201171875,1.181640625,-0.185546875,-0.4296875
23207,1.2890625,1.1328125,-0.244140625,-0.400390625
23208,1.23046875,1.328125,-0.3125,-0.390625
23209,1.25,1.19140625,-0.224609375,-0.380859375
23210,1.2109375,1.171875,-0.29296875,-0.361328125
23211,1.181640625,1.15234375,-0.3125,-0.322265625
23212,1.201171875,1.162109375,-0.29296875,-0.37109375
23213,1.181640625,1.142578125,-0.205078125,-0.458984375
23214,1.23046875,1.142578125,-0.185546875,-0.390625
23215,1.19140625,1.15234375,-0.205078125,-0.48828125
23216,1.2890625,1.162109375,-0.25390625,-0.44921875
23217,1.201171875,1.2109375,-0.126953125,-0.419921875
23218,1.2109375,1.19140625,-0.3125,-0.4296875
23219,1.240234375,1.201171875,-0.146484375,-0.390625
23220,1.2109375,1.30859375,-0.25390625,-0.33203125
23221,1.15234375,1.357421875,-0.205078125,-0.3515625
23222,1.142578125,1.19140625,-0.17578125,-0.41015625
23223,1.19140625,1.1328125,-0.078125,-0.37109375
23224,1.181640625,1.044921875,-0.1953125,-0.3125
23225,1.19140625,1.142578125,-0.15625,-0.419921875
23226,1.220703125,1.181640625,-0.205078125,-0.341796875
23227,1.162109375,1.23046875,-0.400390625,-0.361328125
23228,1.162109375,1.142578125,-0.244140625,-0.3515625
23229,1.201171875,1.15234375,-0.3515625,-0.37109375
23230,1.1328125,1.15234375,-0.21484375,-0.33203125
23231,1.162109375,1.201171875,-0.205078125,-0.498046875
23232,1.11328125,1.171875,-0.146484375,-0.419921875
23233,1.15234375,1.1328125,-0.205078125,-0.380859375
23234,1.142578125,1.2109375,-0.1953125,-0.4296875
23235,1.181640625,1.11328125,-0.048828125,-0.439453125
23236,1.220703125,1.23046875,-0.166015625,-0.37109375
23237,1.2109375,1.162109375,-0.166015625,-0.37109375
23238,1.162109375,1.2109375,-0.234375,-0.41015625
23239,1.1328125,1.15234375,-0.3515625,-0.3515625
23240,1.23046875,1.15234375,-0.166015625,-0.361328125
23241,1.240234375,1.201171875,-0.224609375,-0.400390625
23242,1.201171875,1.15234375,-0.263671875,-0.341796875
23243,1.23046875,1.240234375,-0.25390625,-0.341796875
23244,1.23046875,1.064453125,-0.1953125,-0.380859375
23245,1.34765625,1.015625,-0.21484375,-0.33203125
23246,1.220703125,1.005859375,-0.2734375,-0.29296875
23247,1.318359375,1.015625,-0.25390625,-0.21484375
23248,1.328125,1.1328125,-0.17578125,-0.322265625
23249,1.240234375,1.162109375,-0.263671875,-0.302734375
23250,1.318359375,1.181640625,-0.302734375,-0.361328125
23251,1.240234375,1.181640625,-0.224609375,-0.439453125
23252,1.279296875,1.103515625,-0.263671875,-0.322265625
23253,1.318359375,1.064453125,-0.224609375,-0.244140625
23254,1.318359375,1.103515625,-0.2734375,-0.41015625
23255,1.23046875,1.103515625,-0.234375,-0.2734375
23256,1.2890625,1.025390625,-0.21484375,-0.263671875
23257,1.25,1.11328125,-0.1953125,-0.283203125
23258,1.259765625,1.0546875,-0.244140625,-0.302734375
23259,1.220703125,1.015625,-0.205078125,-0.322265625
23260,1.181640625,1.09375,-0.322265625,-0.29296875
23261,1.171875,1.083984375,-0.234375,-0.37109375
23262,1.30859375,1.142578125,-0.1953125,-0.4296875
23263,1.2109375,1.11328125,-0.400390625,-0.322265625
23264,1.162109375,1.083984375,-0.166015625,-0.29296875
23265,1.34765625,1.23046875,-0.234375,-0.234375
23266,1.3671875,1.083984375,-0.185546875,-0.380859375
23267,1.337890625,1.11328125,-0.302734375,-0.380859375
23268,1.19140625,1.19140625,-0.146484375,-0.419921875
23269,1.23046875,1.103515625,-0.234375,-0.48828125
23270,1.181640625,1.103515625,-0.25390625,-0.341796875
23271,1.201171875,0.947265625,-0.146484375,-0.2734375
23272,1.25,0.9765625,-0.01953125,-0.41015625
23273,1.1328125,1.015625,-0.302734375,-0.29296875
23274,1.201171875,0.9375,-0.1953125,-0.37109375
23275,1.26953125,0.95703125,-0.126953125,-0.322265625
23276,1.220703125,1.005859375,-0.2734375,-0.439453125
23277,1.181640625,0.859375,-0.25390625,-0.302734375
23278,1.11328125,0.95703125,-0.15625,-0.29296875
23279,1.30859375,0.80078125,-0.185546875,-0.302734375
23280,1.25,0.8984375,-0.244140625,-0.361328125
23281,1.162109375,0.966796875,-0.29296875,-0.419921875
23282,1.171875,1.044921875,-0.224609375,-0.15625
23283,1.318359375,0.95703125,-0.146484375,-0.3125
23284,1.19140625,0.986328125,-0.263671875,-0.224609375
23285,1.181640625,0.869140625,-0.166015625,-0.185546875
23286,1.240234375,0.9375,-0.15625,-0.166015625
23287,1.26953125,1.1328125,-0.302734375,-0.283203125
23288,1.162109375,1.044921875,-0.146484375,-0.263671875
23289,1.142578125,1.03515625,-0.234375,-0.166015625
23290,1.083984375,1.162109375,-0.166015625,-0.302734375
23291,1.19140625,1.09375,-0.244140625,-0.17578125
23292,1.25,1.044921875,-0.205078125,-0.21484375
23293,1.240234375,1.015625,-0.205078125,-0.25390625
23294,1.09375,1.025390625,-0.25390625,-0.21484375
23295,1.162109375,1.0546875,-0.25390625,-0.224609375
23296,1.181640625,1.259765625,-0.380859375,-0.3125
23297,1.064453125,1.07421875,-0.302734375,-0.341796875
23298,1.15234375,1.064453125,-0.341796875,-0.498046875
23299,1.220703125,1.103515625,-0.224609375,-0.341796875
23300,1.142578125,1.03515625,-0.341796875,-0.263671875
23301,1.1328125,1.005859375,-0.25390625,-0.37109375
23302,1.162109375,1.015625,-0.234375,-0.283203125
23303,1.11328125,1.064453125,-0.283203125,-0.390625
23304,1.279296875,0.99609375,-0.21484375,-0.283203125
23305,1.1328125,1.0546875,-0.283203125,-0.3515625
23306,1.0546875,1.044921875,-0.244140625,-0.302734375
23307,1.025390625,0.986328125,-0.234375,-0.263671875
23308,1.123046875,0.95703125,-0.3515625,-0.37109375
23309,1.0546875,0.947265625,-0.166015625,-0.29296875
23310,1.19140625,1.005859375,-0.224609375,-0.380859375
23311,1.181640625,1.025390625,-0.25390625,-0.283203125
23312,1.11328125,0.947265625,-0.146484375,-0.185546875
23313,1.1328125,0.986328125,-0.17578125,-0.234375
23314,1.123046875,0.91796875,-0.205078125,-0.078125
23315,1.220703125,1.03515625,-0.25390625,-0.3515625
23316,1.15234375,0.9375,-0.13671875,-0.25390625
23317,1.26953125,1.015625,-0.1953125,-0.322265625
23318,1.181640625,0.869140625,-0.126953125,-0.3515625
23319,1.171875,1.015625,-0.2734375,-0.341796875
23320,1.064453125,1.0546875,-0.25390625,-0.33203125
23321,1.19140625,0.927734375,-0.13671875,-0.3125
23322,1.181640625,1.044921875,-0.224609375,-0.17578125
23323,1.1328125,1.005859375,-0.224609375,-0.29296875
23324,1.171875,0.9375,-0.283203125,-0.234375
23325,1.1328125,1.07421875,-0.224609375,-0.341796875
23326,1.298828125,1.005859375,-0.13671875,-0.126953125
23327,1.171875,0.986328125,-0.234375,-0.400390625
23328,1.171875,0.947265625,-0.205078125,-0.37109375
23329,1.162109375,1.09375,-0.302734375,-0.25390625
23330,1.181640625,1.03515625,-0.21484375,-0.263671875
23331,1.162109375,0.99609375,-0.283203125,-0.283203125
23332,1.2109375,1.083984375,-0.283203125,-0.380859375
23333,1.201171875,1.005859375,-0.2734375,-0.341796875
23334,1.162109375,1.103515625,-0.17578125,-0.283203125
23335,1.298828125,1.005859375,-0.283203125,-0.234375
23336,1.11328125,0.927734375,-0.185546875,-0.41015625
23337,1.162109375,0.9765625,-0.185546875,-0.263671875
23338,1.142578125,1.025390625,-0.29296875,-0.244140625
23339,1.181640625,0.9375,-0.185546875,-0.302734375
23340,1.103515625,1.044921875,-0.25390625,-0.244140625
23341,1.181640625,1.1328125,-0.185546875,-0.3125
23342,1.171875,1.11328125,-0.224609375,-0.224609375
23343,1.142578125,1.1328125,-0.126953125,-0.2734375
23344,0.95703125,1.142578125,-0.15625,-0.078125
23345,1.15234375,1.015625,-0.146484375,-0.21484375
23346,1.201171875,0.99609375,-0.126953125,-0.29296875
23347,1.171875,1.083984375,-0.17578125,-0.15625
23348,1.162109375,1.259765625,-0.15625,-0.341796875
23349,1.240234375,1.015625,-0.283203125,-0.283203125
23350,1.083984375,1.09375,-0.283203125,-0.283203125
23351,1.162109375,1.044921875,-0.302734375,-0.1953125
23352,1.162109375,1.162109375,-0.205078125,-0.2734375
23353,1.181640625,1.11328125,-0.205078125,-0.21484375
23354,1.19140625,1.298828125,-0.244140625,-0.25390625
23355,1.240234375,1.09375,-0.244140625,-0.263671875
23356,1.23046875,1.064453125,-0.244140625,-0.302734375
23357,1.298828125,1.064453125,-0.234375,-0.244140625
23358,1.220703125,1.123046875,-0.166015625,-0.302734375
23359,1.23046875,1.044921875,-0.126953125,-0.2734375
23360,1.240234375,1.083984375,-0.21484375,-0.263671875
23361,1.25,1.07421875,-0.13671875,-0.2734375
23362,1.201171875,1.07421875,-0.263671875,-0.37109375
23363,1.181640625,1.0546875,-0.234375,-0.29296875
23364,1.240234375,1.09375,-0.15625,-0.244140625
23365,1.26953125,1.083984375,-0.234375,-0.068359375
23366,1.103515625,1.23046875,-0.224609375,-0.185546875
23367,1.220703125,1.123046875,-0.244140625,-0.341796875
23368,1.0546875,1.07421875,-0.21484375,-0.37109375
23369,1.181640625,1.005859375,-0.244140625,-0.33203125
23370,1.298828125,1.123046875,-0.21484375,-0.33203125
23371,1.1328125,1.0546875,-0.25390625,-0.517578125
23372,1.279296875,1.044921875,-0.234375,-0.439453125
23373,1.201171875,1.103515625,-0.341796875,-0.3125
23374,1.2109375,1.142578125,-0.166015625,-0.283203125
23375,1.1328125,0.99609375,-0.15625,-0.2734375
23376,1.259765625,1.09375,-0.185546875,-0.302734375
23377,1.123046875,1.083984375,-0.146484375,-0.322265625
23378,1.142578125,1.03515625,-0.15625,-0.29296875
23379,1.171875,0.9765625,-0.263671875,-0.302734375
23380,1.103515625,1.11328125,-0.1171875,-0.3125
23381,1.2890625,1.07421875,-0.146484375,-0.283203125
23382,1.2109375,1.103515625,-0.25390625,-0.33203125
23383,1.23046875,1.064453125,-0.234375,-0.419921875
23384,1.19140625,1.142578125,-0.1171875,-0.21484375
23385,1.220703125,1.171875,-0.107421875,-0.29296875
23386,1.2109375,1.09375,-0.263671875,-0.1953125
23387,1.25,1.142578125,-0.107421875,-0.29296875
23388,1.279296875,1.142578125,-0.302734375,-0.224609375
23389,1.34765625,1.064453125,-0.15625,-0.234375
23390,1.25,1.07421875,-0.33203125,-0.33203125
23391,1.240234375,1.07421875,-0.322265625,-0.17578125
23392,1.171875,1.083984375,-0.166015625,-0.33203125
23393,1.240234375,1.005859375,-0.283203125,-0.205078125
23394,1.318359375,1.03515625,-0.322265625,-0.17578125
23395,1.171875,1.07421875,-0.302734375,-0.322265625
23396,1.240234375,1.005859375,-0.283203125,-0.244140625
23397,1.142578125,1.07421875,-0.1953125,-0.21484375
23398,1.11328125,1.142578125,-0.25390625,-0.17578125
23399,1.142578125,1.103515625,-0.234375,-0.263671875
23400,1.19140625,1.123046875,-0.33203125,-0.234375
23401,1.15234375,1.07421875,-0.3125,-0.166015625
23402,1.09375,1.083984375,-0.263671875,-0.244140625
23403,1.162109375,0.9765625,-0.302734375,-0.224609375
23404,1.2109375,1.083984375,-0.3125,-0.2734375
23405,1.142578125,1.083984375,-0.234375,-0.185546875
23406,1.162109375,1.220703125,-0.380859375,-0.283203125
23407,1.142578125,1.0546875,-0.4296875,-0.25390625
23408,1.2890625,1.123046875,-0.283203125,-0.3515625
23409,1.201171875,1.044921875,-0.322265625,-0.17578125
23410,1.19140625,1.103515625,-0.234375,-0.205078125
23411,1.23046875,1.083984375,-0.302734375,-0.234375
23412,1.23046875,1.064453125,-0.302734375,-0.224609375
23413,1.171875,1.123046875,-0.244140625,-0.25390625
23414,1.25,1.005859375,-0.37109375,-0.390625
23415,1.07421875,0.966796875,-0.25390625,-0.2734375
23416,1.279296875,1.064453125,-0.15625,-0.3125
23417,1.337890625,1.142578125,-0.244140625,-0.244140625
23418,1.142578125,1.0546875,-0.263671875,-0.263671875
23419,1.162109375,1.03515625,-0.25390625,-0.439453125
23420,1.19140625,1.005859375,-0.263671875,-0.25390625
23421,1.279296875,1.1328125,-0.263671875,-0.29296875
23422,1.2109375,1.064453125,-0.400390625,-0.263671875
23423,1.23046875,1.083984375,-0.1953125,-0.1953125
23424,1.07421875,1.07421875,-0.283203125,-0.29296875
23425,1.11328125,1.015625,-0.224609375,-0.4296875
23426,1.26953125,1.103515625,-0.302734375,-0.1953125
23427,1.26953125,1.103515625,-0.166015625,-0.1953125
23428,1.171875,1.025390625,-0.224609375,-0.244140625
23429,1.162109375,1.083984375,-0.234375,-0.3125
23430,1.09375,0.99609375,-0.205078125,-0.205078125
23431,1.1328125,0.9765625,-0.1953125,-0.15625
23432,1.171875,1.083984375,-0.185546875,-0.44921875
23433,1.25,1.0546875,-0.25390625,-0.263671875
23434,1.15234375,1.0546875,-0.185546875,-0.302734375
23435,1.1328125,1.044921875,-0.126953125,-0.185546875
23436,1.142578125,1.064453125,-0.17578125,-0.283203125
23437,1.171875,1.162109375,-0.263671875,-0.244140625
23438,1.15234375,1.0546875,-0.1953125,-0.29296875
23439,1.162109375,1.025390625,-0.25390625,-0.2734375
23440,1.11328125,1.171875,-0.25390625,-0.2734375
23441,1.171875,1.142578125,-0.185546875,-0.21484375
23442,1.240234375,1.015625,-0.1953125,-0.322265625
23443,1.201171875,1.064453125,-0.25390625,-0.1171875
23444,1.09375,1.083984375,-0.185546875,-0.263671875
23445,1.2109375,1.09375,-0.1953125,-0.400390625
23446,1.162109375,1.162109375,-0.17578125,-0.13671875
23447,1.2109375,1.123046875,-0.263671875,-0.322265625
23448,1.103515625,1.171875,-0.205078125,-0.17578125
23449,1.083984375,1.015625,-0.283203125,-0.263671875
23450,1.103515625,1.083984375,-0.21484375,-0.322265625
23451,1.181640625,1.044921875,-0.302734375,-0.37109375
23452,1.19140625,1.25,-0.234375,-0.1953125
23453,1.201171875,1.142578125,-0.2734375,-0.283203125
23454,1.240234375,1.11328125,-0.224609375,-0.3125
23455,1.25,1.162109375,-0.17578125,-0.263671875
23456,1.220703125,0.95703125,-0.17578125,-0.224609375
23457,1.181640625,1.025390625,-0.1953125,-0.224609375
23458,1.25,1.38671875,-0.087890625,-0.15625
23459,1.19140625,1.123046875,-0.21484375,-0.25390625
23460,1.181640625,1.142578125,-0.341796875,-0.2734375
23461,1.220703125,1.181640625,-0.2734375,-0.41015625
23462,1.26953125,1.171875,-0.29296875,-0.244140625
23463,1.142578125,1.064453125,-0.13671875,-0.41015625
23464,1.15234375,1.259765625,-0.29296875,-0.33203125
23465,1.162109375,1.220703125,-0.29296875,-0.244140625
23466,1.19140625,1.181640625,-0.244140625,-0.3125
23467,1.181640625,1.2109375,-0.1953125,-0.322265625
23468,1.142578125,1.1328125,-0.263671875,-0.224609375
23469,1.15234375,1.19140625,-0.263671875,-0.263671875
23470,1.083984375,1.11328125,-0.244140625,-0.322265625
23471,1.142578125,1.162109375,-0.048828125,-0.185546875
23472,1.181640625,1.19140625,-0.224609375,-0.205078125
23473,1.162109375,1.2109375,-0.13671875,-0.166015625
23474,1.201171875,1.142578125,-0.17578125,-0.244140625
23475,1.005859375,1.1328125,-0.234375,-0.068359375
23476,1.1328125,1.19140625,-0.1953125,-0.21484375
23477,1.2890625,1.26953125,-0.09765625,-0.224609375
23478,1.162109375,1.181640625,-0.3125,-0.234375
23479,1.09375,1.23046875,-0.244140625,-0.3125
23480,1.23046875,1.015625,-0.1953125,-0.3515625
23481,1.376953125,1.15234375,-0.1171875,-0.322265625
23482,1.19140625,1.201171875,-0.21484375,-0.37109375
23483,1.298828125,1.23046875,-0.234375,-0.244140625
23484,1.240234375,1.142578125,-0.185546875,-0.205078125
23485,1.23046875,1.083984375,-0.390625,-0.3125
23486,1.240234375,1.103515625,-0.107421875,-0.2734375
23487,1.2890625,1.142578125,-0.185546875,-0.361328125
23488,1.09375,1.26953125,-0.15625,-0.283203125
23489,1.259765625,1.044921875,-0.224609375,-0.263671875
23490,1.15234375,1.123046875,-0.205078125,-0.244140625
23491,1.2109375,1.142578125,-0.3125,-0.17578125
23492,1.318359375,1.123046875,-0.263671875,-0.302734375
23493,1.318359375,1.1328125,-0.146484375,-0.234375
23494,1.26953125,1.19140625,-0.1171875,-0.37109375
23495,1.25,1.3671875,-0.078125,-0.33203125
23496,1.123046875,1.181640625,-0.166015625,-0.15625
23497,1.181640625,1.15234375,-0.1953125,-0.25390625
23498,1.19140625,1.181640625,-0.2734375,-0.322265625
23499,1.181640625,1.171875,-0.205078125,-0.5078125
23500,1.09375,1.123046875,-0.146484375,-0.205078125
23501,1.1328125,1.23046875,-0.3125,-0.2734375
23502,1.083984375,1.162109375,-0.302734375,-0.3515625
23503,1.07421875,1.15234375,-0.263671875,-0.37109375
23504,1.1328125,1.220703125,-0.234375,-0.263671875
23505,1.201171875,1.171875,-0.205078125,-0.37109375
23506,1.240234375,1.201171875,-0.33203125,-0.244140625
23507,1.07421875,1.083984375,-0.283203125,-0.302734375
23508,1.240234375,1.171875,-0.185546875,-0.33203125
23509,1.2890625,1.19140625,-0.263671875,-0.21484375
23510,1.240234375,1.240234375,-0.205078125,-0.2734375
23511,1.357421875,1.201171875,-0.2734375,-0.244140625
23512,1.259765625,1.1328125,-0.263671875,-0.390625
23513,1.181640625,1.15234375,-0.146484375,-0.25390625
23514,1.25,1.171875,-0.380859375,-0.205078125
23515,1.19140625,1.23046875,-0.185546875,-0.166015625
23516,1.19140625,1.142578125,-0.263671875,-0.283203125
23517,1.220703125,1.220703125,-0.234375,-0.29296875
23518,1.328125,1.11328125,-0.1953125,-0.439453125
23519,1.240234375,1.1328125,-0.224609375,-0.322265625
23520,1.162109375,1.123046875,-0.2734375,-0.205078125
23521,1.201171875,1.201171875,-0.224609375,-0.29296875
23522,1.220703125,1.23046875,-0.419921875,-0.283203125
23523,1.201171875,1.2109375,-0.302734375,-0.380859375
23524,1.2890625,1.279296875,-0.263671875,-0.33203125
23525,1.19140625,1.23046875,-0.302734375,-0.29296875
23526,1.07421875,1.240234375,-0.107421875,-0.2734375
23527,1.25,1.142578125,-0.322265625,-0.224609375
23528,1.2109375,1.07421875,-0.185546875,-0.33203125
23529,1.142578125,1.181640625,-0.283203125,-0.322265625
23530,1.15234375,1.09375,-0.37109375,-0.3515625
23531,1.171875,1.1328125,-0.3125,-0.244140625
23532,1.162109375,1.201171875,-0.283203125,-0.380859375
23533,1.240234375,1.240234375,-0.244140625,-0.439453125
23534,1.123046875,1.171875,-0.2734375,-0.283203125
23535,1.279296875,1.220703125,-0.44921875,-0.322265625
23536,1.3671875,1.25,-0.15625,-0.322265625
23537,1.0546875,1.103515625,-0.341796875,-0.29296875
23538,1.1328125,1.2890625,-0.09765625,-0.166015625
23539,1.2109375,1.2109375,-0.3125,-0.302734375
23540,1.220703125,1.123046875,-0.224609375,-0.322265625
23541,1.142578125,1.083984375,-0.244140625,-0.224609375
23542,1.19140625,1.15234375,-0.29296875,-0.087890625
23543,1.171875,1.337890625,-0.234375,-0.29296875
23544,1.220703125,1.2109375,-0.439453125,-0.46875
23545,1.19140625,1.162109375,-0.3125,-0.1953125
23546,1.11328125,1.25,-0.21484375,-0.25390625
23547,1.220703125,1.240234375,-0.283203125,-0.3515625
23548,1.240234375,1.181640625,-0.21484375,-0.3515625
23549,1.201171875,1.171875,-0.2734375,-0.322265625
23550,1.240234375,1.240234375,-0.380859375,-0.25390625
23551,1.34765625,1.162109375,-0.263671875,-0.2734375
23552,1.357421875,1.201171875,-0.29296875,-0.283203125
23553,1.26953125,1.181640625,-0.29296875,-0.341796875
23554,1.328125,1.171875,-0.283203125,-0.498046875
23555,1.25,1.15234375,-0.29296875,-0.263671875
23556,1.279296875,1.2109375,-0.2734375,-0.263671875
23557,1.181640625,1.2109375,-0.185546875,-0.29296875
23558,1.201171875,1.201171875,-0.341796875,-0.322265625
23559,1.240234375,1.240234375,-0.283203125,-0.380859375
23560,1.26953125,1.2109375,-0.166015625,-0.25390625
23561,1.1328125,1.181640625,-0.1953125,-0.25390625
23562,1.19140625,1.19140625,-0.166015625,-0.3515625
23563,1.30859375,1.240234375,-0.322265625,-0.33203125
23564,1.30859375,1.30859375,-0.234375,-0.361328125
23565,1.298828125,1.044921875,-0.234375,-0.380859375
23566,1.19140625,1.220703125,-0.234375,-0.263671875
23567,1.3671875,1.19140625,-0.205078125,-0.400390625
23568,1.279296875,1.201171875,-0.263671875,-0.263671875
23569,1.259765625,1.240234375,-0.2734375,-0.341796875
23570,1.2109375,1.171875,-0.21484375,-0.166015625
23571,1.318359375,1.23046875,-0.224609375,-0.341796875
23572,1.298828125,1.298828125,-0.3515625,-0.322265625
23573,1.279296875,1.259765625,-0.2734375,-0.380859375
23574,1.4453125,1.15234375,-0.1171875,-0.33203125
23575,1.240234375,1.23046875,-0.380859375,-0.341796875
23576,1.279296875,1.181640625,-0.1953125,-0.21484375
23577,1.328125,1.171875,-0.3125,-0.33203125
23578,1.240234375,1.416015625,-0.37109375,-0.3125
23579,1.38671875,1.19140625,-0.29296875,-0.478515625
23580,1.240234375,1.15234375,-0.33203125,-0.400390625
23581,1.298828125,1.25,-0.33203125,-0.1953125
23582,1.42578125,1.298828125,-0.2734375,-0.107421875
23583,1.337890625,1.318359375,-0.25390625,-0.21484375
23584,1.220703125,1.2109375,-0.29296875,-0.2734375
23585,1.23046875,1.240234375,-0.283203125,-0.361328125
23586,1.19140625,1.25,-0.244140625,-0.3515625
23587,1.279296875,1.26953125,-0.185546875,-0.302734375
23588,1.376953125,1.240234375,-0.263671875,-0.166015625
23589,1.181640625,1.30859375,-0.21484375,-0.263671875
23590,1.23046875,0.99609375,-0.224609375,-0.33203125
23591,1.26953125,1.171875,-0.234375,-0.41015625
23592,1.23046875,1.181640625,-0.33203125,-0.37109375
23593,1.259765625,1.220703125,-0.29296875,-0.3515625
23594,1.259765625,1.279296875,-0.185546875,-0.361328125
23595,1.416015625,1.259765625,-0.25390625,-0.341796875
23596,1.26953125,1.259765625,-0.224609375,-0.3515625
23597,1.38671875,1.25,-0.2734375,-0.33203125
23598,1.40625,1.396484375,-0.205078125,-0.283203125
23599,1.318359375,1.26953125,-0.3125,-0.361328125
23600,1.30859375,1.259765625,-0.185546875,-0.37109375
23601,1.455078125,1.25,-0.263671875,-0.3125
23602,1.337890625,1.142578125,-0.283203125,-0.390625
23603,1.2890625,1.171875,-0.3515625,-0.283203125
23604,1.25,1.083984375,-0.185546875,-0.439453125
23605,1.201171875,1.2890625,-0.1953125,-0.29296875
23606,1.30859375,1.26953125,-0.263671875,-0.37109375
23607,1.23046875,1.083984375,-0.2734375,-0.46875
23608,1.259765625,1.23046875,-0.419921875,-0.37109375
23609,1.26953125,1.220703125,-0.244140625,-0.4296875
23610,1.279296875,1.19140625,-0.283203125,-0.390625
23611,1.25,1.0546875,-0.263671875,-0.41015625
23612,1.38671875,1.162109375,-0.15625,-0.400390625
23613,1.220703125,1.240234375,-0.341796875,-0.244140625
23614,1.298828125,1.142578125,-0.3125,-0.3515625
23615,1.337890625,1.2109375,-0.302734375,-0.234375
23616,1.279296875,1.23046875,-0.29296875,-0.546875
23617,1.298828125,1.2109375,-0.458984375,-0.33203125
23618,1.2890625,1.2109375,-0.244140625,-0.3125
23619,1.259765625,1.162109375,-0.33203125,-0.166015625
23620,1.26953125,1.181640625,-0.33203125,-0.283203125
23621,1.2109375,1.23046875,-0.29296875,-0.546875
23622,1.328125,1.19140625,-0.3515625,-0.322265625
23623,1.181640625,1.15234375,-0.361328125,-0.302734375
23624,1.259765625,1.1328125,-0.283203125,-0.478515625
23625,1.2890625,1.162109375,-0.205078125,-0.33203125
23626,1.25,1.1328125,-0.2734375,-0.224609375
23627,1.25,1.201171875,-0.21484375,-0.244140625
23628,1.220703125,1.2109375,-0.205078125,-0.517578125
23629,1.220703125,1.0546875,-0.244140625,-0.37109375
23630,1.3671875,1.2109375,-0.205078125,-0.46875
23631,1.25,1.09375,-0.2734375,-0.3125
23632,1.259765625,1.328125,-0.234375,-0.4296875
23633,1.30859375,1.1328125,-0.29296875,-0.400390625
23634,1.220703125,1.0546875,-0.302734375,-0.37109375
23635,1.220703125,1.09375,-0.21484375,-0.29296875
23636,1.240234375,1.1328125,-0.205078125,-0.322265625
23637,1.259765625,1.064453125,-0.263671875,-0.458984375
23638,1.259765625,1.201171875,-0.1953125,-0.29296875
23639,1.2109375,1.162109375,-0.2734375,-0.390625
23640,1.162109375,1.142578125,-0.361328125,-0.3125
23641,1.23046875,1.201171875,-0.224609375,-0.44921875
23642,1.2109375,0.986328125,-0.234375,-0.322265625
23643,1.162109375,1.171875,-0.37109375,-0.380859375
23644,1.15234375,1.083984375,-0.302734375,-0.37109375
23645,1.30859375,1.162109375,-0.33203125,-0.3515625
23646,1.162109375,1.15234375,-0.302734375,-0.322265625
23647,1.1328125,1.279296875,-0.205078125,-0.37109375
23648,1.142578125,1.23046875,-0.205078125,-0.37109375
23649,1.201171875,1.201171875,-0.2734375,-0.302734375
23650,1.142578125,1.4453125,-0.2734375,-0.29296875
23651,1.162109375,1.07421875,-0.283203125,-0.4296875
23652,0.986328125,1.259765625,-0.283203125,-0.400390625
23653,1.201171875,1.259765625,-0.3125,-0.41015625
23654,1.171875,1.1328125,-0.263671875,-0.37109375
23655,1.318359375,1.2109375,-0.29296875,-0.283203125
23656,1.142578125,1.220703125,-0.17578125,-0.341796875
23657,1.142578125,1.19140625,-0.234375,-0.37109375
23658,1.1328125,1.220703125,-0.234375,-0.400390625
23659,1.064453125,1.220703125,-0.224609375,-0.380859375
23660,1.240234375,1.435546875,-0.21484375,-0.341796875
23661,1.142578125,1.181640625,-0.1953125,-0.283203125
23662,1.2890625,1.181640625,-0.25390625,-0.4296875
23663,1.240234375,1.15234375,-0.224609375,-0.322265625
23664,1.220703125,1.11328125,-0.107421875,-0.458984375
23665,1.123046875,1.2109375,-0.205078125,-0.380859375
23666,1.23046875,1.15234375,-0.37109375,-0.322265625
23667,1.2890625,1.09375,-0.185546875,-0.361328125
23668,1.201171875,1.279296875,-0.283203125,-0.44921875
23669,1.2890625,1.044921875,-0.302734375,-0.33203125
23670,1.07421875,1.19140625,-0.283203125,-0.09765625
23671,1.2109375,1.142578125,-0.2734375,-0.37109375
23672,1.171875,1.11328125,-0.380859375,-0.33203125
23673,1.25,1.142578125,-0.361328125,-0.46875
23674,1.142578125,1.19140625,-0.29296875,-0.3515625
23675,1.26953125,1.171875,-0.3515625,-0.37109375
23676,1.25,1.123046875,-0.322265625,-0.263671875
23677,1.240234375,1.11328125,-0.361328125,-0.341796875
23678,1.25,1.26953125,-0.283203125,-0.390625
23679,1.40625,1.11328125,-0.234375,-0.380859375
23680,1.318359375,1.07421875,-0.25390625,-0.3125
23681,1.259765625,0.91796875,-0.33203125,-0.2734375
23682,1.26953125,1.103515625,-0.25390625,-0.361328125
23683,1.19140625,1.15234375,-0.244140625,-0.341796875
23684,1.23046875,1.09375,-0.400390625,-0.33203125
23685,1.318359375,1.2890625,-0.234375,-0.341796875
23686,1.19140625,1.171875,-0.224609375,-0.41015625
23687,1.220703125,1.123046875,-0.234375,-0.21484375
23688,1.240234375,1.09375,-0.3515625,-0.322265625
23689,1.2109375,1.2109375,-0.205078125,-0.33203125
23690,1.220703125,1.044921875,-0.21484375,-0.21484375
23691,1.2890625,1.064453125,-0.2734375,-0.244140625
23692,1.376953125,1.07421875,-0.283203125,-0.400390625
23693,1.220703125,1.025390625,-0.21484375,-0.244140625
23694,1.23046875,1.142578125,-0.263671875,-0.361328125
23695,1.220703125,1.1328125,-0.25390625,-0.361328125
23696,1.181640625,1.19140625,-0.234375,-0.37109375
23697,1.23046875,1.19140625,-0.263671875,-0.263671875
23698,1.201171875,1.044921875,-0.068359375,-0.302734375
23699,1.240234375,1.162109375,-0.146484375,-0.3125
23700,1.181640625,1.201171875,-0.166015625,-0.322265625
23701,1.25,1.044921875,-0.1953125,-0.361328125
23702,1.1328125,1.064453125,-0.244140625,-0.224609375
23703,1.298828125,0.986328125,-0.283203125,-0.29296875
23704,1.19140625,1.015625,-0.25390625,-0.3515625
23705,1.2109375,0.72265625,-0.1953125,-0.37109375
23706,1.201171875,1.0546875,-0.322265625,-0.283203125
23707,1.220703125,1.015625,-0.283203125,-0.29296875
23708,1.220703125,1.07421875,-0.1171875,-0.185546875
23709,1.171875,1.005859375,-0.263671875,-0.302734375
23710,1.0546875,0.99609375,-0.17578125,-0.41015625
23711,1.142578125,1.07421875,-0.205078125,-0.322265625
23712,1.201171875,1.083984375,-0.21484375,-0.361328125
23713,1.15234375,1.03515625,-0.13671875,-0.3515625
23714,1.2109375,1.083984375,-0.21484375,-0.21484375
23715,1.220703125,1.09375,-0.13671875,-0.3515625
23716,1.328125,1.09375,-0.21484375,-0.458984375
23717,1.298828125,1.171875,-0.205078125,-0.234375
23718,1.23046875,1.07421875,-0.224609375,-0.322265625
23719,1.11328125,1.005859375,-0.185546875,-0.33203125
23720,1.279296875,1.142578125,-0.146484375,-0.33203125
23721,1.259765625,0.99609375,-0.185546875,-0.3515625
23722,1.298828125,0.966796875,-0.224609375,-0.322265625
23723,1.123046875,0.9765625,-0.2734375,-0.29296875
23724,1.298828125,1.03515625,-0.185546875,-0.21484375
23725,1.19140625,1.0546875,-0.25390625,-0.439453125
23726,1.25,0.888671875,-0.1953125,-0.263671875
23727,1.15234375,0.947265625,-0.263671875,-0.224609375
23728,1.201171875,1.0546875,-0.1953125,-0.322265625
23729,1.1328125,1.025390625,-0.224609375,-0.234375
23730,1.2109375,0.8984375,-0.234375,-0.3125
23731,1.2109375,0.99609375,-0.302734375,-0.2734375
23732,1.220703125,0.966796875,-0.263671875,-0.478515625
23733,1.171875,1.083984375,-0.078125,-0.41015625
23734,1.142578125,1.03515625,-0.234375,-0.3515625
23735,1.142578125,1.005859375,-0.166015625,-0.25390625
23736,1.162109375,0.947265625,-0.1953125,-0.341796875
23737,1.162109375,1.005859375,-0.283203125,-0.380859375
23738,1.171875,1.1328125,-0.166015625,-0.302734375
23739,1.220703125,1.0546875,-0.166015625,-0.302734375
23740,1.1328125,1.005859375,-0.29296875,-0.341796875
23741,1.123046875,1.005859375,-0.234375,-0.3515625
23742,1.171875,1.1328125,-0.41015625,-0.302734375
23743,1.142578125,0.9765625,-0.13671875,-0.263671875
23744,1.240234375,0.9375,-0.205078125,-0.302734375
23745,1.220703125,1.044921875,-0.1953125,-0.17578125
23746,1.171875,1.03515625,-0.263671875,-0.21484375
23747,1.1328125,1.0546875,-0.205078125,-0.3515625
23748,1.23046875,1.025390625,-0.17578125,-0.185546875
23749,1.25,1.03515625,-0.13671875,-0.419921875
23750,1.220703125,1.03515625,-0.234375,-0.41015625
23751,1.220703125,0.9765625,-0.126953125,-0.341796875
23752,1.23046875,1.0546875,-0.166015625,-0.21484375
23753,1.25,1.025390625,-0.234375,-0.224609375
23754,1.23046875,1.03515625,-0.1953125,-0.341796875
23755,1.240234375,1.025390625,-0.263671875,-0.37109375
23756,1.34765625,1.103515625,-0.185546875,-0.390625
23757,1.171875,0.9375,-0.1953125,-0.283203125
23758,1.23046875,0.986328125,-0.166015625,-0.3125
23759,1.171875,1.15234375,-0.302734375,-0.33203125
23760,1.15234375,1.142578125,-0.21484375,-0.400390625
23761,1.03515625,0.908203125,-0.15625,-0.41015625
23762,1.181640625,1.015625,-0.234375,-0.3515625
23763,1.298828125,1.15234375,-0.283203125,-0.302734375
23764,1.279296875,1.181640625,-0.234375,-0.322265625
23765,1.220703125,1.005859375,-0.283203125,-0.37109375
23766,1.240234375,0.95703125,-0.107421875,-0.2734375
23767,1.11328125,1.044921875,-0.302734375,-0.244140625
23768,1.064453125,1.064453125,-0.25390625,-0.419921875
23769,1.142578125,1.2109375,-0.1953125,-0.33203125
23770,1.240234375,1.1328125,-0.09765625,-0.3125
23771,1.123046875,1.11328125,-0.166015625,-0.33203125
23772,1.181640625,1.03515625,-0.1953125,-0.33203125
23773,1.259765625,1.220703125,-0.3515625,-0.361328125
23774,1.298828125,1.083984375,-0.263671875,-0.3515625
23775,1.23046875,1.03515625,-0.166015625,-0.302734375
23776,1.23046875,0.888671875,-0.1953125,-0.283203125
23777,1.259765625,1.09375,-0.21484375,-0.3515625
23778,1.30859375,0.87890625,-0.2734375,-0.29296875
23779,1.25,1.11328125,-0.46875,-0.341796875
23780,1.34765625,1.103515625,-0.166015625,-0.458984375
23781,1.1328125,1.201171875,-0.2734375,-0.302734375
23782,1.201171875,1.025390625,-0.283203125,-0.44921875
23783,1.26953125,1.03515625,-0.107421875,-0.361328125
23784,1.25,0.986328125,-0.21484375,-0.302734375
23785,1.240234375,1.0546875,-0.185546875,-0.2734375
23786,1.103515625,1.044921875,-0.185546875,-0.15625
23787,1.328125,1.1328125,-0.146484375,-0.263671875
23788,1.26953125,1.201171875,-0.087890625,-0.25390625
23789,1.396484375,1.09375,-0.068359375,-0.2734375
23790,1.30859375,1.142578125,-0.224609375,-0.2734375
23791,1.26953125,1.15234375,-0.400390625,-0.2734375
23792,1.2109375,1.103515625,-0.33203125,-0.263671875
23793,1.240234375,1.11328125,-0.13671875,-0.263671875
23794,1.279296875,1.09375,-0.25390625,-0.21484375
23795,1.201171875,1.103515625,-0.361328125,-0.205078125
23796,1.220703125,1.103515625,-0.234375,-0.263671875
23797,1.181640625,1.1328125,-0.205078125,-0.25390625
23798,1.240234375,1.123046875,-0.2734375,-0.322265625
23799,1.26953125,1.1328125,-0.185546875,-0.234375
23800,1.2109375,1.07421875,-0.283203125,-0.2734375
23801,1.259765625,1.162109375,-0.234375,-0.166015625
23802,1.220703125,1.181640625,-0.1953125,-0.2734375
23803,1.162109375,1.064453125,-0.283203125,-0.25390625
23804,1.201171875,1.2890625,-0.3515625,-0.3125
23805,1.318359375,1.1328125,-0.048828125,-0.380859375
23806,1.142578125,1.07421875,-0.205078125,-0.1953125
23807,1.279296875,1.142578125,-0.25390625,-0.205078125
23808,1.2109375,1.162109375,-0.3125,-0.126953125
23809,1.181640625,1.064453125,-0.21484375,-0.244140625
23810,1.11328125,1.103515625,-0.1171875,-0.341796875
23811,1.220703125,1.1328125,-0.263671875,-0.087890625
23812,1.181640625,1.0546875,-0.1171875,-0.29296875
23813,1.201171875,1.09375,-0.205078125,-0.224609375
23814,1.259765625,1.123046875,-0.068359375,-0.3515625
23815,1.181640625,1.1328125,-0.224609375,-0.283203125
23816,1.220703125,1.07421875,-0.146484375,-0.3125
23817,1.123046875,1.1328125,-0.126953125,-0.185546875
23818,1.25,1.09375,-0.1953125,-0.224609375
23819,1.23046875,1.123046875,-0.419921875,-0.1953125
23820,1.259765625,1.044921875,-0.29296875,-0.263671875
23821,1.23046875,1.064453125,-0.205078125,-0.29296875
23822,1.201171875,0.859375,-0.322265625,-0.341796875
23823,1.201171875,1.03515625,-0.25390625,-0.400390625
23824,1.220703125,1.005859375,-0.25390625,-0.283203125
23825,1.19140625,1.083984375,-0.37109375,-0.166015625
23826,1.298828125,1.09375,-0.400390625,-0.322265625
23827,1.259765625,1.03515625,-0.33203125,-0.25390625
23828,1.23046875,1.171875,-0.400390625,-0.25390625
23829,1.298828125,1.083984375,-0.3125,-0.126953125
23830,1.201171875,1.09375,-0.224609375,-0.166015625
23831,1.240234375,1.396484375,-0.283203125,-0.283203125
23832,1.1328125,1.0546875,-0.263671875,-0.166015625
23833,1.201171875,1.11328125,-0.322265625,-0.263671875
23834,1.2109375,1.09375,-0.126953125,-0.21484375
23835,1.19140625,1.025390625,-0.17578125,-0.13671875
23836,1.181640625,1.142578125,-0.283203125,-0.185546875
23837,1.25,1.103515625,-0.29296875,-0.21484375
23838,1.220703125,1.064453125,-0.2734375,-0.048828125
23839,1.2890625,1.07421875,-0.302734375,-0.17578125
23840,1.2109375,0.986328125,-0.166015625,-0.244140625
23841,1.23046875,1.044921875,-0.146484375,-0.244140625
23842,1.201171875,1.15234375,-0.224609375,-0.25390625
23843,1.162109375,1.083984375,-0.29296875,-0.302734375
23844,1.25,1.0546875,-0.322265625,-0.15625
23845,1.279296875,1.07421875,-0.2734375,-0.205078125
23846,1.26953125,1.0546875,-0.283203125,-0.283203125
23847,1.09375,1.015625,-0.224609375,-0.25390625
23848,1.19140625,1.064453125,-0.224609375,-0.29296875
23849,1.181640625,1.09375,-0.3125,-0.3125
23850,1.26953125,1.083984375,-0.1953125,-0.263671875
23851,1.142578125,0.99609375,-0.185546875,-0.21484375
23852,1.181640625,1.025390625,-0.25390625,-0.302734375
23853,1.064453125,1.0546875,-0.263671875,-0.341796875
23854,1.201171875,1.201171875,-0.283203125,-0.17578125
23855,1.1328125,1.09375,-0.33203125,-0.283203125
23856,1.220703125,1.09375,-0.13671875,-0.1171875
23857,1.19140625,1.0546875,-0.263671875,-0.205078125
23858,1.09375,1.357421875,-0.390625,-0.21484375
23859,1.171875,1.1328125,-0.17578125,-0.361328125
23860,1.103515625,1.240234375,-0.21484375,-0.29296875
23861,1.171875,1.0546875,-0.283203125,-0.263671875
23862,1.171875,1.083984375,-0.15625,-0.361328125
23863,0.91796875,1.07421875,-0.13671875,-0.46875
23864,1.142578125,1.083984375,-0.244140625,-0.322265625
23865,1.142578125,1.123046875,-0.224609375,-0.263671875
23866,1.15234375,1.07421875,-0.25390625,-0.263671875
23867,1.123046875,1.03515625,-0.17578125,-0.17578125
23868,1.201171875,1.103515625,-0.126953125,-0.37109375
23869,1.171875,1.1328125,-0.205078125,-0.146484375
23870,1.171875,0.8984375,-0.283203125,-0.25390625
23871,1.103515625,1.162109375,-0.3125,-0.302734375
23872,1.0546875,1.15234375,-0.185546875,-0.048828125
23873,1.19140625,1.259765625,-0.078125,-0.263671875
23874,1.2109375,1.162109375,-0.13671875,-0.283203125
23875,1.19140625,1.142578125,-0.21484375,-0.029296875
23876,1.181640625,0.87890625,-0.234375,-0.1953125
23877,1.09375,1.09375,-0.146484375,-0.17578125
23878,1.103515625,1.15234375,-0.244140625,-0.302734375
23879,1.220703125,1.025390625,-0.146484375,-0.224609375
23880,1.162109375,1.162109375,-0.13671875,-0.205078125
23881,1.123046875,1.2109375,-0.29296875,-0.244140625
23882,1.15234375,1.240234375,-0.13671875,-0.322265625
23883,1.181640625,1.123046875,-0.1953125,-0.302734375
23884,1.171875,1.1328125,-0.234375,-0.234375
23885,1.220703125,1.083984375,-0.25390625,-0.2734375
23886,1.1328125,1.1328125,-0.205078125,-0.29296875
23887,1.181640625,1.240234375,-0.21484375,-0.322265625
23888,1.2109375,1.19140625,-0.234375,-0.234375
23889,1.19140625,1.181640625,-0.166015625,-0.2734375
23890,1.201171875,1.181640625,-0.205078125,-0.068359375
23891,1.19140625,1.11328125,-0.3125,-0.224609375
23892,1.23046875,1.26953125,-0.185546875,-0.283203125
23893,1.30859375,1.103515625,-0.322265625,-0.283203125
23894,1.2890625,1.0546875,-0.283203125,-0.3515625
23895,1.171875,1.162109375,-0.2734375,-0.224609375
23896,1.240234375,1.181640625,-0.3125,-0.21484375
23897,1.23046875,1.259765625,-0.2734375,-0.25390625
23898,1.23046875,1.181640625,-0.29296875,-0.126953125
23899,1.123046875,1.142578125,-0.283203125,-0.224609375
23900,1.23046875,1.09375,-0.224609375,-0.263671875
23901,1.259765625,1.09375,-0.234375,-0.2734375
23902,1.142578125,1.2109375,-0.2734375,-0.263671875
23903,1.181640625,1.171875,-0.166015625,-0.205078125
23904,1.2109375,1.15234375,-0.17578125,-0.25390625
23905,1.34765625,1.142578125,-0.185546875,-0.146484375
23906,1.279296875,1.15234375,-0.234375,-0.234375
23907,1.240234375,1.171875,-0.29296875,-0.341796875
23908,1.181640625,1.103515625,-0.29296875,-0.126953125
23909,1.318359375,1.279296875,-0.205078125,-0.400390625
23910,1.162109375,1.38671875,-0.21484375,-0.1953125
23911,1.34765625,1.181640625,-0.283203125,-0.29296875
23912,1.279296875,1.259765625,-0.224609375,-0.15625
23913,1.2890625,1.220703125,-0.322265625,-0.244140625
23914,1.171875,1.171875,-0.263671875,-0.29296875
23915,1.19140625,1.181640625,-0.126953125,-0.234375
23916,1.23046875,1.201171875,-0.13671875,-0.302734375
23917,1.181640625,1.162109375,-0.3125,-0.205078125
23918,1.2890625,1.181640625,-0.15625,-0.25390625
23919,1.26953125,1.23046875,-0.205078125,-0.37109375
23920,1.15234375,1.181640625,-0.166015625,-0.234375
23921,1.2109375,1.298828125,-0.09765625,-0.322265625
23922,1.19140625,1.19140625,-0.205078125,-0.263671875
23923,1.259765625,1.259765625,-0.15625,-0.25390625
23924,1.162109375,1.171875,-0.107421875,-0.41015625
23925,1.201171875,1.23046875,-0.107421875,-0.244140625
23926,1.181640625,1.220703125,-0.1171875,-0.29296875
23927,1.298828125,1.1328125,-0.15625,-0.283203125
23928,1.26953125,1.201171875,-0.1953125,-0.244140625
23929,1.1328125,1.357421875,-0.205078125,-0.29296875
23930,1.19140625,1.15234375,-0.17578125,-0.263671875
23931,1.2109375,1.2109375,-0.205078125,-0.29296875
23932,1.328125,1.220703125,-0.17578125,-0.33203125
23933,1.376953125,1.03515625,-0.263671875,-0.185546875
23934,1.220703125,1.103515625,-0.283203125,-0.29296875
23935,1.23046875,1.162109375,-0.322265625,-0.2734375
23936,1.123046875,1.11328125,-0.3515625,-0.302734375
23937,1.26953125,1.162109375,-0.25390625,-0.244140625
23938,1.25,1.34765625,-0.244140625,-0.322265625
23939,1.162109375,1.1328125,-0.234375,-0.37109375
23940,1.337890625,0.927734375,-0.224609375,-0.2734375
23941,1.328125,1.201171875,-0.263671875,-0.37109375
23942,1.3671875,1.279296875,-0.41015625,-0.283203125
23943,1.181640625,1.1328125,-0.263671875,-0.41015625
23944,1.220703125,1.1328125,-0.234375,-0.37109375
23945,1.328125,1.240234375,-0.185546875,-0.283203125
23946,1.240234375,1.025390625,-0.302734375,-0.302734375
23947,1.26953125,1.2890625,-0.263671875,-0.3125
23948,1.201171875,1.1328125,-0.3125,-0.302734375
23949,1.25,1.19140625,-0.25390625,-0.3125
23950,1.11328125,1.26953125,-0.29296875,-0.29296875
23951,1.34765625,1.142578125,-0.1953125,-0.380859375
23952,1.240234375,1.220703125,-0.361328125,-0.361328125
23953,1.162109375,1.123046875,-0.263671875,-0.234375
23954,1.181640625,1.15234375,-0.244140625,-0.09765625
23955,1.181640625,1.240234375,-0.322265625,-0.283203125
23956,1.25,1.083984375,-0.1953125,-0.25390625
23957,1.298828125,1.171875,-0.2734375,-0.244140625
23958,1.044921875,1.40625,-0.17578125,-0.283203125
23959,1.201171875,1.298828125,-0.283203125,-0.25390625
23960,1.23046875,1.171875,-0.244140625,-0.302734375
23961,1.220703125,1.23046875,-0.15625,-0.3125
23962,1.2109375,1.240234375,-0.244140625,-0.380859375
23963,1.220703125,1.15234375,-0.224609375,-0.33203125
23964,1.181640625,1.26953125,-0.322265625,-0.1953125
23965,1.1328125,1.23046875,-0.205078125,-0.2734375
23966,1.103515625,1.162109375,-0.25390625,-0.283203125
23967,1.09375,1.25,-0.263671875,-0.390625
23968,1.2109375,1.259765625,-0.3125,-0.2734375
23969,1.220703125,1.15234375,-0.322265625,-0.224609375
23970,1.181640625,1.220703125,-0.33203125,-0.361328125
23971,1.19140625,1.142578125,-0.3125,-0.234375
23972,1.30859375,0.99609375,-0.234375,-0.205078125
23973,1.142578125,1.26953125,-0.263671875,-0.4296875
23974,1.1328125,1.181640625,-0.29296875,-0.2734375
23975,1.171875,1.171875,-0.29296875,-0.37109375
23976,1.240234375,1.171875,-0.283203125,-0.1171875
23977,1.181640625,1.1328125,-0.234375,-0.33203125
23978,1.23046875,1.162109375,-0.2734375,-0.244140625
23979,1.181640625,1.162109375,-0.322265625,-0.302734375
23980,1.23046875,1.171875,-0.166015625,-0.302734375
23981,1.2109375,1.171875,-0.146484375,-0.283203125
23982,1.181640625,1.259765625,-0.17578125,-0.33203125
23983,1.30859375,1.15234375,-0.21484375,-0.322265625
23984,1.220703125,1.259765625,-0.283203125,-0.29296875
23985,1.23046875,1.2890625,-0.126953125,-0.244140625
23986,1.328125,1.2890625,-0.185546875,-0.234375
23987,1.19140625,1.201171875,-0.21484375,-0.224609375
23988,1.23046875,1.2109375,-0.283203125,-0.25390625
23989,1.25,1.279296875,-0.166015625,-0.2734375
23990,1.298828125,1.201171875,-0.29296875,-0.234375
23991,1.23046875,1.2890625,-0.15625,-0.302734375
23992,1.26953125,1.279296875,-0.33203125,-0.263671875
23993,1.25,1.279296875,-0.126953125,-0.283203125
23994,1.298828125,1.2890625,-0.33203125,-0.1953125
23995,1.328125,1.2890625,-0.09765625,-0.25390625
23996,1.30859375,1.3671875,-0.17578125,-0.322265625
23997,1.26953125,1.19140625,-0.29296875,-0.244140625
23998,1.298828125,1.064453125,-0.244140625,-0.341796875
23999,1.34765625,1.23046875,-0.1953125,-0.3125
24000,1.240234375,1.171875,-0.3125,-0.322265625
24001,1.318359375,1.181640625,-0.3125,-0.263671875
24002,1.328125,1.220703125,-0.263671875,-0.3125
24003,1.34765625,1.220703125,-0.29296875,-0.15625
24004,1.298828125,1.181640625,-0.2734375,-0.2734375
24005,1.279296875,1.25,-0.302734375,-0.3515625
24006,1.23046875,1.298828125,-0.244140625,-0.205078125
24007,1.25,1.25,-0.2734375,-0.41015625
24008,1.328125,1.38671875,-0.46875,-0.419921875
24009,1.26953125,1.201171875,-0.361328125,-0.3515625
24010,1.30859375,1.220703125,-0.234375,-0.3125
24011,1.240234375,1.46484375,-0.234375,-0.3125
24012,1.0546875,1.19140625,-0.33203125,-0.48828125
24013,1.23046875,0.95703125,-0.283203125,-0.29296875
24014,1.15234375,1.220703125,-0.205078125,-0.341796875
24015,1.26953125,1.259765625,-0.302734375,-0.283203125
24016,1.240234375,1.337890625,-0.244140625,-0.341796875
24017,1.23046875,1.34765625,-0.263671875,-0.283203125
24018,1.396484375,1.201171875,-0.15625,-0.322265625
24019,1.279296875,1.298828125,-0.21484375,-0.322265625
24020,1.259765625,1.15234375,-0.244140625,-0.302734375
24021,1.25,1.26953125,-0.205078125,-0.361328125
24022,1.298828125,1.220703125,-0.068359375,-0.439453125
24023,1.30859375,1.279296875,-0.302734375,-0.458984375
24024,1.337890625,1.240234375,-0.283203125,-0.3515625
24025,1.376953125,1.357421875,-0.25390625,-0.29296875
24026,1.376953125,1.15234375,-0.1953125,-0.400390625
24027,1.357421875,1.2109375,-0.17578125,-0.2734375
24028,1.318359375,1.171875,-0.224609375,-0.341796875
24029,1.38671875,1.220703125,-0.2734375,-0.33203125
24030,1.220703125,1.240234375,-0.224609375,-0.3125
24031,1.357421875,1.15234375,-0.21484375,-0.33203125
24032,1.3671875,1.15234375,-0.341796875,-0.29296875
24033,1.2890625,1.26953125,-0.17578125,-0.546875
24034,1.30859375,1.259765625,-0.263671875,-0.341796875
24035,1.34765625,1.25,-0.107421875,-0.37109375
24036,1.328125,1.259765625,-0.205078125,-0.205078125
24037,1.240234375,1.23046875,-0.17578125,-0.41015625
24038,1.2109375,1.19140625,-0.17578125,-0.263671875
24039,1.30859375,1.181640625,-0.166015625,-0.234375
24040,1.19140625,1.181640625,-0.205078125,-0.3515625
24041,1.26953125,1.220703125,-0.283203125,-0.380859375
24042,1.181640625,1.25,-0.3125,-0.087890625
24043,1.30859375,1.09375,-0.302734375,-0.2734375
24044,1.318359375,1.162109375,-0.224609375,-0.37109375
24045,1.26953125,1.19140625,-0.3125,-0.419921875
24046,1.26953125,1.220703125,-0.341796875,-0.44921875
24047,1.30859375,1.2109375,-0.126953125,-0.380859375
24048,1.2890625,1.19140625,-0.244140625,-0.322265625
24049,1.103515625,1.19140625,-0.283203125,-0.37109375
24050,1.23046875,1.23046875,-0.2734375,-0.400390625
24051,1.25,1.25,-0.166015625,-0.400390625
24052,1.201171875,1.123046875,-0.33203125,-0.33203125
24053,1.34765625,1.064453125,-0.3125,-0.458984375
24054,1.25,1.19140625,-0.205078125,-0.322265625
24055,1.103515625,1.09375,-0.1953125,-0.41015625
24056,1.259765625,1.2109375,-0.341796875,-0.380859375
24057,1.240234375,1.103515625,-0.322265625,-0.322265625
24058,1.162109375,1.11328125,-0.341796875,-0.2734375
24059,1.171875,1.1328125,-0.234375,-0.361328125
24060,1.171875,0.9765625,-0.1953125,-0.29296875
24061,1.298828125,1.142578125,-0.205078125,-0.3125
24062,1.07421875,1.19140625,-0.17578125,-0.3515625
24063,1.201171875,1.11328125,-0.322265625,-0.3515625
24064,1.318359375,1.09375,-0.17578125,-0.380859375
24065,1.25,1.142578125,-0.2734375,-0.4296875
24066,1.279296875,1.123046875,-0.244140625,-0.341796875
24067,1.220703125,1.162109375,-0.166015625,-0.556640625
24068,1.23046875,1.171875,-0.3125,-0.380859375
24069,1.318359375,1.328125,-0.244140625,-0.390625
24070,1.26953125,1.220703125,-0.205078125,-0.283203125
24071,1.201171875,1.220703125,-0.2734375,-0.25390625
24072,1.279296875,1.162109375,-0.3515625,-0.3515625
24073,1.298828125,1.171875,-0.2734375,-0.390625
24074,1.26953125,1.11328125,-0.166015625,-0.380859375
24075,1.240234375,1.416015625,-0.2734375,-0.33203125
24076,1.259765625,1.181640625,-0.263671875,-0.5859375
24077,1.2890625,1.19140625,-0.234375,-0.380859375
24078,1.220703125,1.240234375,-0.2734375,-0.390625
24079,1.240234375,1.19140625,-0.283203125,-0.41015625
24080,1.25,1.181640625,-0.244140625,-0.33203125
24081,1.201171875,1.201171875,-0.439453125,-0.37109375
24082,1.19140625,1.240234375,-0.205078125,-0.33203125
24083,1.171875,1.171875,-0.2734375,-0.25390625
24084,1.162109375,1.162109375,-0.205078125,-0.25390625
24085,1.19140625,1.181640625,-0.205078125,-0.361328125
24086,1.103515625,1.064453125,-0.048828125,-0.37109375
24087,1.23046875,1.181640625,-0.1171875,-0.44921875
24088,1.15234375,1.162109375,-0.17578125,-0.322265625
24089,1.1328125,1.318359375,-0.283203125,-0.17578125
24090,1.162109375,1.201171875,-0.13671875,-0.37109375
24091,1.19140625,1.2109375,-0.1953125,-0.244140625
24092,1.25,1.123046875,-0.21484375,-0.361328125
24093,1.279296875,1.19140625,-0.087890625,-0.361328125
24094,1.25,1.162109375,-0.1171875,-0.3515625
24095,1.181640625,1.1328125,-0.234375,-0.224609375
24096,1.259765625,1.07421875,-0.21484375,-0.29296875
24097,1.240234375,1.1328125,-0.400390625,-0.244140625
24098,1.318359375,1.19140625,-0.3125,-0.3125
24099,1.240234375,1.181640625,-0.283203125,-0.322265625
24100,1.220703125,1.162109375,-0.2734375,-0.302734375
24101,1.2890625,1.1328125,-0.322265625,-0.25390625
24102,1.26953125,1.07421875,-0.263671875,-0.302734375
24103,1.25,1.162109375,-0.302734375,-0.3125
24104,1.2109375,1.07421875,-0.244140625,-0.458984375
24105,1.23046875,1.11328125,-0.185546875,-0.361328125
24106,1.123046875,1.1328125,-0.29296875,-0.41015625
24107,1.09375,1.15234375,-0.283203125,-0.33203125
24108,1.240234375,1.11328125,-0.478515625,-0.380859375
24109,1.298828125,1.064453125,-0.400390625,-0.205078125
24110,1.2890625,1.123046875,-0.15625,-0.41015625
24111,1.2109375,0.95703125,-0.166015625,-0.302734375
24112,1.240234375,1.064453125,-0.263671875,-0.400390625
24113,1.2109375,1.064453125,-0.25390625,-0.302734375
24114,1.240234375,0.986328125,-0.17578125,-0.419921875
24115,1.25,1.103515625,-0.263671875,-0.341796875
24116,1.38671875,1.11328125,-0.107421875,-0.1953125
24117,1.220703125,1.083984375,-0.283203125,-0.3125
24118,1.220703125,1.103515625,-0.21484375,-0.458984375
24119,1.23046875,1.123046875,-0.29296875,-0.400390625
24120,1.259765625,1.25,-0.205078125,-0.2734375
24121,1.26953125,1.171875,-0.185546875,-0.302734375
24122,1.318359375,1.181640625,-0.17578125,-0.322265625
24123,1.259765625,1.103515625,-0.185546875,-0.37109375
24124,1.328125,1.005859375,-0.087890625,-0.3125
24125,1.2109375,1.03515625,-0.21484375,-0.234375
24126,1.26953125,1.103515625,-0.21484375,-0.3515625
24127,1.2890625,0.99609375,-0.205078125,-0.29296875
24128,1.279296875,1.09375,-0.29296875,-0.322265625
24129,1.19140625,1.005859375,-0.234375,-0.283203125
24130,1.220703125,0.95703125,-0.2734375,-0.341796875
24131,1.25,1.044921875,-0.1953125,-0.41015625
24132,1.23046875,1.103515625,-0.224609375,-0.3125
24133,1.25,1.123046875,-0.263671875,-0.322265625
24134,1.318359375,1.005859375,-0.1953125,-0.33203125
24135,1.259765625,1.03515625,-0.1953125,-0.322265625
24136,1.240234375,0.947265625,-0.263671875,-0.322265625
24137,1.123046875,1.171875,-0.205078125,-0.3515625
24138,1.09375,1.005859375,-0.283203125,-0.322265625
24139,1.2109375,1.044921875,-0.224609375,-0.302734375
24140,1.220703125,1.09375,-0.302734375,-0.48828125
24141,1.23046875,1.09375,-0.2734375,-0.2734375
24142,1.23046875,1.142578125,-0.17578125,-0.322265625
24143,1.005859375,1.103515625,-0.21484375,-0.46875
24144,1.259765625,1.15234375,-0.21484375,-0.44921875
24145,1.220703125,1.07421875,-0.2734375,-0.322265625
24146,1.23046875,1.07421875,-0.244140625,-0.25390625
24147,1.2109375,0.986328125,-0.25390625,-0.322265625
24148,1.25,0.91796875,-0.21484375,-0.302734375
24149,1.201171875,1.103515625,-0.263671875,-0.224609375
24150,1.25,1.103515625,-0.29296875,-0.3515625
24151,1.298828125,1.07421875,-0.302734375,-0.205078125
24152,1.220703125,0.99609375,-0.263671875,-0.234375
24153,1.26953125,1.0546875,-0.205078125,-0.244140625
24154,1.279296875,1.03515625,-0.1953125,-0.3125
24155,1.240234375,1.025390625,-0.302734375,-0.3125
24156,1.201171875,1.015625,-0.3125,-0.29296875
24157,1.23046875,1.103515625,-0.1171875,-0.283203125
24158,1.30859375,1.015625,-0.21484375,-0.25390625
24159,1.2890625,1.03515625,-0.224609375,-0.205078125
24160,1.26953125,1.044921875,-0.205078125,-0.341796875
24161,1.337890625,1.0546875,-0.146484375,-0.087890625
24162,1.357421875,1.03515625,-0.185546875,-0.322265625
24163,1.142578125,0.947265625,-0.302734375,-0.322265625
24164,1.318359375,0.99609375,-0.234375,-0.224609375
24165,1.162109375,1.03515625,-0.185546875,-0.263671875
24166,1.201171875,1.201171875,-0.21484375,-0.224609375
24167,1.2890625,0.99609375,-0.05859375,-0.390625
24168,1.142578125,1.03515625,-0.146484375,-0.4296875
24169,1.181640625,1.07421875,-0.3125,-0.21484375
24170,1.201171875,1.0546875,-0.166015625,-0.1953125
24171,1.23046875,1.103515625,-0.244140625,-0.341796875
24172,1.201171875,1.044921875,-0.224609375,-0.341796875
24173,1.201171875,1.07421875,-0.263671875,-0.25390625
24174,1.259765625,1.083984375,-0.21484375,-0.33203125
24175,1.240234375,1.025390625,-0.244140625,-0.390625
24176,1.26953125,1.07421875,-0.107421875,-0.33203125
24177,1.34765625,1.025390625,-0.25390625,-0.29296875
24178,1.240234375,1.064453125,-0.25390625,-0.341796875
24179,1.23046875,1.171875,-0.322265625,-0.419921875
24180,1.240234375,1.015625,-0.25390625,-0.478515625
24181,1.259765625,1.07421875,-0.146484375,-0.3125
24182,1.220703125,1.0546875,-0.1171875,-0.390625
24183,1.318359375,1.103515625,-0.185546875,-0.400390625
24184,1.240234375,0.927734375,-0.390625,-0.33203125
24185,1.34765625,1.015625,-0.302734375,-0.341796875
24186,1.23046875,1.025390625,-0.244140625,-0.25390625
24187,1.279296875,1.123046875,-0.302734375,-0.29296875
24188,1.162109375,1.142578125,-0.380859375,-0.322265625
24189,1.123046875,0.99609375,-0.224609375,-0.390625
24190,1.11328125,1.064453125,-0.1171875,-0.302734375
24191,1.162109375,1.064453125,-0.25390625,-0.234375
24192,1.279296875,1.103515625,-0.322265625,-0.25390625
24193,1.279296875,1.123046875,-0.166015625,-0.25390625
24194,1.11328125,1.07421875,-0.13671875,-0.29296875
24195,1.142578125,1.07421875,-0.205078125,-0.263671875
24196,1.279296875,1.0546875,-0.224609375,-0.2734375
24197,1.142578125,1.23046875,-0.283203125,-0.25390625
24198,1.11328125,1.09375,-0.244140625,-0.3125
24199,1.19140625,1.083984375,-0.166015625,-0.166015625
24200,1.201171875,1.11328125,-0.1953125,-0.224609375
24201,1.181640625,1.03515625,-0.25390625,-0.322265625
24202,1.279296875,0.869140625,-0.244140625,-0.25390625
24203,1.23046875,1.0546875,-0.283203125,-0.234375
24204,1.23046875,1.064453125,-0.1953125,-0.29296875
24205,1.171875,1.03515625,-0.302734375,-0.29296875
24206,1.220703125,1.064453125,-0.21484375,-0.1953125
24207,1.357421875,1.07421875,-0.205078125,-0.322265625
24208,1.19140625,1.03515625,-0.21484375,-0.44921875
24209,1.279296875,1.15234375,-0.1953125,-0.21484375
24210,1.298828125,1.123046875,-0.224609375,-0.458984375
24211,1.201171875,0.91796875,-0.302734375,-0.302734375
24212,1.240234375,0.966796875,-0.234375,-0.2734375
24213,1.26953125,1.103515625,-0.205078125,-0.390625
24214,1.26953125,1.09375,-0.21484375,-0.29296875
24215,1.2109375,1.07421875,-0.09765625,-0.29296875
24216,1.416015625,1.015625,-0.17578125,-0.400390625
24217,1.2890625,1.171875,-0.146484375,-0.33203125
24218,1.259765625,1.015625,-0.1953125,-0.322265625
24219,1.318359375,1.044921875,-0.244140625,-0.1953125
24220,1.181640625,1.162109375,-0.234375,-0.361328125
24221,1.25,1.11328125,-0.15625,-0.302734375
24222,1.181640625,1.005859375,-0.3125,-0.234375
24223,1.220703125,1.015625,-0.29296875,-0.21484375
24224,1.26953125,0.91796875,-0.2734375,-0.224609375
24225,1.11328125,1.09375,-0.25390625,-0.29296875
24226,1.357421875,1.025390625,-0.21484375,-0.21484375
24227,1.279296875,1.07421875,-0.234375,-0.29296875
24228,1.142578125,1.103515625,-0.17578125,-0.244140625
24229,1.181640625,1.07421875,-0.29296875,-0.263671875
24230,1.220703125,1.064453125,-0.3125,-0.302734375
24231,1.15234375,1.03515625,-0.166015625,-0.166015625
24232,1.220703125,0.947265625,-0.205078125,-0.322265625
24233,1.23046875,1.07421875,-0.2734375,-0.244140625
24234,1.30859375,1.123046875,-0.283203125,-0.3515625
24235,1.259765625,1.015625,-0.29296875,-0.13671875
24236,1.201171875,1.083984375,-0.244140625,-0.33203125
24237,1.181640625,1.07421875,-0.1953125,-0.15625
24238,1.201171875,1.07421875,-0.185546875,-0.234375
24239,1.220703125,1.005859375,-0.21484375,-0.263671875
24240,1.103515625,1.318359375,-0.107421875,-0.234375
24241,1.23046875,1.142578125,-0.126953125,-0.33203125
24242,1.2890625,1.064453125,-0.146484375,-0.166015625
24243,1.2109375,0.9765625,-0.17578125,-0.263671875
24244,1.1328125,1.171875,-0.166015625,-0.29296875
24245,1.11328125,1.025390625,-0.2734375,-0.13671875
24246,1.25,0.9765625,-0.205078125,-0.3515625
24247,1.11328125,1.1328125,-0.244140625,-0.224609375
24248,1.201171875,1.09375,-0.15625,-0.234375
24249,1.171875,1.03515625,-0.244140625,-0.322265625
24250,1.220703125,0.9765625,-0.2734375,-0.21484375
24251,1.279296875,1.025390625,-0.224609375,-0.322265625
24252,1.201171875,1.15234375,-0.25390625,-0.244140625
24253,1.1328125,1.025390625,-0.15625,-0.205078125
24254,1.220703125,1.123046875,-0.3125,-0.283203125
24255,1.171875,1.1328125,-0.17578125,-0.2734375
24256,1.064453125,1.103515625,-0.21484375,-0.390625
24257,1.103515625,0.986328125,-0.3125,-0.205078125
24258,1.2109375,1.03515625,-0.224609375,-0.21484375
24259,1.26953125,0.966796875,-0.283203125,-0.068359375
24260,1.19140625,1.181640625,-0.263671875,-0.234375
24261,1.220703125,1.015625,-0.205078125,-0.205078125
24262,1.298828125,1.083984375,-0.234375,-0.1171875
24263,1.19140625,1.083984375,-0.341796875,-0.205078125
24264,1.259765625,1.005859375,-0.263671875,-0.21484375
24265,1.11328125,1.103515625,-0.263671875,-0.33203125
24266,1.171875,1.103515625,-0.283203125,-0.322265625
24267,1.181640625,1.083984375,-0.21484375,-0.2734375
24268,1.318359375,1.103515625,-0.263671875,-0.48828125
24269,1.181640625,1.064453125,-0.2734375,-0.185546875
24270,1.171875,1.083984375,-0.25390625,-0.2734375
24271,1.15234375,1.11328125,-0.205078125,-0.25390625
24272,1.1328125,1.03515625,-0.283203125,-0.400390625
24273,1.23046875,1.0546875,-0.283203125,-0.15625
24274,1.162109375,1.083984375,-0.25390625,-0.263671875
24275,1.19140625,1.083984375,-0.21484375,-0.205078125
24276,1.201171875,1.0546875,-0.21484375,-0.224609375
24277,1.201171875,1.103515625,-0.3125,-0.322265625
24278,1.279296875,1.083984375,-0.283203125,-0.205078125
24279,1.26953125,1.123046875,-0.2734375,-0.21484375
24280,1.171875,1.09375,-0.166015625,-0.419921875
24281,1.259765625,1.11328125,-0.17578125,-0.21484375
24282,1.201171875,1.1328125,-0.263671875,-0.3125
24283,1.181640625,1.09375,-0.17578125,-0.21484375
24284,1.23046875,1.1328125,-0.3125,-0.205078125
24285,1.142578125,1.044921875,-0.13671875,-0.21484375
24286,1.25,1.09375,-0.15625,-0.205078125
24287,1.201171875,1.11328125,-0.263671875,-0.205078125
24288,1.2109375,0.8984375,-0.25390625,-0.263671875
24289,1.34765625,1.09375,-0.21484375,-0.25390625
24290,1.162109375,1.19140625,-0.21484375,-0.3515625
24291,1.259765625,1.1328125,-0.25390625,-0.244140625
24292,1.201171875,1.142578125,-0.234375,-0.29296875
24293,1.201171875,1.083984375,-0.107421875,-0.205078125
24294,1.240234375,1.162109375,-0.13671875,-0.263671875
24295,1.19140625,1.142578125,-0.263671875,-0.224609375
24296,1.2890625,1.19140625,-0.13671875,-0.244140625
24297,1.220703125,1.337890625,-0.224609375,-0.185546875
24298,1.26953125,1.171875,-0.234375,-0.2734375
24299,1.15234375,1.162109375,-0.263671875,-0.21484375
24300,1.103515625,1.2109375,-0.1953125,-0.244140625
24301,1.15234375,1.201171875,-0.37109375,-0.322265625
24302,1.23046875,1.15234375,-0.234375,-0.283203125
24303,1.025390625,1.1328125,-0.234375,-0.3125
24304,1.181640625,1.3671875,-0.1953125,-0.2734375
24305,1.15234375,1.1328125,-0.15625,-0.302734375
24306,1.26953125,1.103515625,-0.224609375,-0.13671875
24307,1.1328125,1.1328125,-0.21484375,-0.419921875
24308,1.142578125,1.181640625,-0.1171875,-0.302734375
24309,1.1328125,1.09375,-0.37109375,-0.166015625
24310,1.11328125,1.171875,-0.146484375,-0.224609375
24311,1.0546875,1.123046875,-0.146484375,-0.3515625
24312,1.123046875,1.064453125,-0.21484375,-0.15625
24313,1.2109375,1.201171875,-0.205078125,-0.2734375
24314,1.162109375,1.1328125,-0.1953125,-0.2734375
24315,1.171875,0.99609375,-0.263671875,-0.21484375
24316,1.23046875,1.083984375,-0.205078125,-0.1953125
24317,1.181640625,1.19140625,-0.25390625,-0.126953125
24318,1.25,1.201171875,-0.1953125,-0.234375
24319,1.171875,1.220703125,-0.205078125,-0.283203125
24320,1.298828125,1.15234375,-0.21484375,-0.078125
24321,1.2109375,1.1328125,-0.21484375,-0.283203125
24322,1.23046875,1.044921875,-0.21484375,-0.205078125
24323,1.25,1.240234375,-0.166015625,-0.224609375
24324,1.142578125,1.298828125,-0.15625,-0.25390625
24325,1.23046875,1.1328125,-0.146484375,-0.25390625
24326,1.19140625,1.201171875,-0.09765625,-0.302734375
24327,1.171875,1.181640625,-0.126953125,-0.234375
24328,1.220703125,1.30859375,-0.185546875,-0.244140625
24329,1.123046875,1.19140625,-0.25390625,-0.29296875
24330,1.30859375,1.26953125,-0.107421875,-0.244140625
24331,1.201171875,1.201171875,-0.263671875,-0.25390625
24332,1.19140625,1.123046875,-0.146484375,-0.09765625
24333,1.201171875,1.11328125,-0.25390625,-0.25390625
24334,1.23046875,1.181640625,-0.13671875,-0.244140625
24335,1.15234375,1.181640625,-0.234375,-0.17578125
24336,1.337890625,1.162109375,-0.244140625,-0.341796875
24337,1.181640625,1.376953125,-0.15625,-0.21484375
24338,1.15234375,1.162109375,-0.3125,-0.166015625
24339,1.26953125,1.1328125,-0.21484375,-0.17578125
24340,1.19140625,1.11328125,-0.244140625,-0.283203125
24341,1.279296875,1.23046875,-0.25390625,-0.166015625
24342,1.064453125,1.181640625,-0.107421875,-0.1171875
24343,1.23046875,1.11328125,-0.244140625,-0.17578125
24344,1.328125,1.15234375,-0.048828125,-0.33203125
24345,1.240234375,1.26953125,-0.17578125,-0.25390625
24346,1.23046875,1.1328125,-0.205078125,-0.224609375
24347,1.19140625,1.19140625,-0.185546875,-0.29296875
24348,1.201171875,1.11328125,-0.146484375,-0.126953125
24349,1.259765625,1.19140625,-0.078125,-0.3125
24350,1.220703125,1.103515625,-0.17578125,-0.302734375
24351,1.201171875,1.279296875,-0.25390625,-0.244140625
24352,1.23046875,1.171875,-0.087890625,-0.185546875
24353,1.220703125,1.171875,-0.17578125,-0.263671875
24354,1.19140625,1.259765625,-0.15625,-0.380859375
24355,1.23046875,1.142578125,-0.15625,-0.244140625
24356,1.11328125,1.15234375,-0.1953125,-0.107421875
24357,1.2109375,1.181640625,-0.087890625,-0.234375
24358,1.279296875,1.123046875,-0.234375,-0.1953125
24359,1.259765625,1.2109375,-0.21484375,-0.15625
24360,1.337890625,1.171875,-0.087890625,-0.205078125
24361,1.11328125,1.162109375,-0.205078125,-0.25390625
24362,1.259765625,1.162109375,-0.341796875,-0.224609375
24363,1.23046875,1.19140625,-0.25390625,-0.244140625
24364,1.2109375,1.005859375,-0.3515625,-0.25390625
24365,1.181640625,1.279296875,-0.21484375,-0.205078125
24366,1.2890625,1.15234375,-0.1171875,-0.283203125
24367,1.220703125,1.25,-0.029296875,-0.263671875
24368,1.2109375,1.181640625,-0.439453125,-0.322265625
24369,1.279296875,1.2109375,-0.234375,-0.234375
24370,1.279296875,1.25,-0.400390625,-0.17578125
24371,1.26953125,1.1328125,-0.29296875,-0.185546875
24372,1.298828125,1.171875,-0.185546875,-0.234375
24373,1.15234375,1.07421875,-0.25390625,-0.29296875
24374,1.142578125,1.357421875,-0.283203125,-0.283203125
24375,1.2890625,1.181640625,-0.37109375,-0.419921875
24376,1.220703125,0.91796875,-0.302734375,-0.263671875
24377,1.240234375,1.34765625,-0.322265625,-0.25390625
24378,1.240234375,1.171875,-0.244140625,-0.2734375
24379,1.328125,1.23046875,-0.29296875,-0.29296875
24380,1.181640625,1.171875,-0.224609375,-0.3125
24381,1.15234375,1.171875,-0.244140625,-0.41015625
24382,1.25,1.15234375,-0.283203125,-0.29296875
24383,1.30859375,1.279296875,-0.25390625,-0.283203125
24384,1.298828125,1.201171875,-0.302734375,-0.25390625
24385,1.2109375,1.123046875,-0.3125,-0.322265625
24386,1.19140625,1.142578125,-0.234375,-0.244140625
24387,1.201171875,1.201171875,-0.13671875,-0.322265625
24388,1.2109375,1.171875,-0.322265625,-0.21484375
24389,1.26953125,1.1328125,-0.1953125,-0.205078125
24390,1.2890625,1.2109375,-0.146484375,-0.13671875
24391,1.3671875,1.162109375,-0.29296875,-0.224609375
24392,1.220703125,1.23046875,-0.1953125,-0.25390625
24393,1.240234375,1.15234375,-0.234375,-0.205078125
24394,1.142578125,1.162109375,-0.322265625,-0.263671875
24395,1.19140625,1.07421875,-0.13671875,-0.2734375
24396,1.25,1.181640625,-0.17578125,-0.29296875
24397,1.279296875,1.2109375,-0.21484375,-0.244140625
24398,1.279296875,1.240234375,-0.263671875,-0.25390625
24399,1.181640625,1.259765625,-0.166015625,-0.302734375
24400,1.298828125,1.2109375,-0.205078125,-0.2734375
24401,1.25,1.123046875,-0.146484375,-0.3515625
24402,1.25,1.201171875,-0.341796875,-0.3125
24403,1.279296875,1.220703125,-0.224609375,-0.234375
24404,1.30859375,1.2109375,-0.322265625,-0.29296875
24405,1.25,1.2890625,-0.263671875,-0.2734375
24406,1.298828125,1.142578125,-0.302734375,-0.3125
24407,1.26953125,1.171875,-0.41015625,-0.341796875
24408,1.201171875,1.181640625,-0.13671875,-0.390625
24409,1.396484375,1.279296875,-0.244140625,-0.3125
24410,1.259765625,1.181640625,-0.2734375,-0.33203125
24411,1.259765625,1.201171875,-0.341796875,-0.2734375
24412,1.171875,1.23046875,-0.302734375,-0.263671875
24413,1.23046875,1.23046875,-0.244140625,-0.361328125
24414,1.220703125,1.2890625,-0.21484375,-0.25390625
24415,1.26953125,1.2109375,-0.205078125,-0.419921875
24416,1.220703125,1.181640625,-0.3125,-0.3125
24417,1.34765625,1.19140625,-0.263671875,-0.224609375
24418,1.318359375,1.19140625,-0.15625,-0.361328125
24419,1.259765625,1.181640625,-0.400390625,-0.322265625
24420,1.3671875,1.1328125,-0.33203125,-0.283203125
24421,1.201171875,1.2109375,-0.2734375,-0.29296875
24422,1.240234375,1.201171875,-0.205078125,-0.29296875
24423,1.2890625,1.11328125,-0.21484375,-0.322265625
24424,1.259765625,1.26953125,-0.302734375,-0.361328125
24425,1.337890625,1.2890625,-0.13671875,-0.361328125
24426,1.376953125,1.3671875,-0.224609375,-0.283203125
24427,1.2890625,1.259765625,-0.25390625,-0.361328125
24428,1.298828125,1.2109375,-0.21484375,-0.2734375
24429,1.318359375,1.220703125,-0.302734375,-0.322265625
24430,1.162109375,1.240234375,-0.33203125,-0.302734375
24431,1.376953125,1.240234375,-0.33203125,-0.283203125
24432,1.2890625,1.328125,-0.33203125,-0.302734375
24433,1.357421875,1.318359375,-0.29296875,-0.48828125
24434,1.2890625,1.34765625,-0.29296875,-0.3125
24435,1.23046875,1.171875,-0.283203125,-0.3515625
24436,1.25,1.259765625,-0.29296875,-0.400390625
24437,1.30859375,1.328125,-0.3515625,-0.322265625
24438,1.259765625,1.318359375,-0.21484375,-0.283203125
24439,1.19140625,1.298828125,-0.244140625,-0.126953125
24440,1.2890625,1.318359375,-0.263671875,-0.302734375
24441,1.19140625,1.376953125,-0.146484375,-0.322265625
24442,1.328125,1.328125,-0.37109375,-0.361328125
24443,1.181640625,1.201171875,-0.17578125,-0.234375
24444,1.2890625,1.279296875,-0.283203125,-0.322265625
24445,1.181640625,1.2109375,-0.234375,-0.302734375
24446,1.455078125,1.376953125,-0.1953125,-0.3125
24447,1.25,1.26953125,-0.224609375,-0.263671875
24448,1.357421875,1.240234375,-0.244140625,-0.33203125
24449,1.337890625,1.318359375,-0.234375,-0.29296875
24450,1.2109375,1.201171875,-0.13671875,-0.244140625
24451,1.30859375,1.279296875,-0.205078125,-0.361328125
24452,1.328125,1.201171875,-0.302734375,-0.4296875
24453,1.337890625,1.2109375,-0.15625,-0.41015625
24454,1.337890625,1.220703125,-0.224609375,-0.400390625
24455,1.25,1.376953125,-0.21484375,-0.302734375
24456,1.2890625,1.1328125,-0.2734375,-0.3125
24457,1.357421875,1.25,-0.21484375,-0.224609375
24458,1.396484375,1.2109375,-0.21484375,-0.419921875
24459,1.3671875,1.15234375,-0.21484375,-0.322265625
24460,1.34765625,1.2109375,-0.205078125,-0.390625
24461,1.23046875,1.2890625,-0.17578125,-0.302734375
24462,1.34765625,1.181640625,-0.126953125,-0.419921875
24463,1.337890625,1.2109375,-0.1953125,-0.341796875
24464,1.328125,1.240234375,-0.1953125,-0.400390625
24465,1.298828125,1.240234375,-0.263671875,-0.2734375
24466,1.318359375,1.171875,-0.21484375,-0.41015625
24467,1.337890625,1.181640625,-0.146484375,-0.234375
24468,1.26953125,1.015625,-0.21484375,-0.37109375
24469,1.19140625,1.181640625,-0.244140625,-0.263671875
24470,1.34765625,1.2890625,-0.234375,-0.29296875
24471,1.279296875,1.25,-0.33203125,-0.341796875
24472,1.25,1.23046875,-0.2734375,-0.46875
24473,1.240234375,1.162109375,-0.302734375,-0.41015625
24474,1.2890625,1.19140625,-0.244140625,-0.3125
24475,1.337890625,1.259765625,-0.33203125,-0.2734375
24476,1.318359375,1.240234375,-0.4296875,-0.2734375
24477,1.2890625,1.123046875,-0.263671875,-0.2734375
24478,1.318359375,1.19140625,-0.322265625,-0.3515625
24479,1.337890625,1.26953125,-0.41015625,-0.3515625
24480,1.279296875,1.171875,-0.400390625,-0.3125
24481,1.30859375,1.201171875,-0.21484375,-0.400390625
24482,1.220703125,1.19140625,-0.419921875,-0.537109375
24483,1.19140625,1.2109375,-0.283203125,-0.263671875
24484,1.259765625,1.07421875,-0.3125,-0.283203125
24485,1.318359375,1.2109375,-0.2734375,-0.224609375
24486,1.2109375,1.2109375,-0.234375,-0.33203125
24487,1.142578125,1.2109375,-0.2734375,-0.390625
24488,1.23046875,1.15234375,-0.263671875,-0.3125
24489,1.279296875,1.2109375,-0.087890625,-0.3515625
24490,1.201171875,1.142578125,-0.29296875,-0.361328125
24491,1.162109375,1.142578125,-0.263671875,-0.46875
24492,1.23046875,1.2109375,-0.2734375,-0.380859375
24493,1.279296875,1.123046875,-0.1953125,-0.302734375
24494,1.23046875,1.201171875,-0.302734375,-0.341796875
24495,1.171875,1.162109375,-0.1953125,-0.3125
24496,1.259765625,1.220703125,-0.322265625,-0.3515625
24497,1.30859375,1.2109375,-0.2734375,-0.390625
24498,1.298828125,1.064453125,-0.302734375,-0.2734375
24499,1.298828125,1.259765625,-0.244140625,-0.3515625
24500,1.1328125,1.201171875,-0.361328125,-0.3515625
24501,1.162109375,1.240234375,-0.322265625,-0.390625
24502,1.19140625,1.279296875,-0.21484375,-0.341796875
24503,1.23046875,1.240234375,-0.341796875,-0.52734375
24504,1.162109375,1.279296875,-0.33203125,-0.361328125
24505,1.19140625,1.23046875,-0.29296875,-0.33203125
24506,1.240234375,1.220703125,-0.283203125,-0.380859375
24507,1.201171875,1.220703125,-0.302734375,-0.44921875
24508,1.2109375,1.181640625,-0.322265625,-0.361328125
24509,1.103515625,1.2109375,-0.25390625,-0.390625
24510,1.298828125,1.259765625,-0.224609375,-0.361328125
24511,1.2109375,1.26953125,-0.205078125,-0.3515625
24512,1.15234375,1.201171875,-0.283203125,-0.400390625
24513,1.201171875,1.2890625,-0.21484375,-0.400390625
24514,1.220703125,1.220703125,-0.21484375,-0.322265625
24515,1.181640625,1.15234375,-0.126953125,-0.3125
24516,1.171875,1.2109375,-0.224609375,-0.322265625
24517,1.19140625,1.03515625,-0.078125,-0.29296875
24518,1.25,1.162109375,-0.17578125,-0.517578125
24519,1.162109375,1.25,-0.25390625,-0.380859375
24520,1.23046875,1.23046875,-0.17578125,-0.37109375
24521,1.259765625,1.25,-0.25390625,-0.3125
24522,1.0546875,1.162109375,-0.1953125,-0.3515625
24523,1.318359375,1.171875,-0.2734375,-0.361328125
24524,1.298828125,1.201171875,-0.166015625,-0.2734375
24525,1.318359375,1.2109375,-0.3125,-0.419921875
24526,1.2890625,1.142578125,-0.107421875,-0.37109375
24527,1.19140625,1.142578125,-0.29296875,-0.380859375
24528,1.19140625,1.220703125,-0.2734375,-0.3515625
24529,1.220703125,1.11328125,-0.3515625,-0.302734375
24530,1.240234375,1.025390625,-0.283203125,-0.400390625
24531,1.259765625,1.220703125,-0.2734375,-0.380859375
24532,1.26953125,0.95703125,-0.341796875,-0.4296875
24533,1.171875,1.1328125,-0.4296875,-0.1953125
24534,1.279296875,1.15234375,-0.29296875,-0.33203125
24535,1.220703125,1.11328125,-0.263671875,-0.361328125
24536,1.181640625,1.201171875,-0.25390625,-0.478515625
24537,1.2109375,1.083984375,-0.33203125,-0.41015625
24538,1.23046875,1.064453125,-0.13671875,-0.2734375
24539,1.2109375,1.025390625,-0.25390625,-0.400390625
24540,1.23046875,1.07421875,-0.25390625,-0.3515625
24541,1.416015625,1.279296875,-0.205078125,-0.322265625
24542,1.328125,1.2109375,-0.302734375,-0.41015625
24543,1.220703125,1.07421875,-0.1953125,-0.33203125
24544,1.259765625,1.123046875,-0.1171875,-0.390625
24545,1.298828125,0.9765625,-0.224609375,-0.380859375
24546,1.162109375,1.0546875,-0.33203125,-0.3515625
24547,1.298828125,1.171875,-0.224609375,-0.2734375
24548,1.23046875,1.171875,-0.205078125,-0.2734375
24549,1.279296875,1.11328125,-0.166015625,-0.380859375
24550,1.318359375,0.947265625,-0.17578125,-0.37109375
24551,1.220703125,1.09375,-0.234375,-0.37109375
24552,1.220703125,1.1328125,-0.205078125,-0.361328125
24553,1.19140625,1.0546875,-0.234375,-0.3125
24554,1.240234375,0.99609375,-0.205078125,-0.341796875
24555,1.318359375,1.07421875,-0.09765625,-0.234375
24556,1.2109375,1.07421875,-0.107421875,-0.3515625
24557,1.2890625,1.015625,-0.25390625,-0.361328125
24558,1.103515625,1.03515625,-0.25390625,-0.322265625
24559,1.201171875,0.966796875,-0.263671875,-0.361328125
24560,1.298828125,1.142578125,-0.17578125,-0.263671875
24561,1.220703125,1.0546875,-0.263671875,-0.390625
24562,1.259765625,0.95703125,-0.3125,-0.302734375
24563,1.220703125,1.123046875,-0.244140625,-0.302734375
24564,1.240234375,1.044921875,-0.21484375,-0.322265625
24565,1.1328125,1.005859375,-0.21484375,-0.400390625
24566,1.220703125,1.064453125,-0.244140625,-0.263671875
24567,1.123046875,1.005859375,-0.205078125,-0.302734375
24568,1.1328125,1.0546875,-0.205078125,-0.283203125
24569,1.279296875,1.0546875,-0.29296875,-0.234375
24570,1.19140625,1.083984375,-0.234375,-0.244140625
24571,1.181640625,1.083984375,-0.166015625,-0.419921875
24572,1.181640625,1.19140625,-0.185546875,-0.205078125
24573,1.181640625,1.0546875,-0.224609375,-0.17578125
24574,1.357421875,1.0546875,-0.41015625,-0.33203125
24575,1.162109375,1.025390625,-0.205078125,-0.2734375
24576,1.2109375,1.005859375,-0.185546875,-0.341796875
24577,1.30859375,1.162109375,-0.234375,-0.283203125
24578,1.259765625,1.03515625,-0.166015625,-0.3125
24579,1.328125,1.03515625,-0.3125,-0.1953125
24580,1.259765625,1.103515625,-0.263671875,-0.322265625
24581,1.26953125,1.03515625,-0.1953125,-0.390625
24582,1.259765625,1.07421875,-0.205078125,-0.390625
24583,1.259765625,1.0546875,-0.263671875,-0.361328125
24584,1.279296875,1.11328125,-0.15625,-0.263671875
24585,1.298828125,1.103515625,-0.25390625,-0.517578125
24586,1.318359375,1.025390625,-0.224609375,-0.341796875
24587,1.19140625,0.966796875,-0.185546875,-0.244140625
24588,1.240234375,1.005859375,-0.1171875,-0.419921875
24589,1.19140625,1.025390625,-0.205078125,-0.302734375
24590,1.25,1.162109375,-0.2734375,-0.25390625
24591,1.220703125,1.025390625,-0.283203125,-0.205078125
24592,1.279296875,0.986328125,-0.146484375,-0.1953125
24593,1.171875,0.986328125,-0.21484375,-0.205078125
24594,1.19140625,1.025390625,-0.25390625,-0.3125
24595,1.181640625,1.044921875,-0.3125,-0.390625
24596,1.25,0.8984375,-0.380859375,-0.29296875
24597,1.162109375,1.025390625,-0.185546875,-0.25390625
24598,1.25,1.083984375,-0.29296875,-0.390625
24599,1.259765625,1.142578125,-0.1171875,-0.283203125
24600,1.15234375,0.9375,-0.13671875,-0.234375
24601,1.11328125,0.99609375,-0.21484375,-0.17578125
24602,1.181640625,1.1328125,-0.234375,-0.33203125
24603,1.259765625,1.044921875,-0.263671875,-0.3515625
24604,1.1328125,1.0546875,-0.15625,-0.615234375
24605,1.19140625,0.830078125,-0.13671875,-0.263671875
24606,1.181640625,1.07421875,-0.283203125,-0.185546875
24607,1.259765625,1.083984375,-0.341796875,-0.3515625
24608,1.162109375,1.1328125,-0.224609375,-0.33203125
24609,1.298828125,0.986328125,-0.224609375,-0.25390625
24610,1.171875,1.0546875,-0.283203125,-0.302734375
24611,1.240234375,1.103515625,-0.25390625,-0.33203125
24612,1.23046875,1.044921875,-0.224609375,-0.302734375
24613,1.279296875,0.95703125,-0.302734375,-0.09765625
24614,1.201171875,1.162109375,-0.29296875,-0.390625
24615,1.25,1.123046875,-0.17578125,-0.224609375
24616,1.337890625,0.95703125,-0.283203125,-0.29296875
24617,1.103515625,1.03515625,-0.322265625,-0.3125
24618,1.220703125,1.0546875,-0.205078125,-0.29296875
24619,1.23046875,1.044921875,-0.2734375,-0.263671875
24620,1.220703125,1.0546875,-0.29296875,-0.263671875
24621,1.123046875,1.03515625,-0.322265625,-0.263671875
24622,1.015625,0.986328125,-0.33203125,-0.361328125
24623,1.25,1.142578125,-0.25390625,-0.29296875
24624,1.1328125,0.908203125,-0.263671875,-0.25390625
24625,1.25,1.083984375,-0.17578125,-0.244140625
24626,1.0546875,1.064453125,-0.263671875,-0.234375
24627,1.2109375,1.1328125,-0.244140625,-0.419921875
24628,1.201171875,1.123046875,-0.107421875,-0.205078125
24629,1.201171875,0.9765625,-0.25390625,-0.341796875
24630,1.201171875,1.259765625,-0.263671875,-0.224609375
24631,1.19140625,1.083984375,-0.224609375,-0.439453125
24632,1.123046875,1.15234375,-0.1953125,-0.361328125
24633,1.19140625,0.99609375,-0.146484375,-0.3125
24634,1.15234375,1.07421875,-0.107421875,-0.322265625
24635,1.201171875,1.19140625,-0.205078125,-0.390625
24636,1.171875,1.123046875,-0.185546875,-0.224609375
24637,1.19140625,1.142578125,-0.234375,-0.17578125
24638,1.19140625,1.19140625,-0.1953125,-0.185546875
24639,1.162109375,1.181640625,-0.263671875,-0.13671875
24640,1.220703125,1.162109375,-0.126953125,-0.498046875
24641,1.19140625,1.03515625,-0.224609375,-0.322265625
24642,1.2109375,1.103515625,-0.29296875,-0.234375
24643,1.201171875,1.123046875,-0.1953125,-0.166015625
24644,1.103515625,1.07421875,-0.224609375,-0.15625
24645,1.201171875,0.99609375,-0.224609375,-0.283203125
24646,1.2109375,1.07421875,-0.29296875,-0.205078125
24647,1.220703125,1.03515625,-0.166015625,-0.302734375
24648,1.181640625,1.07421875,-0.234375,-0.322265625
24649,1.328125,1.103515625,-0.185546875,-0.244140625
24650,1.240234375,1.1328125,-0.1953125,-0.244140625
24651,1.19140625,1.015625,-0.21484375,-0.3125
24652,1.123046875,1.09375,-0.13671875,-0.21484375
24653,1.318359375,1.171875,-0.302734375,-0.283203125
24654,1.259765625,1.181640625,-0.205078125,-0.29296875
24655,1.11328125,1.0546875,-0.21484375,-0.3515625
24656,1.298828125,1.015625,-0.29296875,-0.48828125
24657,1.19140625,1.044921875,-0.302734375,-0.341796875
24658,1.201171875,1.025390625,-0.205078125,-0.400390625
24659,1.181640625,1.064453125,-0.29296875,-0.1953125
24660,1.171875,1.07421875,-0.3125,-0.29296875
24661,1.181640625,1.025390625,-0.234375,-0.302734375
24662,1.220703125,1.09375,-0.302734375,-0.283203125
24663,1.2109375,1.11328125,-0.224609375,-0.283203125
24664,1.3671875,1.03515625,-0.1953125,-0.33203125
24665,1.25,1.103515625,-0.185546875,-0.224609375
24666,1.3671875,1.26953125,-0.244140625,-0.3515625
24667,1.259765625,1.015625,-0.205078125,-0.205078125
24668,1.171875,1.1328125,-0.17578125,-0.48828125
24669,1.298828125,1.005859375,-0.2734375,-0.33203125
24670,1.201171875,1.064453125,-0.263671875,-0.244140625
24671,1.25,1.083984375,-0.25390625,-0.263671875
24672,1.181640625,0.9375,-0.244140625,-0.17578125
24673,1.220703125,1.11328125,-0.205078125,-0.224609375
24674,1.328125,1.09375,-0.29296875,-0.17578125
24675,1.19140625,1.083984375,-0.17578125,-0.3125
24676,1.201171875,1.09375,-0.205078125,-0.2734375
24677,1.240234375,1.07421875,-0.1171875,-0.234375
24678,1.279296875,1.015625,-0.1171875,-0.205078125
24679,1.201171875,1.142578125,-0.33203125,-0.244140625
24680,1.259765625,1.07421875,-0.21484375,-0.283203125
24681,1.220703125,1.103515625,-0.244140625,-0.3125
24682,1.259765625,1.03515625,-0.205078125,-0.25390625
24683,1.318359375,1.083984375,-0.283203125,-0.21484375
24684,1.220703125,1.083984375,-0.29296875,-0.25390625
24685,1.19140625,1.103515625,-0.25390625,-0.302734375
24686,1.30859375,1.09375,-0.322265625,-0.29296875
24687,1.25,1.162109375,-0.4296875,-0.107421875
24688,1.26953125,0.986328125,-0.185546875,-0.1953125
24689,1.181640625,1.064453125,-0.322265625,-0.29296875
24690,1.201171875,1.064453125,-0.322265625,-0.17578125
24691,1.19140625,1.123046875,-0.283203125,-0.37109375
24692,1.181640625,1.0546875,-0.263671875,-0.322265625
24693,1.298828125,1.11328125,-0.380859375,-0.234375
24694,1.220703125,1.015625,-0.21484375,-0.283203125
24695,1.103515625,1.044921875,-0.302734375,-0.21484375
24696,1.240234375,1.142578125,-0.29296875,-0.3515625
24697,1.240234375,1.09375,-0.5078125,-0.244140625
24698,1.201171875,1.09375,-0.2734375,-0.263671875
24699,1.2109375,1.044921875,-0.302734375,-0.4296875
24700,1.220703125,1.11328125,-0.087890625,-0.2734375
24701,1.201171875,1.025390625,-0.21484375,-0.224609375
24702,1.220703125,0.947265625,-0.3125,-0.078125
24703,1.03515625,1.25,-0.126953125,-0.263671875
24704,1.279296875,1.0546875,-0.263671875,-0.09765625
24705,1.259765625,1.2109375,-0.283203125,-0.166015625
24706,1.220703125,1.142578125,-0.390625,-0.283203125
24707,1.259765625,1.083984375,-0.126953125,-0.302734375
24708,1.337890625,1.103515625,-0.1953125,-0.37109375
24709,1.123046875,1.201171875,-0.17578125,-0.234375
24710,1.2109375,1.07421875,-0.25390625,-0.2734375
24711,1.298828125,1.19140625,-0.244140625,-0.09765625
24712,1.171875,1.083984375,-0.224609375,-0.1953125
24713,1.25,1.19140625,-0.234375,-0.25390625
24714,1.171875,1.09375,-0.21484375,-0.17578125
24715,1.23046875,1.142578125,-0.3125,-0.234375
24716,1.19140625,1.025390625,-0.224609375,-0.166015625
24717,1.181640625,1.083984375,-0.185546875,-0.21484375
24718,1.181640625,0.99609375,-0.244140625,-0.234375
24719,1.171875,1.083984375,-0.1953125,-0.25390625
24720,1.25,1.181640625,-0.146484375,-0.2734375
24721,1.26953125,1.220703125,-0.21484375,-0.25390625
24722,1.083984375,1.044921875,-0.2734375,-0.3125
24723,1.259765625,1.23046875,-0.1953125,-0.224609375
24724,1.162109375,0.99609375,-0.25390625,-0.302734375
24725,1.123046875,1.1328125,-0.224609375,-0.21484375
24726,1.1328125,1.015625,-0.21484375,-0.263671875
24727,1.162109375,1.103515625,-0.1171875,-0.185546875
24728,1.123046875,1.142578125,-0.361328125,-0.234375
24729,1.240234375,1.123046875,-0.185546875,-0.17578125
24730,1.171875,1.259765625,-0.205078125,-0.244140625
24731,1.142578125,1.171875,-0.25390625,-0.2734375
24732,1.201171875,1.07421875,-0.166015625,-0.283203125
24733,1.0546875,1.064453125,-0.283203125,-0.224609375
24734,1.142578125,0.99609375,-0.205078125,-0.322265625
24735,1.15234375,0.95703125,-0.126953125,-0.3125
24736,1.181640625,1.123046875,-0.3515625,-0.224609375
24737,1.142578125,1.1328125,-0.2734375,-0.13671875
24738,1.123046875,1.103515625,-0.3515625,-0.263671875
24739,1.123046875,1.171875,-0.224609375,-0.185546875
24740,1.1328125,1.19140625,-0.15625,-0.25390625
24741,1.142578125,1.142578125,-0.322265625,-0.21484375
24742,1.064453125,1.279296875,-0.224609375,-0.21484375
24743,1.1328125,1.26953125,-0.25390625,-0.283203125
24744,1.15234375,1.171875,-0.33203125,-0.087890625
24745,1.142578125,1.2109375,-0.205078125,-0.2734375
24746,1.240234375,1.201171875,-0.185546875,-0.263671875
24747,1.25,1.181640625,-0.21484375,-0.146484375
24748,1.220703125,1.083984375,-0.185546875,-0.1953125
24749,1.2890625,1.240234375,-0.224609375,-0.234375
24750,1.240234375,1.201171875,-0.087890625,-0.21484375
24751,1.201171875,1.123046875,-0.2734375,-0.21484375
24752,1.19140625,1.23046875,-0.234375,-0.234375
24753,1.240234375,1.181640625,-0.29296875,-0.087890625
24754,1.25,1.15234375,-0.146484375,-0.1953125
24755,1.240234375,1.09375,-0.2734375,-0.21484375
24756,1.162109375,1.11328125,-0.2734375,-0.15625
24757,1.298828125,1.142578125,-0.3515625,-0.185546875
24758,1.2109375,1.23046875,-0.3515625,-0.263671875
24759,1.2890625,1.11328125,-0.224609375,-0.283203125
24760,1.259765625,1.15234375,-0.126953125,-0.302734375
24761,1.201171875,1.25,-0.29296875,-0.341796875
24762,1.044921875,1.171875,-0.205078125,-0.2734375
24763,1.240234375,1.2109375,-0.25390625,-0.224609375
24764,1.2109375,1.1328125,-0.1953125,-0.25390625
24765,1.220703125,1.181640625,-0.25390625,-0.4296875
24766,1.26953125,1.171875,-0.234375,-0.2734375
24767,1.2109375,1.1328125,-0.2734375,-0.29296875
24768,1.23046875,1.1328125,-0.322265625,-0.33203125
24769,1.162109375,1.1328125,-0.234375,-0.1171875
24770,1.181640625,1.11328125,-0.341796875,-0.263671875
24771,1.181640625,1.142578125,-0.15625,-0.234375
24772,1.328125,1.19140625,-0.15625,-0.234375
24773,1.318359375,1.142578125,-0.166015625,-0.224609375
24774,1.181640625,1.15234375,-0.205078125,-0.263671875
24775,1.201171875,1.123046875,-0.224609375,-0.322265625
24776,1.26953125,1.171875,-0.3125,-0.224609375
24777,1.181640625,1.123046875,-0.166015625,-0.2734375
24778,1.23046875,1.15234375,-0.1953125,-0.25390625
24779,1.220703125,1.2109375,-0.244140625,-0.33203125
24780,1.259765625,1.298828125,-0.185546875,-0.21484375
24781,1.11328125,1.1328125,-0.146484375,-0.205078125
24782,1.259765625,1.259765625,-0.234375,-0.322265625
24783,1.2890625,1.09375,-0.244140625,-0.2734375
24784,1.328125,1.201171875,-0.224609375,-0.205078125
24785,1.162109375,1.083984375,-0.166015625,-0.21484375
24786,1.15234375,1.1328125,-0.224609375,-0.244140625
24787,1.25,1.123046875,-0.21484375,-0.283203125
24788,1.279296875,1.26953125,-0.224609375,-0.341796875
24789,1.259765625,1.03515625,-0.185546875,-0.29296875
24790,1.11328125,1.11328125,-0.21484375,-0.244140625
24791,1.279296875,1.142578125,-0.263671875,-0.283203125
24792,1.171875,1.162109375,-0.263671875,-0.3125
24793,1.19140625,1.142578125,-0.25390625,-0.263671875
24794,1.2109375,1.044921875,-0.283203125,-0.205078125
24795,1.240234375,1.15234375,-0.107421875,-0.166015625
24796,1.2109375,1.181640625,-0.244140625,-0.29296875
24797,1.26953125,1.09375,-0.302734375,-0.29296875
24798,1.23046875,1.19140625,-0.25390625,-0.37109375
24799,1.259765625,1.181640625,-0.29296875,-0.33203125
24800,1.259765625,1.123046875,-0.205078125,-0.2734375
24801,1.328125,1.15234375,-0.283203125,-0.244140625
24802,1.19140625,1.171875,-0.2734375,-0.21484375
24803,1.09375,1.11328125,-0.263671875,-0.21484375
24804,1.2109375,0.95703125,-0.380859375,-0.302734375
24805,1.259765625,1.123046875,-0.302734375,-0.1171875
24806,1.259765625,0.9375,-0.33203125,-0.185546875
24807,1.259765625,1.083984375,-0.29296875,-0.29296875
24808,1.220703125,1.181640625,-0.2734375,-0.41015625
24809,1.25,1.123046875,-0.283203125,-0.46875
24810,1.220703125,1.19140625,-0.302734375,-0.244140625
24811,1.220703125,1.19140625,-0.244140625,-0.361328125
24812,1.23046875,1.25,-0.1953125,-0.3515625
24813,1.220703125,1.15234375,-0.2734375,-0.244140625
24814,1.23046875,1.171875,-0.263671875,-0.33203125
24815,1.23046875,1.240234375,-0.1953125,-0.37109375
24816,1.2890625,1.25,-0.224609375,-0.302734375
24817,1.328125,1.201171875,-0.205078125,-0.09765625
24818,1.259765625,1.083984375,-0.263671875,-0.2734375
24819,1.25,1.162109375,-0.25390625,-0.3125
24820,1.220703125,1.181640625,-0.244140625,-0.29296875
24821,1.07421875,1.26953125,-0.244140625,-0.244140625
24822,1.240234375,1.083984375,-0.361328125,-0.283203125
24823,1.34765625,1.181640625,-0.21484375,-0.3515625
24824,1.25,1.171875,-0.302734375,-0.3125
24825,1.26953125,1.2890625,-0.458984375,-0.234375
24826,1.240234375,1.19140625,-0.205078125,-0.33203125
24827,1.376953125,1.220703125,-0.33203125,-0.1953125
24828,1.279296875,1.201171875,-0.2734375,-0.302734375
24829,1.30859375,1.123046875,-0.224609375,-0.21484375
24830,1.357421875,1.15234375,-0.166015625,-0.126953125
24831,1.26953125,1.201171875,-0.126953125,-0.205078125
24832,1.220703125,1.19140625,-0.17578125,-0.439453125
24833,1.318359375,1.181640625,-0.234375,-0.146484375
24834,1.2109375,1.279296875,-0.283203125,-0.322265625
24835,1.279296875,1.19140625,-0.390625,-0.244140625
24836,1.298828125,1.259765625,-0.21484375,-0.302734375
24837,1.259765625,1.025390625,-0.322265625,-0.380859375
24838,1.2109375,1.2890625,-0.283203125,-0.29296875
24839,1.298828125,1.15234375,-0.234375,-0.15625
24840,1.318359375,1.09375,-0.234375,-0.302734375
24841,1.2109375,1.181640625,-0.205078125,-0.17578125
24842,1.220703125,1.11328125,-0.263671875,-0.25390625
24843,1.3671875,1.455078125,-0.33203125,-0.302734375
24844,1.30859375,1.201171875,-0.1953125,-0.302734375
24845,1.396484375,1.2109375,-0.283203125,-0.29296875
24846,1.201171875,1.09375,-0.341796875,-0.29296875
24847,1.3671875,1.201171875,-0.205078125,-0.4296875
24848,1.240234375,1.25,-0.21484375,-0.283203125
24849,1.26953125,1.23046875,-0.205078125,-0.400390625
24850,1.2890625,1.259765625,-0.048828125,-0.29296875
24851,1.2109375,1.25,-0.3125,-0.322265625
24852,1.23046875,1.11328125,-0.13671875,-0.2734375
24853,1.34765625,1.23046875,-0.17578125,-0.283203125
24854,1.23046875,1.201171875,-0.234375,-0.078125
24855,1.42578125,1.171875,-0.25390625,-0.2734375
24856,1.357421875,1.181640625,-0.185546875,-0.322265625
24857,1.30859375,1.19140625,-0.1953125,-0.33203125
24858,1.40625,1.2890625,-0.1171875,-0.322265625
24859,1.38671875,1.220703125,-0.3515625,-0.234375
24860,1.494140625,1.240234375,-0.33203125,-0.33203125
24861,1.513671875,1.1328125,-0.322265625,-0.2734375
24862,1.357421875,1.103515625,-0.33203125,-0.361328125
24863,1.2109375,1.2109375,-0.29296875,-0.361328125
24864,1.3671875,1.201171875,-0.283203125,-0.244140625
24865,1.3671875,1.25,-0.33203125,-0.419921875
24866,1.298828125,1.181640625,-0.2734375,-0.2734375
24867,1.416015625,1.220703125,-0.25390625,-0.341796875
24868,1.298828125,1.220703125,-0.390625,-0.302734375
24869,1.3671875,1.23046875,-0.224609375,-0.380859375
24870,1.298828125,1.162109375,-0.29296875,-0.341796875
24871,1.30859375,1.201171875,-0.37109375,-0.244140625
24872,1.19140625,1.23046875,-0.283203125,-0.4296875
24873,1.23046875,1.23046875,-0.234375,-0.3125
24874,1.279296875,1.23046875,-0.3515625,-0.283203125
24875,1.40625,1.2109375,-0.244140625,-0.390625
24876,1.259765625,1.201171875,-0.21484375,-0.29296875
24877,1.23046875,1.2890625,-0.126953125,-0.322265625
24878,1.318359375,1.259765625,-0.21484375,-0.3125
24879,1.19140625,1.2109375,-0.25390625,-0.341796875
24880,1.23046875,1.23046875,-0.244140625,-0.283203125
24881,1.298828125,1.171875,-0.234375,-0.25390625
24882,1.2890625,1.23046875,-0.185546875,-0.3125
24883,1.2890625,1.162109375,-0.146484375,-0.322265625
24884,1.181640625,1.09375,-0.361328125,-0.322265625
24885,1.11328125,1.2890625,-0.15625,-0.390625
24886,1.259765625,1.2109375,-0.13671875,-0.283203125
24887,1.328125,1.240234375,-0.263671875,-0.37109375
24888,1.220703125,1.23046875,-0.1953125,-0.458984375
24889,1.259765625,1.337890625,-0.380859375,-0.341796875
24890,1.171875,1.220703125,-0.400390625,-0.224609375
24891,1.19140625,1.26953125,-0.2734375,-0.3125
24892,1.11328125,1.142578125,-0.33203125,-0.341796875
24893,1.25,1.19140625,-0.263671875,-0.361328125
24894,1.15234375,1.201171875,-0.25390625,-0.419921875
24895,1.30859375,1.09375,-0.244140625,-0.41015625
24896,1.279296875,1.123046875,-0.166015625,-0.390625
24897,1.142578125,1.2109375,-0.234375,-0.4296875
24898,1.30859375,1.2109375,-0.380859375,-0.380859375
24899,1.162109375,1.123046875,-0.244140625,-0.419921875
24900,1.23046875,1.162109375,-0.2734375,-0.3125
24901,1.201171875,1.19140625,-0.302734375,-0.439453125
24902,1.23046875,1.1328125,-0.263671875,-0.439453125
24903,1.416015625,1.123046875,-0.341796875,-0.341796875
24904,1.220703125,1.07421875,-0.2734375,-0.322265625
24905,1.30859375,1.259765625,-0.17578125,-0.37109375
24906,1.279296875,1.23046875,-0.3515625,-0.1953125
24907,1.240234375,1.142578125,-0.302734375,-0.283203125
24908,1.240234375,1.23046875,-0.361328125,-0.361328125
24909,1.279296875,1.220703125,-0.390625,-0.41015625
24910,1.220703125,1.09375,-0.3125,-0.302734375
24911,1.25,0.99609375,-0.3125,-0.41015625
24912,1.220703125,1.181640625,-0.361328125,-0.2734375
24913,1.259765625,1.1328125,-0.302734375,-0.361328125
24914,1.25,1.2109375,-0.21484375,-0.3515625
24915,1.435546875,1.162109375,-0.29296875,-0.439453125
24916,1.298828125,0.99609375,-0.380859375,-0.37109375
24917,1.240234375,1.240234375,-0.302734375,-0.390625
24918,1.23046875,1.240234375,-0.263671875,-0.341796875
24919,1.2109375,1.2109375,-0.400390625,-0.33203125
24920,1.240234375,1.357421875,-0.234375,-0.380859375
24921,1.142578125,1.240234375,-0.283203125,-0.458984375
24922,1.25,1.103515625,-0.234375,-0.3125
24923,1.279296875,1.23046875,-0.2734375,-0.361328125
24924,1.171875,1.2890625,-0.25390625,-0.380859375
24925,1.123046875,1.240234375,-0.21484375,-0.498046875
24926,1.298828125,0.95703125,-0.1953125,-0.2734375
24927,1.2109375,1.19140625,-0.400390625,-0.234375
24928,1.142578125,1.162109375,-0.3515625,-0.41015625
24929,1.123046875,0.947265625,-0.341796875,-0.37109375
24930,1.201171875,1.220703125,-0.283203125,-0.322265625
24931,1.171875,1.240234375,-0.2734375,-0.244140625
24932,1.2109375,1.23046875,-0.390625,-0.3515625
24933,1.171875,1.171875,-0.283203125,-0.361328125
24934,1.2890625,1.2109375,-0.37109375,-0.33203125
24935,1.181640625,1.2109375,-0.302734375,-0.33203125
24936,1.23046875,1.083984375,-0.17578125,-0.17578125
24937,1.30859375,0.986328125,-0.234375,-0.263671875
24938,1.19140625,1.181640625,-0.21484375,-0.244140625
24939,1.142578125,1.23046875,-0.302734375,-0.380859375
24940,1.201171875,1.1328125,-0.2734375,-0.302734375
24941,1.19140625,1.2109375,-0.46875,-0.48828125
24942,1.25,1.19140625,-0.33203125,-0.3125
24943,1.083984375,1.25,-0.263671875,-0.48828125
24944,1.19140625,1.220703125,-0.13671875,-0.46875
24945,1.23046875,1.201171875,-0.1953125,-0.224609375
24946,1.23046875,1.1328125,-0.185546875,-0.439453125
24947,1.181640625,1.2109375,-0.244140625,-0.361328125
24948,1.240234375,1.142578125,-0.1953125,-0.439453125
24949,1.11328125,1.171875,-0.244140625,-0.41015625
24950,1.181640625,1.1328125,-0.224609375,-0.419921875
24951,1.259765625,1.15234375,-0.146484375,-0.1953125
24952,1.123046875,1.07421875,-0.263671875,-0.302734375
24953,1.162109375,1.015625,-0.33203125,-0.390625
24954,1.2109375,1.15234375,-0.21484375,-0.390625
24955,1.240234375,1.142578125,-0.29296875,-0.400390625
24956,1.220703125,1.103515625,-0.302734375,-0.2734375
24957,1.19140625,1.103515625,-0.244140625,-0.33203125
24958,1.279296875,1.15234375,-0.25390625,-0.2734375
24959,1.2109375,1.11328125,-0.302734375,-0.400390625
24960,1.240234375,1.09375,-0.234375,-0.322265625
24961,1.162109375,1.083984375,-0.341796875,-0.33203125
24962,1.25,1.09375,-0.234375,-0.37109375
24963,1.259765625,1.083984375,-0.1953125,-0.380859375
24964,1.298828125,1.07421875,-0.25390625,-0.283203125
24965,1.220703125,1.15234375,-0.25390625,-0.361328125
24966,1.2109375,1.09375,-0.1953125,-0.29296875
24967,1.2109375,1.083984375,-0.224609375,-0.3125
24968,1.201171875,1.064453125,-0.361328125,-0.341796875
24969,1.240234375,1.083984375,-0.25390625,-0.380859375
24970,1.240234375,1.11328125,-0.21484375,-0.595703125
24971,1.259765625,1.083984375,-0.1953125,-0.390625
24972,1.298828125,1.064453125,-0.1953125,-0.361328125
24973,1.30859375,1.044921875,-0.263671875,-0.37109375
24974,1.328125,1.09375,-0.3125,-0.322265625
24975,1.26953125,1.162109375,-0.185546875,-0.37109375
24976,1.23046875,1.064453125,-0.244140625,-0.5859375
24977,1.201171875,1.15234375,-0.224609375,-0.322265625
24978,1.259765625,1.103515625,-0.146484375,-0.400390625
24979,1.181640625,1.09375,-0.166015625,-0.224609375
24980,1.2109375,1.23046875,-0.244140625,-0.29296875
24981,1.279296875,1.103515625,-0.185546875,-0.263671875
24982,1.083984375,1.015625,-0.205078125,-0.33203125
24983,1.2109375,1.0546875,-0.25390625,-0.3515625
24984,1.220703125,1.005859375,-0.25390625,-0.322265625
24985,1.181640625,1.07421875,-0.234375,-0.29296875
24986,1.26953125,1.064453125,-0.1953125,-0.3515625
24987,1.2109375,1.044921875,-0.302734375,-0.400390625
24988,1.25,1.044921875,-0.185546875,-0.3125
24989,1.240234375,0.908203125,-0.263671875,-0.48828125
24990,1.240234375,0.869140625,-0.205078125,-0.41015625
24991,1.220703125,1.025390625,-0.341796875,-0.4296875
24992,1.38671875,1.083984375,-0.21484375,-0.390625
24993,1.220703125,1.044921875,-0.21484375,-0.29296875
24994,1.328125,1.044921875,-0.166015625,-0.25390625
24995,1.240234375,0.91796875,-0.17578125,-0.3515625
24996,1.201171875,1.015625,-0.205078125,-0.37109375
24997,1.11328125,1.0546875,-0.146484375,-0.244140625
24998,1.171875,1.0546875,-0.224609375,-0.263671875
24999,1.201171875,0.986328125,-0.234375,-0.283203125
25000,1.162109375,1.07421875,-0.1171875,-0.537109375
25001,1.201171875,0.966796875,-0.25390625,-0.361328125
25002,1.181640625,1.083984375,-0.224609375,-0.263671875
25003,1.201171875,0.966796875,-0.205078125,-0.25390625
25004,1.201171875,0.9765625,-0.3125,-0.1953125
25005,1.201171875,0.966796875,-0.3125,-0.13671875
25006,1.337890625,0.91796875,-0.25390625,-0.1953125
25007,1.220703125,0.927734375,-0.185546875,-0.166015625
25008,1.3671875,1.005859375,-0.234375,-0.21484375
25009,1.318359375,1.11328125,-0.29296875,-0.234375
25010,1.201171875,0.966796875,-0.322265625,-0.244140625
25011,1.25,0.72265625,-0.263671875,-0.263671875
25012,1.162109375,0.986328125,-0.29296875,-0.37109375
25013,1.279296875,1.07421875,-0.263671875,-0.380859375
25014,1.30859375,0.95703125,-0.263671875,-0.3125
25015,1.23046875,1.005859375,-0.244140625,-0.263671875
25016,1.123046875,1.083984375,-0.244140625,-0.3125
25017,1.201171875,1.07421875,-0.1953125,-0.3125
25018,1.19140625,1.0546875,-0.244140625,-0.2734375
25019,1.181640625,1.083984375,-0.1171875,-0.361328125
25020,1.2109375,0.87890625,-0.234375,-0.322265625
25021,1.142578125,1.005859375,-0.126953125,-0.3125
25022,1.240234375,0.966796875,-0.244140625,-0.25390625
25023,1.2109375,1.09375,-0.224609375,-0.25390625
25024,1.2109375,1.15234375,-0.33203125,-0.3125
25025,1.259765625,1.0546875,-0.322265625,-0.205078125
25026,1.171875,1.0546875,-0.341796875,-0.2734375
25027,1.201171875,1.025390625,-0.1953125,-0.3515625
25028,1.220703125,1.015625,-0.234375,-0.205078125
25029,1.201171875,1.005859375,-0.224609375,-0.234375
25030,1.162109375,1.09375,-0.1953125,-0.244140625
25031,1.19140625,0.95703125,-0.2734375,-0.234375
25032,1.11328125,1.0546875,-0.29296875,-0.302734375
25033,1.181640625,0.908203125,-0.3515625,-0.234375
25034,1.19140625,1.005859375,-0.25390625,-0.283203125
25035,1.103515625,0.986328125,-0.29296875,-0.244140625
25036,1.259765625,1.005859375,-0.341796875,-0.25390625
25037,1.083984375,1.03515625,-0.263671875,-0.21484375
25038,1.25,0.9765625,-0.25390625,-0.224609375
25039,1.181640625,0.9765625,-0.302734375,-0.390625
25040,1.279296875,0.947265625,-0.25390625,-0.2734375
25041,1.142578125,1.083984375,-0.3515625,-0.322265625
25042,1.201171875,0.99609375,-0.146484375,-0.322265625
25043,1.25,1.015625,-0.21484375,-0.25390625
25044,1.2109375,0.927734375,-0.283203125,-0.380859375
25045,1.19140625,1.0546875,-0.078125,-0.29296875
25046,1.240234375,1.025390625,-0.244140625,-0.283203125
25047,1.15234375,0.8984375,-0.244140625,-0.380859375
25048,1.240234375,0.966796875,-0.166015625,-0.3125
25049,1.171875,1.015625,-0.25390625,-0.33203125
25050,1.1328125,1.103515625,-0.205078125,-0.322265625
25051,1.220703125,0.966796875,-0.224609375,-0.361328125
25052,1.19140625,0.9765625,-0.283203125,-0.15625
25053,1.171875,1.025390625,-0.263671875,-0.25390625
25054,1.23046875,0.869140625,-0.2734375,-0.3125
25055,1.123046875,0.95703125,-0.205078125,-0.419921875
25056,1.181640625,0.947265625,-0.185546875,-0.33203125
25057,1.240234375,1.103515625,-0.302734375,-0.244140625
25058,1.279296875,1.07421875,-0.166015625,-0.3515625
25059,1.162109375,1.142578125,-0.205078125,-0.458984375
25060,1.201171875,1.123046875,-0.166015625,-0.29296875
25061,1.171875,1.03515625,-0.224609375,-0.05859375
25062,1.181640625,1.015625,-0.17578125,-0.25390625
25063,1.220703125,1.1328125,-0.29296875,-0.322265625
25064,1.26953125,1.0546875,-0.15625,-0.09765625
25065,1.23046875,1.03515625,-0.2734375,-0.244140625
25066,1.181640625,0.986328125,-0.224609375,-0.3125
25067,1.279296875,1.123046875,-0.13671875,-0.3125
25068,1.19140625,1.09375,-0.2734375,-0.166015625
25069,1.171875,1.279296875,-0.126953125,-0.341796875
25070,1.318359375,1.0546875,-0.15625,-0.3125
25071,1.162109375,1.03515625,-0.3515625,-0.302734375
25072,1.181640625,1.083984375,-0.185546875,-0.263671875
25073,1.181640625,1.025390625,-0.21484375,-0.1953125
25074,1.181640625,1.11328125,-0.166015625,-0.263671875
25075,1.171875,1.103515625,-0.09765625,-0.25390625
25076,1.15234375,1.083984375,-0.205078125,-0.0390625
25077,1.26953125,1.09375,-0.146484375,-0.205078125
25078,1.07421875,1.162109375,-0.263671875,-0.3125
25079,1.103515625,1.083984375,0.01953125,-0.224609375
25080,1.220703125,1.064453125,-0.15625,-0.322265625
25081,1.123046875,0.966796875,-0.21484375,-0.25390625
25082,1.123046875,1.07421875,-0.146484375,-0.25390625
25083,1.279296875,1.07421875,-0.1171875,-0.234375
25084,1.142578125,1.005859375,-0.21484375,-0.3125
25085,1.201171875,1.07421875,-0.302734375,-0.25390625
25086,1.19140625,1.064453125,-0.322265625,-0.322265625
25087,1.15234375,1.015625,-0.107421875,-0.224609375
25088,1.15234375,1.03515625,-0.126953125,-0.21484375
25089,1.1328125,1.03515625,-0.234375,-0.1953125
25090,1.19140625,1.044921875,-0.09765625,-0.234375
25091,1.25,1.09375,-0.13671875,-0.302734375
25092,1.357421875,1.1328125,-0.13671875,-0.56640625
25093,1.298828125,1.09375,-0.263671875,-0.234375
25094,1.23046875,1.07421875,-0.15625,-0.234375
25095,1.2109375,1.044921875,-0.205078125,-0.283203125
25096,1.26953125,1.044921875,-0.1171875,-0.25390625
25097,1.2109375,0.99609375,-0.17578125,-0.224609375
25098,1.07421875,1.064453125,-0.29296875,-0.29296875
25099,1.30859375,1.083984375,-0.185546875,-0.2734375
25100,1.220703125,1.025390625,-0.1171875,-0.1953125
25101,1.123046875,0.99609375,-0.283203125,-0.37109375
25102,1.162109375,1.0546875,-0.234375,-0.244140625
25103,1.240234375,1.005859375,-0.087890625,-0.263671875
25104,1.279296875,1.044921875,-0.1953125,-0.185546875
25105,1.201171875,0.99609375,-0.205078125,-0.3125
25106,1.142578125,1.044921875,-0.1171875,-0.341796875
25107,1.2109375,1.07421875,-0.1953125,-0.33203125
25108,1.09375,1.015625,-0.263671875,-0.302734375
25109,1.2109375,0.986328125,-0.3515625,-0.283203125
25110,1.083984375,1.0546875,-0.302734375,-0.21484375
25111,1.083984375,1.15234375,-0.3515625,-0.224609375
25112,1.171875,0.869140625,-0.17578125,-0.263671875
25113,1.2890625,1.07421875,-0.37109375,-0.1953125
25114,1.19140625,1.220703125,-0.21484375,-0.17578125
25115,1.240234375,1.015625,-0.13671875,-0.283203125
25116,1.025390625,1.064453125,-0.302734375,-0.21484375
25117,1.201171875,1.123046875,-0.41015625,-0.1171875
25118,1.19140625,1.025390625,-0.234375,-0.224609375
25119,1.201171875,1.083984375,-0.302734375,-0.302734375
25120,1.240234375,1.005859375,-0.33203125,-0.419921875
25121,1.19140625,1.083984375,-0.21484375,-0.341796875
25122,1.15234375,1.1328125,-0.33203125,-0.185546875
25123,1.30859375,0.9375,-0.302734375,-0.29296875
25124,1.23046875,0.986328125,-0.283203125,-0.29296875
25125,1.220703125,1.025390625,-0.283203125,-0.205078125
25126,1.23046875,1.1328125,-0.21484375,-0.37109375
25127,1.171875,1.103515625,-0.224609375,-0.29296875
25128,1.328125,1.083984375,-0.2734375,-0.1953125
25129,1.1328125,1.015625,-0.3125,-0.205078125
25130,1.201171875,1.09375,-0.1953125,-0.283203125
25131,1.220703125,1.083984375,-0.21484375,-0.224609375
25132,1.09375,1.123046875,-0.25390625,-0.4296875
25133,1.171875,1.201171875,-0.302734375,-0.302734375
25134,1.1328125,1.07421875,-0.146484375,-0.078125
25135,1.123046875,1.07421875,-0.224609375,-0.37109375
25136,1.15234375,1.15234375,-0.361328125,-0.21484375
25137,1.09375,1.123046875,-0.29296875,-0.21484375
25138,1.240234375,1.25,-0.166015625,-0.341796875
25139,1.26953125,1.23046875,-0.166015625,-0.17578125
25140,1.259765625,1.09375,-0.21484375,-0.146484375
25141,1.044921875,1.19140625,-0.244140625,-0.126953125
25142,1.23046875,0.908203125,-0.25390625,-0.33203125
25143,1.19140625,1.142578125,-0.224609375,-0.283203125
25144,1.171875,1.103515625,-0.263671875,-0.25390625
25145,1.19140625,1.11328125,-0.244140625,-0.17578125
25146,1.1328125,1.23046875,-0.17578125,-0.15625
25147,0.91796875,1.083984375,-0.302734375,-0.25390625
25148,1.103515625,1.171875,-0.17578125,-0.244140625
25149,1.220703125,1.083984375,-0.322265625,-0.283203125
25150,1.03515625,1.11328125,-0.25390625,-0.263671875
25151,1.142578125,0.986328125,-0.15625,-0.224609375
25152,1.15234375,1.1328125,-0.05859375,-0.205078125
25153,1.03515625,1.103515625,-0.224609375,-0.205078125
25154,1.181640625,0.91796875,-0.205078125,-0.29296875
25155,1.123046875,1.1328125,-0.205078125,-0.205078125
25156,1.220703125,1.11328125,-0.15625,-0.3125
25157,1.23046875,1.09375,-0.224609375,-0.224609375
25158,1.181640625,1.19140625,-0.13671875,-0.25390625
25159,1.07421875,1.11328125,-0.1953125,-0.33203125
25160,1.23046875,1.09375,-0.263671875,-0.2734375
25161,1.19140625,1.1328125,-0.17578125,-0.166015625
25162,1.19140625,1.15234375,-0.205078125,-0.029296875
25163,1.2109375,1.15234375,-0.244140625,-0.25390625
25164,1.162109375,1.123046875,-0.205078125,-0.146484375
25165,1.142578125,1.162109375,-0.3515625,-0.17578125
25166,1.162109375,1.162109375,-0.3125,-0.17578125
25167,1.083984375,1.2890625,-0.33203125,-0.322265625
25168,1.25,1.162109375,-0.21484375,-0.29296875
25169,1.11328125,1.328125,-0.244140625,-0.25390625
25170,1.19140625,1.171875,-0.29296875,-0.3125
25171,1.201171875,1.11328125,-0.283203125,-0.37109375
25172,1.181640625,1.11328125,-0.21484375,-0.283203125
25173,1.123046875,1.23046875,-0.21484375,-0.3125
25174,1.38671875,1.123046875,-0.21484375,-0.37109375
25175,1.162109375,1.103515625,-0.17578125,-0.244140625
25176,1.201171875,1.064453125,-0.380859375,-0.244140625
25177,1.2109375,1.1328125,-0.25390625,-0.263671875
25178,1.123046875,1.15234375,-0.185546875,-0.2734375
25179,1.171875,1.162109375,-0.263671875,-0.302734375
25180,1.40625,1.181640625,-0.25390625,-0.205078125
25181,1.25,1.083984375,-0.166015625,-0.25390625
25182,1.181640625,1.11328125,-0.1953125,-0.244140625
25183,1.25,1.181640625,-0.1953125,-0.05859375
25184,1.2890625,1.25,-0.1953125,-0.37109375
25185,1.171875,1.240234375,-0.166015625,-0.302734375
25186,1.09375,1.09375,-0.146484375,-0.2734375
25187,1.162109375,1.23046875,-0.1171875,-0.1953125
25188,1.240234375,1.2109375,-0.302734375,-0.302734375
25189,1.240234375,1.181640625,-0.166015625,-0.302734375
25190,1.181640625,1.15234375,-0.224609375,-0.263671875
25191,1.11328125,1.171875,-0.234375,-0.29296875
25192,1.240234375,1.11328125,-0.185546875,-0.234375
25193,1.201171875,1.19140625,-0.185546875,-0.185546875
25194,1.25,1.19140625,-0.224609375,-0.25390625
25195,1.318359375,1.162109375,-0.224609375,-0.2734375
25196,1.26953125,1.162109375,-0.25390625,-0.2734375
25197,1.162109375,1.259765625,-0.2734375,-0.25390625
25198,1.142578125,1.15234375,-0.1953125,-0.283203125
25199,1.19140625,1.142578125,-0.21484375,-0.166015625
25200,1.2890625,1.40625,-0.205078125,-0.341796875
25201,1.171875,1.220703125,-0.224609375,-0.263671875
25202,1.337890625,1.162109375,-0.21484375,-0.263671875
25203,1.19140625,1.1328125,-0.29296875,-0.21484375
25204,1.103515625,1.142578125,-0.13671875,-0.263671875
25205,1.15234375,1.15234375,-0.2734375,-0.2734375
25206,1.11328125,1.298828125,-0.13671875,-0.224609375
25207,1.09375,1.181640625,-0.25390625,-0.283203125
25208,1.123046875,1.15234375,-0.185546875,-0.361328125
25209,1.181640625,1.220703125,-0.29296875,-0.302734375
25210,1.201171875,1.19140625,-0.263671875,-0.224609375
25211,1.240234375,1.201171875,-0.263671875,-0.3125
25212,1.142578125,1.23046875,-0.166015625,-0.205078125
25213,1.162109375,1.240234375,-0.1171875,-0.33203125
25214,1.2109375,1.171875,-0.17578125,-0.302734375
25215,1.240234375,1.15234375,-0.205078125,-0.302734375
25216,1.25,1.220703125,-0.21484375,-0.44921875
25217,1.1328125,1.162109375,-0.244140625,-0.283203125
25218,1.171875,1.2109375,-0.224609375,-0.263671875
25219,1.259765625,1.50390625,-0.146484375,-0.29296875
25220,1.083984375,1.142578125,-0.224609375,-0.3515625
25221,1.162109375,1.259765625,-0.25390625,-0.2734375
25222,1.2109375,1.162109375,-0.244140625,-0.234375
25223,1.1328125,1.142578125,-0.3125,-0.1953125
25224,1.171875,1.328125,-0.263671875,-0.322265625
25225,1.201171875,1.2109375,-0.1953125,-0.4296875
25226,1.279296875,1.15234375,-0.283203125,-0.380859375
25227,1.26953125,1.220703125,-0.21484375,-0.234375
25228,1.220703125,1.142578125,-0.33203125,-0.244140625
25229,1.2890625,1.123046875,-0.29296875,-0.4296875
25230,1.26953125,1.201171875,-0.302734375,-0.29296875
25231,1.220703125,1.11328125,-0.205078125,-0.29296875
25232,1.3671875,1.19140625,-0.2734375,-0.380859375
25233,1.162109375,1.15234375,-0.21484375,-0.3125
25234,1.2109375,1.064453125,-0.205078125,-0.224609375
25235,1.2890625,1.123046875,-0.29296875,-0.390625
25236,1.162109375,1.0546875,-0.283203125,-0.2734375
25237,1.220703125,1.19140625,-0.234375,-0.283203125
25238,1.279296875,1.064453125,-0.25390625,-0.205078125
25239,1.181640625,1.171875,-0.17578125,-0.244140625
25240,1.23046875,1.142578125,-0.33203125,-0.302734375
25241,1.376953125,1.19140625,-0.283203125,-0.263671875
25242,1.298828125,1.259765625,-0.205078125,-0.2734375
25243,1.162109375,1.201171875,-0.2734375,-0.263671875
25244,1.1328125,1.171875,-0.244140625,-0.341796875
25245,1.298828125,1.201171875,-0.29296875,-0.3125
25246,1.19140625,1.15234375,-0.263671875,-0.244140625
25247,1.318359375,1.064453125,-0.283203125,-0.263671875
25248,1.162109375,1.11328125,-0.244140625,-0.244140625
25249,1.220703125,1.2890625,-0.185546875,-0.302734375
25250,1.240234375,1.1328125,-0.1953125,-0.390625
25251,1.171875,1.25,-0.2734375,-0.29296875
25252,1.162109375,1.09375,-0.302734375,-0.380859375
25253,1.162109375,1.201171875,-0.224609375,-0.3515625
25254,1.26953125,1.201171875,-0.2734375,-0.37109375
25255,1.2109375,1.259765625,-0.078125,-0.29296875
25256,1.19140625,1.142578125,-0.2734375,-0.283203125
25257,1.15234375,1.201171875,-0.25390625,-0.13671875
25258,1.1328125,1.142578125,-0.244140625,-0.283203125
25259,1.337890625,1.279296875,-0.283203125,-0.21484375
25260,1.259765625,1.19140625,-0.224609375,-0.3125
25261,1.259765625,1.30859375,-0.0390625,-0.244140625
25262,1.240234375,1.1328125,-0.3125,-0.25390625
25263,1.2109375,1.123046875,-0.21484375,-0.25390625
25264,1.162109375,1.30859375,-0.302734375,-0.234375
25265,1.25,1.279296875,-0.283203125,-0.361328125
25266,1.2109375,1.171875,-0.29296875,-0.263671875
25267,1.259765625,1.162109375,-0.341796875,-0.302734375
25268,1.2109375,1.2109375,-0.263671875,-0.2734375
25269,1.201171875,1.279296875,-0.25390625,-0.341796875
25270,1.30859375,1.123046875,-0.37109375,-0.244140625
25271,1.279296875,1.38671875,-0.283203125,-0.25390625
25272,1.2890625,1.19140625,-0.166015625,-0.3125
25273,1.40625,1.435546875,-0.302734375,-0.234375
25274,1.25,1.3671875,-0.21484375,-0.224609375
25275,1.40625,1.25,-0.341796875,-0.29296875
25276,1.26953125,1.123046875,-0.166015625,-0.283203125
25277,1.337890625,1.2890625,-0.263671875,-0.322265625
25278,1.240234375,1.259765625,-0.166015625,-0.166015625
25279,1.279296875,1.30859375,-0.2734375,-0.283203125
25280,1.298828125,1.259765625,-0.25390625,-0.390625
25281,1.38671875,1.171875,-0.185546875,-0.244140625
25282,1.279296875,1.298828125,-0.13671875,-0.29296875
25283,1.30859375,1.162109375,-0.244140625,-0.29296875
25284,1.30859375,1.15234375,-0.234375,-0.166015625
25285,1.328125,1.240234375,-0.17578125,-0.29296875
25286,1.38671875,1.25,-0.126953125,-0.234375
25287,1.396484375,1.2109375,-0.166015625,-0.322265625
25288,1.2890625,1.201171875,-0.1953125,-0.13671875
25289,1.357421875,1.23046875,-0.1953125,-0.283203125
25290,1.337890625,1.2890625,-0.2734375,-0.146484375
25291,1.455078125,1.2109375,-0.361328125,-0.322265625
25292,1.376953125,1.259765625,-0.17578125,-0.400390625
25293,1.42578125,1.181640625,-0.234375,-0.33203125
25294,1.455078125,1.298828125,-0.263671875,-0.3125
25295,1.279296875,1.240234375,-0.390625,-0.361328125
25296,1.318359375,1.2109375,-0.29296875,-0.41015625
25297,1.328125,1.123046875,-0.41015625,-0.3125
25298,1.3671875,1.220703125,-0.2734375,-0.341796875
25299,1.259765625,1.201171875,-0.1953125,-0.302734375
25300,1.2890625,1.171875,-0.283203125,-0.25390625
25301,1.26953125,1.2890625,-0.400390625,-0.380859375
25302,1.279296875,1.220703125,-0.205078125,-0.4296875
25303,1.38671875,1.318359375,-0.361328125,-0.3125
25304,1.25,1.337890625,-0.185546875,-0.302734375
25305,1.337890625,1.201171875,-0.244140625,-0.478515625
25306,1.357421875,1.181640625,-0.3125,-0.419921875
25307,1.318359375,1.259765625,-0.3515625,-0.302734375
25308,1.25,1.259765625,-0.283203125,-0.439453125
25309,1.25,1.181640625,-0.302734375,-0.3125
25310,1.26953125,1.123046875,-0.3125,-0.283203125
25311,1.40625,1.23046875,-0.166015625,-0.283203125
25312,1.201171875,1.279296875,-0.302734375,-0.09765625
25313,1.26953125,1.19140625,-0.205078125,-0.380859375
25314,1.19140625,1.259765625,-0.25390625,-0.224609375
25315,1.2109375,1.337890625,-0.244140625,-0.166015625
25316,1.19140625,1.201171875,-0.1953125,-0.302734375
25317,1.337890625,1.220703125,-0.21484375,-0.361328125
25318,1.23046875,1.201171875,-0.15625,-0.29296875
25319,1.357421875,1.15234375,-0.2734375,-0.302734375
25320,1.220703125,1.2890625,-0.166015625,-0.37109375
25321,1.2890625,1.357421875,-0.29296875,-0.3515625
25322,1.484375,1.11328125,-0.283203125,-0.302734375
25323,1.162109375,1.42578125,-0.33203125,-0.3515625
25324,1.11328125,1.171875,-0.3515625,-0.37109375
25325,1.25,1.23046875,-0.322265625,-0.41015625
25326,1.2890625,1.103515625,-0.205078125,-0.2734375
25327,1.40625,1.201171875,-0.302734375,-0.107421875
25328,1.25,1.25,-0.283203125,-0.341796875
25329,1.357421875,1.220703125,-0.2734375,-0.25390625
25330,1.220703125,1.220703125,-0.3125,-0.263671875
25331,1.220703125,1.162109375,-0.3125,-0.41015625
25332,1.318359375,1.23046875,-0.3515625,-0.25390625
25333,1.34765625,1.279296875,-0.25390625,-0.33203125
25334,1.240234375,1.2109375,-0.234375,-0.400390625
25335,1.298828125,1.220703125,-0.244140625,-0.41015625
25336,1.2890625,1.23046875,-0.283203125,-0.224609375
25337,1.279296875,1.11328125,-0.263671875,-0.400390625
25338,1.298828125,1.26953125,-0.29296875,-0.29296875
25339,1.38671875,1.19140625,-0.234375,-0.380859375
25340,1.298828125,1.318359375,-0.302734375,-0.41015625
25341,1.25,1.201171875,-0.33203125,-0.419921875
25342,1.26953125,1.201171875,-0.322265625,-0.41015625
25343,1.26953125,1.23046875,-0.21484375,-0.322265625
25344,1.259765625,1.2890625,-0.224609375,-0.37109375
25345,1.416015625,1.162109375,-0.3125,-0.41015625
25346,1.2109375,1.25,-0.478515625,-0.361328125
25347,1.240234375,1.142578125,-0.322265625,-0.322265625
25348,1.34765625,1.201171875,-0.283203125,-0.33203125
25349,1.42578125,1.26953125,-0.25390625,-0.263671875
25350,1.279296875,1.26953125,-0.283203125,-0.380859375
25351,1.337890625,1.220703125,-0.25390625,-0.390625
25352,1.279296875,1.240234375,-0.283203125,-0.37109375
25353,1.220703125,1.279296875,-0.25390625,-0.380859375
25354,1.23046875,1.220703125,-0.263671875,-0.29296875
25355,1.259765625,1.25,-0.234375,-0.33203125
25356,1.103515625,1.416015625,-0.33203125,-0.361328125
25357,1.298828125,1.240234375,-0.33203125,-0.400390625
25358,1.240234375,1.220703125,-0.25390625,-0.322265625
25359,1.1328125,1.220703125,-0.390625,-0.390625
25360,1.240234375,1.201171875,-0.2734375,-0.556640625
25361,1.318359375,1.337890625,-0.283203125,-0.498046875
25362,1.15234375,1.15234375,-0.224609375,-0.361328125
25363,1.357421875,1.142578125,-0.146484375,-0.41015625
25364,1.083984375,1.220703125,-0.263671875,-0.3125
25365,1.201171875,1.11328125,-0.166015625,-0.361328125
25366,1.279296875,1.19140625,-0.263671875,-0.322265625
25367,1.2109375,1.103515625,-0.21484375,-0.33203125
25368,1.181640625,1.19140625,-0.166015625,-0.3515625
25369,1.25,1.19140625,-0.234375,-0.48828125
25370,1.259765625,1.19140625,-0.244140625,-0.4296875
25371,1.123046875,1.162109375,-0.283203125,-0.341796875
25372,1.23046875,1.171875,-0.234375,-0.458984375
25373,1.09375,1.103515625,-0.302734375,-0.3125
25374,1.181640625,1.19140625,-0.234375,-0.283203125
25375,1.2109375,1.298828125,-0.146484375,-0.458984375
25376,1.142578125,1.123046875,-0.205078125,-0.41015625
25377,1.2109375,1.259765625,-0.068359375,-0.361328125
25378,1.220703125,1.11328125,-0.302734375,-0.322265625
25379,1.181640625,1.15234375,-0.283203125,-0.419921875
25380,1.23046875,1.1328125,-0.146484375,-0.458984375
25381,1.220703125,1.11328125,-0.205078125,-0.44921875
25382,1.123046875,1.123046875,-0.302734375,-0.1953125
25383,1.259765625,1.142578125,-0.244140625,-0.380859375
25384,1.30859375,1.201171875,-0.21484375,-0.37109375
25385,1.328125,1.15234375,-0.234375,-0.224609375
25386,1.26953125,1.09375,-0.126953125,-0.361328125
25387,1.298828125,1.123046875,-0.13671875,-0.322265625
25388,1.2890625,1.123046875,-0.2734375,-0.244140625
25389,1.26953125,1.201171875,-0.17578125,-0.4296875
25390,1.259765625,1.2109375,-0.2734375,-0.33203125
25391,1.19140625,1.1328125,-0.25390625,-0.234375
25392,1.162109375,1.07421875,-0.234375,-0.341796875
25393,1.396484375,1.005859375,-0.29296875,-0.380859375
25394,1.220703125,1.083984375,-0.2734375,-0.390625
25395,1.2890625,1.09375,-0.302734375,-0.361328125
25396,1.328125,1.07421875,-0.224609375,-0.224609375
25397,1.25,1.1328125,-0.2734375,-0.3125
25398,1.298828125,1.025390625,-0.224609375,-0.361328125
25399,1.259765625,1.25,-0.21484375,-0.29296875
25400,1.2890625,1.0546875,-0.21484375,-0.41015625
25401,1.23046875,0.99609375,-0.21484375,-0.478515625
25402,1.259765625,1.1328125,-0.25390625,-0.390625
25403,1.2109375,1.103515625,-0.1953125,-0.33203125
25404,1.19140625,0.9765625,-0.263671875,-0.078125
25405,1.25,0.947265625,-0.224609375,-0.3515625
25406,1.396484375,1.083984375,-0.263671875,-0.3515625
25407,1.34765625,1.11328125,-0.224609375,-0.33203125
25408,1.298828125,1.005859375,-0.234375,-0.341796875
25409,1.23046875,0.9375,-0.244140625,-0.380859375
25410,1.171875,1.07421875,-0.166015625,-0.25390625
25411,1.25,1.0546875,-0.17578125,-0.302734375
25412,1.142578125,1.025390625,-0.25390625,-0.44921875
25413,1.279296875,1.025390625,-0.185546875,-0.21484375
25414,1.298828125,0.966796875,-0.205078125,-0.37109375
25415,1.240234375,0.99609375,-0.15625,-0.234375
25416,1.220703125,1.11328125,-0.1953125,-0.48828125
25417,1.201171875,1.09375,-0.205078125,-0.361328125
25418,1.30859375,0.99609375,-0.17578125,-0.498046875
25419,1.240234375,1.07421875,-0.185546875,-0.283203125
25420,1.259765625,1.015625,-0.1171875,-0.302734375
25421,1.240234375,1.07421875,-0.166015625,-0.244140625
25422,1.298828125,1.083984375,-0.244140625,-0.3515625
25423,1.279296875,1.0546875,-0.126953125,-0.33203125
25424,1.201171875,1.123046875,-0.234375,-0.400390625
25425,1.26953125,1.064453125,-0.087890625,-0.263671875
25426,1.240234375,1.1328125,-0.166015625,-0.380859375
25427,1.2109375,1.03515625,-0.17578125,-0.46875
25428,1.298828125,1.005859375,-0.078125,-0.224609375
25429,1.279296875,1.064453125,-0.185546875,-0.263671875
25430,1.171875,1.07421875,-0.2734375,-0.21484375
25431,1.2109375,0.95703125,-0.2734375,-0.33203125
25432,1.2109375,1.162109375,-0.400390625,-0.3125
25433,1.19140625,0.99609375,-0.322265625,-0.33203125
25434,1.240234375,1.103515625,-0.263671875,-0.546875
25435,1.240234375,1.259765625,-0.33203125,-0.33203125
25436,1.23046875,1.015625,-0.25390625,-0.263671875
25437,1.23046875,0.966796875,-0.15625,-0.5078125
25438,1.30859375,0.986328125,-0.3125,-0.283203125
25439,1.2109375,1.025390625,-0.205078125,-0.234375
25440,1.26953125,0.9375,-0.2734375,-0.244140625
25441,1.044921875,0.908203125,-0.37109375,-0.33203125
25442,1.171875,1.005859375,-0.263671875,-0.302734375
25443,1.162109375,1.03515625,-0.3515625,-0.09765625
25444,1.26953125,0.99609375,-0.33203125,-0.2734375
25445,1.25,1.005859375,-0.263671875,-0.361328125
25446,1.30859375,0.966796875,-0.390625,-0.419921875
25447,1.2109375,0.986328125,-0.205078125,-0.3125
25448,1.220703125,1.0546875,-0.224609375,-0.3515625
25449,1.162109375,1.044921875,-0.21484375,-0.3125
25450,1.26953125,0.947265625,-0.302734375,-0.29296875
25451,1.181640625,0.947265625,-0.244140625,-0.361328125
25452,1.357421875,0.9765625,-0.15625,-0.322265625
25453,1.240234375,1.044921875,-0.1953125,-0.29296875
25454,1.26953125,1.03515625,-0.419921875,-0.390625
25455,1.19140625,0.966796875,-0.29296875,-0.3515625
25456,1.19140625,1.03515625,-0.2734375,-0.3515625
25457,1.171875,1.044921875,-0.244140625,-0.33203125
25458,1.162109375,1.005859375,-0.2734375,-0.341796875
25459,1.103515625,1.1328125,-0.283203125,-0.361328125
25460,1.15234375,1.044921875,-0.224609375,-0.3125
25461,1.26953125,1.064453125,-0.234375,-0.361328125
25462,1.240234375,1.07421875,-0.166015625,-0.341796875
25463,1.25,1.181640625,-0.234375,-0.380859375
25464,1.23046875,1.103515625,-0.234375,-0.341796875
25465,1.23046875,1.0546875,-0.21484375,-0.37109375
25466,1.240234375,1.044921875,-0.244140625,-0.390625
25467,1.181640625,1.07421875,-0.234375,-0.322265625
25468,1.171875,1.162109375,-0.244140625,-0.33203125
25469,1.240234375,0.986328125,-0.244140625,-0.302734375
25470,1.259765625,1.044921875,-0.244140625,-0.693359375
25471,1.162109375,1.07421875,-0.244140625,-0.3515625
25472,1.26953125,1.03515625,-0.2734375,-0.37109375
25473,1.376953125,1.005859375,-0.1953125,-0.439453125
25474,1.201171875,1.07421875,-0.146484375,-0.3125
25475,1.2109375,0.888671875,-0.1953125,-0.322265625
25476,1.201171875,1.064453125,-0.283203125,-0.263671875
25477,1.298828125,1.044921875,-0.283203125,-0.302734375
25478,1.240234375,1.0546875,-0.2734375,-0.41015625
25479,1.240234375,1.083984375,-0.2734375,-0.517578125
25480,1.240234375,1.03515625,-0.224609375,-0.263671875
25481,1.25,1.015625,-0.1953125,-0.29296875
25482,1.240234375,1.044921875,-0.29296875,-0.3125
25483,1.1328125,1.025390625,-0.234375,-0.3125
25484,1.15234375,1.025390625,-0.166015625,-0.33203125
25485,1.279296875,1.064453125,-0.3515625,-0.439453125
25486,1.337890625,1.0546875,-0.21484375,-0.283203125
25487,1.220703125,1.171875,-0.205078125,-0.29296875
25488,1.171875,1.09375,-0.29296875,-0.400390625
25489,1.201171875,1.025390625,-0.390625,-0.478515625
25490,1.162109375,1.083984375,-0.1953125,-0.29296875
25491,1.259765625,1.07421875,-0.33203125,-0.361328125
25492,1.240234375,1.09375,-0.263671875,-0.3125
25493,1.26953125,1.044921875,-0.21484375,-0.37109375
25494,1.220703125,1.083984375,-0.341796875,-0.3515625
25495,1.181640625,1.103515625,-0.263671875,-0.439453125
25496,1.220703125,1.162109375,-0.263671875,-0.263671875
25497,1.26953125,1.07421875,-0.234375,-0.37109375
25498,1.25,1.11328125,-0.234375,-0.234375
25499,1.220703125,1.220703125,-0.146484375,-0.33203125
25500,1.162109375,1.15234375,-0.09765625,-0.25390625
25501,1.328125,1.171875,-0.302734375,-0.17578125
25502,1.240234375,1.1328125,-0.33203125,-0.2734375
25503,1.181640625,1.0546875,-0.3125,-0.322265625
25504,1.337890625,0.95703125,-0.15625,-0.244140625
25505,1.240234375,1.15234375,-0.302734375,-0.09765625
25506,1.240234375,1.064453125,-0.302734375,-0.244140625
25507,1.123046875,1.0546875,-0.224609375,-0.2734375
25508,1.25,1.123046875,-0.1953125,-0.205078125
25509,1.220703125,1.201171875,-0.1171875,-0.2734375
25510,1.220703125,1.103515625,-0.205078125,-0.224609375
25511,1.19140625,1.005859375,-0.33203125,-0.322265625
25512,1.171875,0.9765625,-0.224609375,-0.302734375
25513,1.23046875,1.064453125,-0.166015625,-0.263671875
25514,1.181640625,1.09375,-0.17578125,-0.283203125
25515,1.2890625,1.2890625,-0.087890625,-0.185546875
25516,1.19140625,1.025390625,-0.21484375,-0.25390625
25517,1.23046875,1.064453125,-0.224609375,-0.244140625
25518,1.2109375,1.0546875,-0.37109375,-0.400390625
25519,1.3671875,1.083984375,-0.244140625,-0.33203125
25520,1.2890625,1.083984375,-0.1953125,-0.322265625
25521,1.298828125,1.07421875,-0.263671875,-0.224609375
25522,1.26953125,1.015625,-0.205078125,-0.400390625
25523,1.337890625,1.2109375,-0.107421875,-0.224609375
25524,1.357421875,0.95703125,-0.05859375,-0.2734375
25525,1.298828125,1.083984375,-0.25390625,-0.107421875
25526,1.15234375,0.859375,-0.263671875,-0.224609375
25527,1.30859375,0.95703125,-0.1171875,-0.224609375
25528,1.318359375,1.0546875,-0.263671875,-0.244140625
25529,1.25,1.083984375,-0.244140625,-0.21484375
25530,1.279296875,1.07421875,-0.400390625,-0.1953125
25531,1.259765625,1.064453125,-0.17578125,-0.244140625
25532,1.25,0.9765625,-0.224609375,-0.341796875
25533,1.357421875,1.103515625,-0.25390625,-0.302734375
25534,1.279296875,1.0546875,-0.3125,-0.05859375
25535,1.26953125,0.95703125,-0.244140625,-0.146484375
25536,1.2109375,1.025390625,-0.25390625,-0.205078125
25537,1.25,1.015625,-0.205078125,-0.1953125
25538,1.11328125,1.07421875,-0.166015625,-0.17578125
25539,1.162109375,1.15234375,-0.361328125,-0.33203125
25540,1.15234375,1.044921875,-0.302734375,-0.341796875
25541,1.328125,1.03515625,-0.302734375,-0.341796875
25542,1.171875,1.09375,-0.361328125,-0.25390625
25543,1.201171875,1.03515625,-0.29296875,-0.17578125
25544,1.19140625,1.015625,-0.33203125,-0.361328125
25545,1.181640625,1.025390625,-0.21484375,-0.263671875
25546,1.162109375,1.064453125,-0.390625,-0.244140625
25547,1.337890625,1.015625,-0.33203125,-0.234375
25548,1.19140625,0.99609375,-0.33203125,-0.1953125
25549,1.201171875,1.044921875,-0.37109375,-0.33203125
25550,1.259765625,1.083984375,-0.263671875,-0.263671875
25551,1.220703125,1.1328125,-0.3515625,-0.244140625
25552,1.19140625,1.09375,-0.283203125,-0.2734375
25553,1.25,1.064453125,-0.33203125,-0.17578125
25554,1.259765625,0.9765625,-0.205078125,-0.244140625
25555,1.2109375,1.064453125,-0.234375,-0.224609375
25556,1.279296875,1.064453125,-0.263671875,-0.419921875
25557,1.23046875,1.123046875,-0.185546875,-0.185546875
25558,1.181640625,1.07421875,-0.263671875,-0.25390625
25559,1.103515625,1.09375,-0.244140625,-0.205078125
25560,1.2109375,1.083984375,-0.25390625,-0.263671875
25561,1.25,1.083984375,-0.37109375,-0.224609375
25562,1.240234375,1.015625,-0.283203125,-0.234375
25563,1.337890625,0.908203125,-0.3125,-0.13671875
25564,1.201171875,1.103515625,-0.17578125,-0.29296875
25565,1.357421875,1.09375,-0.29296875,-0.322265625
25566,1.181640625,1.30859375,-0.25390625,-0.302734375
25567,1.19140625,1.09375,-0.21484375,-0.15625
25568,1.42578125,1.07421875,-0.224609375,-0.1953125
25569,1.25,1.11328125,-0.087890625,-0.283203125
25570,1.357421875,1.03515625,-0.1171875,-0.3515625
25571,1.083984375,1.044921875,-0.166015625,-0.185546875
25572,1.171875,1.23046875,-0.244140625,-0.2734375
25573,1.240234375,1.11328125,-0.263671875,-0.25390625
25574,1.279296875,1.220703125,-0.1953125,-0.1953125
25575,1.09375,1.19140625,-0.15625,-0.224609375
25576,1.181640625,1.25,-0.322265625,-0.3125
25577,1.19140625,1.1328125,-0.15625,-0.234375
25578,1.1328125,1.09375,-0.15625,-0.234375
25579,1.23046875,1.23046875,-0.263671875,-0.302734375
25580,1.044921875,1.103515625,-0.205078125,-0.01953125
25581,1.064453125,1.25,-0.21484375,-0.244140625
25582,1.181640625,1.23046875,-0.234375,-0.21484375
25583,1.2109375,1.1328125,-0.205078125,-0.263671875
25584,1.15234375,1.181640625,-0.17578125,-0.400390625
25585,1.171875,1.123046875,-0.185546875,-0.234375
25586,1.123046875,1.1328125,-0.185546875,-0.283203125
25587,1.2109375,1.1328125,-0.1953125,-0.3515625
25588,1.181640625,1.123046875,-0.166015625,-0.302734375
25589,1.11328125,1.11328125,-0.21484375,-0.009765625
25590,1.11328125,1.09375,-0.25390625,-0.263671875
25591,1.162109375,1.181640625,-0.341796875,-0.3125
25592,1.220703125,1.103515625,-0.224609375,-0.21484375
25593,1.1328125,1.15234375,-0.166015625,-0.205078125
25594,1.15234375,1.2109375,-0.166015625,-0.234375
25595,1.044921875,1.0546875,-0.234375,-0.21484375
25596,1.103515625,1.15234375,-0.244140625,-0.13671875
25597,1.19140625,1.1328125,-0.21484375,-0.244140625
25598,1.181640625,1.162109375,-0.25390625,-0.361328125
25599,1.142578125,1.201171875,-0.302734375,-0.224609375
25600,1.15234375,1.162109375,-0.3125,-0.166015625
25601,1.103515625,1.26953125,-0.234375,-0.302734375
25602,1.40625,1.220703125,-0.234375,-0.224609375
25603,1.181640625,1.07421875,-0.341796875,-0.25390625
25604,1.201171875,1.162109375,-0.322265625,-0.234375
25605,1.19140625,1.19140625,-0.3125,-0.3515625
25606,1.220703125,1.23046875,-0.283203125,-0.17578125
25607,1.2109375,1.181640625,-0.3515625,-0.302734375
25608,1.26953125,1.09375,-0.1171875,-0.09765625
25609,1.220703125,1.220703125,-0.078125,-0.3125
25610,1.025390625,1.142578125,-0.1171875,-0.21484375
25611,1.07421875,1.142578125,-0.1171875,-0.322265625
25612,1.19140625,1.19140625,-0.126953125,-0.2734375
25613,1.201171875,1.103515625,-0.1953125,-0.25390625
25614,1.142578125,1.19140625,-0.234375,-0.15625
25615,1.162109375,1.15234375,-0.166015625,-0.1953125
25616,1.201171875,1.142578125,-0.17578125,-0.283203125
25617,1.30859375,1.103515625,-0.224609375,-0.283203125
25618,1.2109375,0.986328125,-0.205078125,-0.361328125
25619,1.181640625,1.083984375,-0.17578125,-0.302734375
25620,1.318359375,1.15234375,-0.205078125,-0.263671875
25621,1.318359375,1.2109375,-0.205078125,-0.25390625
25622,1.26953125,1.201171875,-0.146484375,-0.244140625
25623,1.259765625,1.11328125,-0.185546875,-0.17578125
25624,1.259765625,1.23046875,-0.25390625,-0.341796875
25625,1.201171875,1.103515625,-0.2734375,-0.29296875
25626,1.142578125,1.11328125,-0.205078125,-0.185546875
25627,1.23046875,1.162109375,-0.263671875,-0.4296875
25628,1.2109375,1.25,-0.205078125,-0.234375
25629,1.171875,1.181640625,-0.17578125,-0.224609375
25630,1.2109375,1.25,-0.21484375,-0.234375
25631,1.279296875,1.201171875,-0.17578125,-0.3515625
25632,1.318359375,1.181640625,-0.1953125,-0.283203125
25633,1.171875,1.2109375,-0.1171875,-0.283203125
25634,1.220703125,1.240234375,-0.21484375,-0.21484375
25635,1.171875,1.259765625,-0.25390625,-0.146484375
25636,1.162109375,1.083984375,-0.21484375,-0.33203125
25637,1.220703125,1.259765625,-0.29296875,-0.234375
25638,1.083984375,1.201171875,-0.13671875,-0.302734375
25639,1.083984375,1.181640625,-0.166015625,-0.166015625
25640,1.162109375,1.162109375,-0.185546875,-0.390625
25641,1.26953125,1.15234375,-0.205078125,-0.283203125
25642,1.15234375,1.19140625,-0.146484375,-0.234375
25643,1.15234375,1.15234375,-0.13671875,-0.263671875
25644,1.201171875,1.15234375,-0.21484375,-0.078125
25645,1.2890625,1.2109375,-0.17578125,-0.283203125
25646,1.240234375,1.11328125,-0.0390625,-0.302734375
25647,1.240234375,1.181640625,-0.205078125,-0.15625
25648,1.337890625,1.0546875,-0.205078125,-0.205078125
25649,1.30859375,1.337890625,-0.302734375,-0.283203125
25650,1.2109375,1.11328125,-0.25390625,-0.3515625
25651,1.23046875,1.23046875,-0.205078125,-0.1171875
25652,1.26953125,1.142578125,-0.263671875,-0.21484375
25653,1.259765625,1.11328125,-0.1953125,-0.41015625
25654,1.19140625,1.240234375,-0.322265625,-0.25390625
25655,1.220703125,1.083984375,-0.283203125,-0.3125
25656,1.181640625,1.2109375,-0.234375,-0.37109375
25657,1.25,1.19140625,-0.25390625,-0.29296875
25658,1.23046875,1.103515625,-0.17578125,-0.2734375
25659,1.142578125,1.15234375,-0.2734375,-0.2734375
25660,1.162109375,1.181640625,-0.234375,-0.29296875
25661,1.26953125,1.220703125,-0.1953125,-0.3515625
25662,1.0546875,1.142578125,-0.234375,-0.09765625
25663,1.26953125,1.2109375,-0.263671875,-0.341796875
25664,1.240234375,1.162109375,-0.224609375,-0.25390625
25665,1.19140625,1.220703125,-0.146484375,-0.302734375
25666,1.2109375,1.103515625,-0.263671875,-0.13671875
25667,1.15234375,1.201171875,-0.205078125,-0.25390625
25668,1.181640625,1.171875,-0.1953125,-0.25390625
25669,1.26953125,1.044921875,-0.283203125,-0.322265625
25670,1.162109375,1.03515625,-0.244140625,-0.244140625
25671,1.318359375,1.1328125,-0.322265625,-0.1171875
25672,1.259765625,1.25,-0.263671875,-0.3125
25673,1.23046875,1.220703125,-0.21484375,-0.263671875
25674,1.259765625,1.171875,-0.29296875,-0.41015625
25675,1.328125,1.2109375,-0.322265625,-0.234375
25676,1.26953125,0.99609375,-0.1953125,-0.3125
25677,1.220703125,1.181640625,-0.234375,-0.205078125
25678,1.279296875,1.26953125,-0.17578125,-0.390625
25679,1.2109375,1.279296875,-0.234375,-0.322265625
25680,1.1328125,1.26953125,-0.341796875,-0.107421875
25681,1.279296875,1.19140625,-0.29296875,-0.302734375
25682,1.26953125,1.298828125,-0.166015625,-0.3515625
25683,1.259765625,1.162109375,-0.224609375,-0.322265625
25684,1.1328125,1.162109375,-0.234375,-0.25390625
25685,1.15234375,1.259765625,-0.283203125,-0.3125
25686,1.220703125,1.201171875,-0.302734375,-0.25390625
25687,1.220703125,1.201171875,-0.341796875,-0.3125
25688,1.220703125,1.123046875,-0.244140625,-0.29296875
25689,1.240234375,1.083984375,-0.283203125,-0.302734375
25690,1.25,1.23046875,-0.185546875,-0.25390625
25691,1.201171875,1.220703125,-0.234375,-0.341796875
25692,1.259765625,1.19140625,-0.33203125,-0.302734375
25693,1.318359375,1.181640625,-0.244140625,-0.244140625
25694,1.23046875,1.337890625,-0.1953125,-0.390625
25695,1.181640625,1.15234375,-0.244140625,-0.244140625
25696,1.162109375,1.2109375,-0.244140625,-0.29296875
25697,1.279296875,1.2109375,-0.224609375,-0.37109375
25698,1.2890625,1.23046875,-0.419921875,-0.205078125
25699,1.328125,1.171875,-0.283203125,-0.3515625
25700,1.26953125,1.259765625,-0.25390625,-0.341796875
25701,1.240234375,1.181640625,-0.2734375,-0.33203125
25702,1.591796875,1.201171875,-0.25390625,-0.3515625
25703,1.318359375,1.30859375,-0.263671875,-0.283203125
25704,1.318359375,1.259765625,-0.29296875,-0.2734375
25705,1.259765625,1.23046875,-0.21484375,-0.29296875
25706,1.298828125,1.34765625,-0.21484375,-0.33203125
25707,1.30859375,1.201171875,-0.166015625,-0.234375
25708,1.2890625,1.162109375,-0.1953125,-0.361328125
25709,1.220703125,1.142578125,-0.1953125,-0.25390625
25710,1.38671875,1.26953125,-0.1171875,-0.341796875
25711,1.38671875,1.25,-0.2734375,-0.33203125
25712,1.279296875,1.25,-0.234375,-0.390625
25713,1.259765625,1.19140625,-0.224609375,-0.322265625
25714,1.4453125,1.298828125,-0.234375,-0.25390625
25715,1.376953125,1.26953125,-0.21484375,-0.283203125
25716,1.34765625,1.220703125,-0.1953125,-0.29296875
25717,1.4453125,1.2890625,-0.17578125,-0.361328125
25718,1.376953125,1.298828125,-0.17578125,-0.3125
25719,1.34765625,1.4453125,-0.29296875,-0.3125
25720,1.3671875,1.2890625,-0.2734375,-0.234375
25721,1.298828125,1.318359375,-0.224609375,-0.29296875
25722,1.26953125,1.259765625,-0.25390625,-0.2734375
25723,1.38671875,1.30859375,-0.25390625,-0.37109375
25724,1.376953125,1.171875,-0.322265625,-0.419921875
25725,1.416015625,1.103515625,-0.185546875,-0.263671875
25726,1.357421875,1.259765625,-0.302734375,-0.263671875
25727,1.201171875,1.220703125,-0.263671875,-0.3125
25728,1.396484375,1.26953125,-0.263671875,-0.341796875
25729,1.376953125,1.259765625,-0.126953125,-0.283203125
25730,1.19140625,1.26953125,-0.263671875,-0.3125
25731,1.328125,1.30859375,-0.322265625,-0.33203125
25732,1.40625,1.259765625,-0.263671875,-0.419921875
25733,1.30859375,1.279296875,-0.2734375,-0.263671875
25734,1.337890625,1.181640625,-0.283203125,-0.361328125
25735,1.30859375,1.26953125,-0.322265625,-0.3515625
25736,1.34765625,1.220703125,-0.263671875,-0.283203125
25737,1.357421875,1.19140625,-0.2734375,-0.1953125
25738,1.4453125,1.19140625,-0.302734375,-0.41015625
25739,1.40625,1.23046875,-0.341796875,-0.3125
25740,1.26953125,1.23046875,-0.068359375,-0.361328125
25741,1.328125,1.123046875,-0.21484375,-0.3515625
25742,1.26953125,1.201171875,-0.224609375,-0.400390625
25743,1.298828125,1.1328125,-0.380859375,-0.390625
25744,1.142578125,1.201171875,-0.234375,-0.390625
25745,1.376953125,1.2109375,-0.2734375,-0.29296875
25746,1.25,1.298828125,-0.263671875,-0.3125
25747,1.318359375,1.25,-0.244140625,-0.37109375
25748,1.337890625,1.19140625,-0.2734375,-0.380859375
25749,1.201171875,1.50390625,-0.25390625,-0.41015625
25750,1.34765625,1.23046875,-0.17578125,-0.390625
25751,1.240234375,1.2109375,-0.244140625,-0.419921875
25752,1.30859375,1.337890625,-0.3125,-0.29296875
25753,1.279296875,1.123046875,-0.29296875,-0.3125
25754,1.19140625,1.171875,-0.3125,-0.244140625
25755,1.337890625,1.123046875,-0.283203125,-0.33203125
25756,1.26953125,1.15234375,-0.13671875,-0.419921875
25757,1.2890625,1.142578125,-0.2734375,-0.3515625
25758,1.25,1.220703125,-0.2734375,-0.302734375
25759,1.318359375,1.005859375,-0.322265625,-0.244140625
25760,1.298828125,1.142578125,-0.2734375,-0.390625
25761,1.30859375,1.005859375,-0.3125,-0.37109375
25762,1.2890625,1.11328125,-0.29296875,-0.361328125
25763,1.279296875,1.15234375,-0.17578125,-0.341796875
25764,1.26953125,1.23046875,-0.341796875,-0.3515625
25765,1.328125,1.25,-0.185546875,-0.3515625
25766,1.298828125,1.171875,-0.21484375,-0.29296875
25767,1.09375,1.025390625,-0.3125,-0.41015625
25768,1.318359375,1.123046875,-0.224609375,-0.41015625
25769,1.26953125,1.201171875,-0.21484375,-0.4296875
25770,1.2890625,1.201171875,-0.283203125,-0.25390625
25771,1.259765625,1.162109375,-0.21484375,-0.41015625
25772,1.201171875,1.171875,-0.087890625,-0.458984375
25773,1.38671875,1.23046875,-0.25390625,-0.322265625
25774,1.240234375,1.23046875,-0.3125,-0.33203125
25775,1.240234375,1.171875,-0.21484375,-0.224609375
25776,1.1328125,1.09375,-0.05859375,-0.25390625
25777,1.220703125,1.240234375,-0.185546875,-0.3515625
25778,1.23046875,1.15234375,-0.29296875,-0.33203125
25779,1.2109375,1.0546875,-0.25390625,-0.537109375
25780,1.26953125,1.201171875,-0.380859375,-0.41015625
25781,1.1328125,1.25,-0.283203125,-0.380859375
25782,1.19140625,1.15234375,-0.21484375,-0.224609375
25783,1.181640625,1.1328125,-0.234375,-0.390625
25784,1.279296875,1.123046875,-0.25390625,-0.380859375
25785,1.181640625,1.279296875,-0.1953125,-0.361328125
25786,1.171875,1.201171875,-0.3515625,-0.400390625
25787,1.240234375,1.171875,-0.234375,-0.52734375
25788,1.2109375,1.23046875,-0.341796875,-0.48828125
25789,1.181640625,1.19140625,-0.3515625,-0.390625
25790,1.181640625,1.142578125,-0.1953125,-0.185546875
25791,1.162109375,1.11328125,-0.146484375,-0.48828125
25792,1.2109375,1.181640625,-0.09765625,-0.3515625
25793,1.171875,1.2109375,-0.29296875,-0.5078125
25794,1.23046875,1.201171875,-0.25390625,-0.3515625
25795,1.181640625,1.19140625,-0.15625,-0.3515625
25796,1.19140625,1.181640625,-0.15625,-0.322265625
25797,1.259765625,1.201171875,-0.146484375,-0.2734375
25798,1.162109375,1.23046875,-0.33203125,-0.3515625
25799,1.19140625,1.2109375,-0.107421875,-0.37109375
25800,1.25,1.181640625,-0.13671875,-0.3515625
25801,1.220703125,1.25,-0.25390625,-0.4296875
25802,1.181640625,1.11328125,-0.1953125,-0.48828125
25803,1.09375,1.171875,-0.29296875,-0.37109375
25804,1.259765625,1.171875,-0.29296875,-0.400390625
25805,1.25,1.15234375,-0.224609375,-0.361328125
25806,1.2109375,1.11328125,-0.341796875,-0.4296875
25807,1.240234375,1.044921875,-0.4296875,-0.400390625
25808,1.19140625,1.15234375,-0.185546875,-0.3515625
25809,1.201171875,1.123046875,-0.205078125,-0.15625
25810,1.181640625,1.064453125,-0.341796875,-0.3515625
25811,1.181640625,1.11328125,-0.25390625,-0.29296875
25812,1.142578125,1.0546875,-0.244140625,-0.33203125
25813,1.2890625,1.07421875,-0.234375,-0.390625
25814,1.25,1.26953125,-0.29296875,-0.361328125
25815,1.30859375,1.15234375,-0.25390625,-0.37109375
25816,1.2890625,0.9375,-0.33203125,-0.361328125
25817,1.220703125,1.162109375,-0.29296875,-0.390625
25818,1.240234375,1.103515625,-0.283203125,-0.2734375
25819,1.298828125,1.11328125,-0.234375,-0.390625
25820,1.357421875,1.083984375,-0.09765625,-0.41015625
25821,1.376953125,1.083984375,-0.3515625,-0.4296875
25822,1.25,0.9765625,-0.234375,-0.41015625
25823,1.259765625,1.064453125,-0.224609375,-0.400390625
25824,1.103515625,1.142578125,-0.263671875,-0.380859375
25825,1.357421875,1.07421875,-0.361328125,-0.419921875
25826,1.279296875,1.103515625,-0.146484375,-0.419921875
25827,1.357421875,1.1328125,-0.205078125,-0.263671875
25828,1.318359375,0.986328125,-0.25390625,-0.37109375
25829,1.240234375,1.07421875,-0.29296875,-0.341796875
25830,1.38671875,1.1328125,-0.25390625,-0.361328125
25831,1.318359375,1.1328125,-0.25390625,-0.3515625
25832,1.279296875,1.044921875,-0.29296875,-0.341796875
25833,1.162109375,1.11328125,-0.283203125,-0.283203125
25834,1.279296875,1.123046875,-0.263671875,-0.33203125
25835,1.26953125,1.044921875,-0.244140625,-0.3515625
25836,1.25,1.1328125,-0.263671875,-0.3125
25837,1.337890625,1.0546875,-0.2734375,-0.263671875
25838,1.23046875,1.064453125,-0.302734375,-0.419921875
25839,1.09375,0.95703125,-0.224609375,-0.3125
25840,1.25,1.005859375,-0.126953125,-0.322265625
25841,1.220703125,1.025390625,-0.234375,-0.3515625
25842,1.337890625,1.044921875,-0.205078125,-0.244140625
25843,1.259765625,1.005859375,-0.1953125,-0.29296875
25844,1.25,0.986328125,-0.185546875,-0.3125
25845,1.2109375,0.95703125,-0.1953125,-0.146484375
25846,1.181640625,0.9765625,-0.1171875,-0.3515625
25847,1.220703125,1.337890625,-0.048828125,-0.3125
25848,1.3671875,1.015625,-0.205078125,-0.390625
25849,1.2890625,0.99609375,-0.09765625,-0.21484375
25850,1.26953125,1.07421875,-0.21484375,-0.341796875
25851,1.181640625,1.03515625,-0.185546875,-0.2734375
25852,1.201171875,0.986328125,-0.25390625,-0.224609375
25853,1.201171875,1.044921875,-0.21484375,-0.2734375
25854,1.240234375,1.103515625,-0.13671875,-0.3515625
25855,1.201171875,0.99609375,-0.146484375,-0.361328125
25856,1.162109375,1.07421875,-0.166015625,-0.263671875
25857,1.1328125,1.0546875,-0.17578125,-0.205078125
25858,1.30859375,1.005859375,-0.17578125,-0.224609375
25859,1.23046875,1.044921875,-0.263671875,-0.3125
25860,1.162109375,1.103515625,-0.146484375,-0.205078125
25861,1.201171875,1.015625,-0.25390625,-0.3515625
25862,1.201171875,1.03515625,-0.361328125,-0.2734375
25863,1.279296875,1.025390625,-0.185546875,-0.302734375
25864,1.279296875,1.103515625,-0.21484375,-0.166015625
25865,1.30859375,0.927734375,-0.17578125,-0.390625
25866,1.26953125,1.025390625,-0.166015625,-0.341796875
25867,1.318359375,1.005859375,-0.263671875,-0.341796875
25868,1.201171875,0.927734375,-0.25390625,-0.3515625
25869,1.201171875,1.044921875,-0.21484375,-0.2734375
25870,1.279296875,1.044921875,-0.1953125,-0.41015625
25871,1.142578125,1.025390625,-0.322265625,-0.283203125
25872,1.171875,0.947265625,-0.341796875,-0.37109375
25873,1.103515625,0.986328125,-0.29296875,-0.244140625
25874,1.220703125,1.03515625,-0.244140625,-0.37109375
25875,1.171875,0.927734375,-0.1953125,-0.41015625
25876,1.23046875,0.986328125,-0.21484375,-0.2734375
25877,1.2109375,1.015625,-0.166015625,-0.302734375
25878,1.201171875,0.791015625,-0.263671875,-0.263671875
25879,1.142578125,1.015625,-0.205078125,-0.25390625
25880,1.083984375,0.95703125,-0.283203125,-0.2734375
25881,1.25,1.103515625,-0.2734375,-0.146484375
25882,1.23046875,1.025390625,-0.205078125,-0.302734375
25883,1.34765625,0.9375,-0.166015625,-0.21484375
25884,1.2890625,0.8203125,-0.166015625,-0.2734375
25885,1.2890625,1.07421875,-0.234375,-0.283203125
25886,1.240234375,1.03515625,-0.302734375,-0.322265625
25887,1.201171875,0.91796875,-0.205078125,-0.390625
25888,1.23046875,0.9765625,-0.234375,-0.25390625
25889,1.240234375,0.966796875,-0.205078125,-0.33203125
25890,1.25,1.19140625,-0.3125,-0.361328125
25891,1.279296875,0.9765625,-0.205078125,-0.341796875
25892,1.26953125,0.966796875,-0.205078125,-0.546875
25893,1.259765625,0.9375,-0.185546875,-0.322265625
25894,1.26953125,1.03515625,-0.234375,-0.33203125
25895,1.162109375,1.0546875,-0.185546875,-0.419921875
25896,1.2890625,1.09375,-0.17578125,-0.37109375
25897,1.181640625,0.99609375,-0.234375,-0.380859375
25898,1.19140625,1.03515625,-0.283203125,-0.283203125
25899,1.171875,1.11328125,-0.283203125,-0.390625
25900,1.259765625,0.986328125,-0.224609375,-0.21484375
25901,1.15234375,1.005859375,-0.15625,-0.33203125
25902,1.26953125,0.99609375,-0.33203125,-0.41015625
25903,1.23046875,1.015625,-0.283203125,-0.341796875
25904,1.298828125,0.986328125,-0.21484375,-0.419921875
25905,1.15234375,0.9765625,-0.21484375,-0.37109375
25906,1.181640625,0.9765625,-0.17578125,-0.21484375
25907,1.142578125,0.947265625,-0.146484375,-0.341796875
25908,1.25,1.2109375,-0.29296875,-0.302734375
25909,1.23046875,1.11328125,-0.234375,-0.283203125
25910,1.123046875,1.123046875,-0.283203125,-0.244140625
25911,1.181640625,1.220703125,-0.2734375,-0.263671875
25912,1.162109375,1.03515625,-0.283203125,-0.33203125
25913,1.09375,1.0546875,-0.25390625,-0.41015625
25914,1.220703125,1.064453125,-0.263671875,-0.283203125
25915,1.26953125,1.162109375,-0.13671875,-0.244140625
25916,1.171875,1.005859375,-0.21484375,-0.244140625
25917,1.19140625,1.07421875,-0.17578125,-0.29296875
25918,1.201171875,1.25,-0.205078125,-0.439453125
25919,1.2109375,1.005859375,-0.21484375,-0.21484375
25920,1.2109375,1.044921875,-0.224609375,-0.21484375
25921,1.220703125,1.11328125,-0.263671875,-0.4296875
25922,1.11328125,1.0546875,-0.263671875,-0.263671875
25923,1.34765625,0.908203125,-0.048828125,-0.263671875
25924,1.318359375,0.80078125,-0.13671875,-0.2734375
25925,1.30859375,1.07421875,-0.244140625,-0.21484375
25926,1.318359375,1.11328125,-0.234375,-0.205078125
25927,1.318359375,1.083984375,-0.302734375,-0.205078125
25928,1.220703125,1.0546875,-0.263671875,-0.21484375
25929,1.2890625,0.87890625,-0.263671875,-0.263671875
25930,1.25,1.162109375,-0.234375,-0.2734375
25931,1.240234375,1.005859375,-0.17578125,-0.341796875
25932,1.279296875,1.064453125,-0.17578125,-0.263671875
25933,1.25,1.181640625,-0.166015625,-0.17578125
25934,1.2109375,1.025390625,-0.1953125,-0.3125
25935,1.19140625,1.09375,-0.234375,-0.341796875
25936,1.30859375,1.064453125,-0.185546875,-0.244140625
25937,1.09375,1.11328125,-0.25390625,-0.185546875
25938,1.142578125,0.99609375,-0.234375,-0.419921875
25939,1.201171875,1.15234375,-0.205078125,-0.2734375
25940,1.26953125,1.064453125,-0.234375,-0.302734375
25941,1.142578125,1.123046875,-0.21484375,-0.283203125
25942,1.15234375,0.9765625,-0.263671875,-0.263671875
25943,1.298828125,1.064453125,-0.234375,-0.25390625
25944,1.123046875,1.1328125,-0.1953125,-0.283203125
25945,1.181640625,1.09375,-0.17578125,-0.361328125
25946,1.298828125,1.064453125,-0.322265625,-0.29296875
25947,1.328125,1.240234375,-0.087890625,-0.166015625
25948,1.162109375,0.966796875,-0.29296875,-0.205078125
25949,1.26953125,1.09375,-0.13671875,-0.205078125
25950,1.19140625,1.044921875,-0.283203125,-0.283203125
25951,1.23046875,1.083984375,-0.09765625,-0.234375
25952,1.26953125,1.103515625,-0.1953125,-0.234375
25953,1.30859375,1.025390625,-0.166015625,-0.1953125
25954,1.259765625,1.044921875,-0.25390625,-0.263671875
25955,1.357421875,1.142578125,-0.185546875,-0.341796875
25956,1.201171875,1.015625,-0.17578125,-0.25390625
25957,1.328125,1.09375,-0.37109375,-0.322265625
25958,1.2890625,1.03515625,-0.29296875,-0.166015625
25959,1.2890625,1.123046875,-0.146484375,-0.068359375
25960,1.162109375,1.044921875,-0.224609375,-0.21484375
25961,1.23046875,1.07421875,-0.185546875,-0.322265625
25962,1.416015625,1.07421875,-0.263671875,-0.302734375
25963,1.25,1.044921875,-0.2734375,-0.224609375
25964,1.357421875,1.07421875,-0.244140625,-0.3125
25965,1.181640625,1.11328125,-0.322265625,-0.205078125
25966,1.142578125,1.044921875,-0.2734375,-0.2734375
25967,1.201171875,1.09375,-0.322265625,-0.1953125
25968,1.298828125,1.181640625,-0.263671875,-0.322265625
25969,1.25,1.19140625,-0.2734375,-0.244140625
25970,1.09375,1.123046875,-0.3515625,-0.29296875
25971,1.2890625,1.0546875,-0.224609375,-0.322265625
25972,1.19140625,1.2109375,-0.322265625,-0.234375
25973,1.201171875,0.966796875,-0.224609375,-0.400390625
25974,1.09375,1.181640625,-0.263671875,-0.205078125
25975,1.201171875,1.15234375,-0.234375,-0.234375
25976,1.162109375,1.15234375,-0.302734375,-0.3515625
25977,1.162109375,1.064453125,-0.283203125,-0.2734375
25978,1.259765625,1.15234375,-0.29296875,-0.244140625
25979,1.162109375,1.07421875,-0.33203125,-0.126953125
25980,1.23046875,1.03515625,-0.263671875,-0.224609375
25981,1.220703125,0.986328125,-0.1953125,-0.2734375
25982,1.30859375,1.279296875,-0.302734375,-0.3125
25983,1.2890625,1.064453125,-0.283203125,-0.2734375
25984,1.25,1.064453125,-0.33203125,-0.380859375
25985,1.240234375,1.142578125,-0.21484375,-0.224609375
25986,1.15234375,1.064453125,-0.283203125,-0.224609375
25987,1.220703125,1.064453125,-0.263671875,-0.283203125
25988,1.201171875,1.015625,-0.302734375,-0.244140625
25989,1.318359375,1.07421875,-0.234375,-0.224609375
25990,1.25,1.142578125,-0.263671875,-0.3515625
25991,1.240234375,0.9765625,-0.13671875,-0.166015625
25992,1.142578125,1.0546875,-0.224609375,-0.29296875
25993,1.07421875,0.8984375,-0.234375,-0.263671875
25994,1.19140625,1.005859375,-0.205078125,-0.185546875
25995,1.1328125,1.09375,-0.25390625,-0.21484375
25996,1.162109375,0.869140625,-0.205078125,-0.2734375
25997,1.2109375,1.0546875,-0.224609375,-0.244140625
25998,1.201171875,1.083984375,-0.17578125,-0.283203125
25999,1.123046875,1.025390625,-0.283203125,-0.263671875
26000,1.15234375,1.015625,-0.361328125,-0.2734375
26001,1.15234375,1.103515625,-0.21484375,-0.3125
26002,1.240234375,1.142578125,-0.185546875,-0.224609375
26003,1.19140625,1.064453125,-0.263671875,-0.2734375
26004,1.162109375,1.025390625,-0.21484375,-0.05859375
26005,1.201171875,1.064453125,-0.2734375,-0.25390625
26006,1.220703125,1.34765625,-0.185546875,-0.3125
26007,1.26953125,1.11328125,-0.234375,-0.439453125
26008,1.142578125,1.201171875,-0.2734375,-0.29296875
26009,1.19140625,1.11328125,-0.205078125,-0.341796875
26010,1.103515625,1.171875,-0.3125,-0.224609375
26011,1.181640625,1.083984375,-0.234375,-0.13671875
26012,1.171875,1.064453125,-0.224609375,-0.185546875
26013,1.171875,1.09375,-0.25390625,-0.087890625
26014,1.09375,1.25,-0.234375,-0.3125
26015,1.171875,1.064453125,-0.2734375,-0.302734375
26016,1.162109375,1.0546875,-0.25390625,-0.341796875
26017,1.123046875,1.11328125,-0.283203125,-0.263671875
26018,1.171875,1.15234375,0.0390625,-0.234375
26019,1.2109375,1.15234375,-0.25390625,-0.48828125
26020,1.26953125,1.171875,-0.21484375,-0.224609375
26021,1.259765625,1.07421875,-0.283203125,-0.263671875
26022,1.123046875,1.23046875,-0.25390625,-0.185546875
26023,1.220703125,1.19140625,-0.205078125,-0.400390625
26024,1.181640625,1.11328125,-0.126953125,-0.283203125
26025,1.162109375,1.162109375,-0.107421875,-0.322265625
26026,1.259765625,1.171875,-0.302734375,-0.25390625
26027,1.11328125,1.015625,-0.185546875,-0.17578125
26028,1.201171875,1.142578125,-0.15625,-0.3125
26029,1.220703125,1.25,-0.3125,-0.21484375
26030,1.25,1.259765625,-0.205078125,-0.283203125
26031,1.201171875,1.2109375,-0.244140625,-0.25390625
26032,1.171875,1.23046875,-0.390625,-0.068359375
26033,1.220703125,1.23046875,-0.41015625,-0.048828125
26034,1.1328125,1.15234375,-0.2734375,-0.166015625
26035,1.25,1.142578125,-0.322265625,-0.2734375
26036,1.220703125,0.9765625,-0.380859375,-0.3125
26037,1.171875,1.11328125,-0.390625,-0.4296875
26038,1.201171875,1.044921875,-0.29296875,-0.302734375
26039,1.259765625,1.2109375,-0.263671875,-0.244140625
26040,1.11328125,1.15234375,-0.146484375,-0.283203125
26041,1.259765625,1.103515625,-0.234375,-0.3125
26042,1.201171875,1.1328125,-0.13671875,-0.283203125
26043,1.19140625,1.1328125,-0.1953125,-0.302734375
26044,1.25,1.19140625,-0.185546875,-0.1953125
26045,1.162109375,1.11328125,-0.17578125,-0.361328125
26046,1.201171875,1.103515625,-0.1171875,-0.263671875
26047,1.083984375,1.15234375,-0.1953125,-0.234375
26048,1.298828125,1.19140625,-0.25390625,-0.224609375
26049,1.318359375,1.09375,-0.126953125,-0.21484375
26050,1.298828125,1.09375,-0.302734375,-0.29296875
26051,1.2109375,1.220703125,-0.146484375,-0.33203125
26052,1.23046875,1.044921875,-0.283203125,-0.3515625
26053,1.220703125,1.11328125,-0.25390625,-0.33203125
26054,1.103515625,1.142578125,-0.25390625,-0.302734375
26055,1.23046875,1.07421875,-0.0390625,-0.341796875
26056,1.162109375,1.1328125,-0.224609375,-0.302734375
26057,1.298828125,1.220703125,-0.25390625,-0.33203125
26058,1.240234375,1.123046875,-0.25390625,-0.2734375
26059,1.25,1.123046875,-0.185546875,-0.380859375
26060,1.25,1.103515625,-0.107421875,-0.283203125
26061,1.181640625,1.1328125,-0.3515625,-0.205078125
26062,1.162109375,1.201171875,-0.263671875,-0.1953125
26063,1.162109375,1.142578125,-0.2734375,-0.3515625
26064,1.123046875,1.2109375,-0.21484375,-0.224609375
26065,1.2890625,1.1328125,-0.234375,-0.283203125
26066,1.2109375,1.0546875,-0.25390625,-0.283203125
26067,1.201171875,1.11328125,-0.234375,-0.25390625
26068,1.162109375,1.2109375,-0.25390625,-0.205078125
26069,1.181640625,1.19140625,-0.126953125,-0.5078125
26070,1.201171875,1.015625,-0.244140625,-0.322265625
26071,1.376953125,1.162109375,-0.17578125,-0.33203125
26072,1.181640625,1.26953125,-0.126953125,-0.283203125
26073,1.201171875,1.171875,-0.263671875,-0.380859375
26074,1.123046875,1.171875,-0.263671875,-0.244140625
26075,1.240234375,1.201171875,-0.1953125,-0.2734375
26076,1.2109375,1.162109375,-0.078125,-0.2734375
26077,1.2890625,1.171875,-0.302734375,-0.2734375
26078,1.279296875,1.171875,-0.263671875,-0.05859375
26079,1.201171875,1.083984375,-0.2734375,-0.25390625
26080,1.34765625,1.23046875,-0.361328125,-0.244140625
26081,1.2109375,1.11328125,-0.234375,-0.13671875
26082,1.201171875,1.30859375,-0.166015625,-0.283203125
26083,1.181640625,1.162109375,-0.263671875,-0.244140625
26084,1.123046875,1.201171875,-0.205078125,-0.087890625
26085,1.25,1.25,-0.25390625,-0.1953125
26086,1.298828125,1.19140625,-0.048828125,-0.166015625
26087,1.220703125,1.1328125,-0.224609375,-0.263671875
26088,1.220703125,1.181640625,-0.17578125,-0.341796875
26089,1.25,1.2109375,-0.224609375,-0.21484375
26090,1.2109375,1.201171875,-0.25390625,-0.15625
26091,1.220703125,1.103515625,-0.224609375,-0.29296875
26092,1.19140625,1.201171875,-0.166015625,-0.439453125
26093,1.2890625,1.259765625,-0.205078125,-0.322265625
26094,1.220703125,1.2109375,-0.244140625,-0.361328125
26095,1.19140625,1.181640625,-0.322265625,-0.390625
26096,1.162109375,1.171875,-0.244140625,-0.390625
26097,1.259765625,1.328125,-0.341796875,-0.361328125
26098,1.201171875,1.171875,-0.205078125,-0.29296875
26099,1.318359375,1.0546875,-0.205078125,-0.29296875
26100,1.171875,1.162109375,-0.341796875,-0.3515625
26101,1.23046875,1.064453125,-0.224609375,-0.29296875
26102,1.38671875,1.19140625,-0.33203125,-0.244140625
26103,1.25,1.220703125,-0.2734375,-0.361328125
26104,1.34765625,1.09375,-0.322265625,-0.390625
26105,1.279296875,1.162109375,-0.263671875,-0.361328125
26106,1.240234375,1.240234375,-0.2734375,-0.3125
26107,1.23046875,1.181640625,-0.29296875,-0.341796875
26108,1.259765625,1.201171875,-0.341796875,-0.234375
26109,1.240234375,1.11328125,-0.224609375,-0.33203125
26110,1.2109375,1.201171875,-0.361328125,-0.224609375
26111,1.09375,1.201171875,-0.234375,-0.41015625
26112,1.26953125,1.201171875,-0.21484375,-0.361328125
26113,1.240234375,1.015625,-0.33203125,-0.380859375
26114,1.201171875,1.2109375,-0.21484375,-0.33203125
26115,1.23046875,1.259765625,-0.205078125,-0.2734375
26116,1.23046875,1.25,-0.25390625,-0.283203125
26117,1.25,1.171875,-0.263671875,-0.5078125
26118,1.396484375,1.396484375,-0.244140625,-0.302734375
26119,1.2890625,1.1328125,-0.205078125,-0.25390625
26120,1.25,1.23046875,-0.185546875,-0.33203125
26121,1.30859375,1.40625,-0.29296875,-0.341796875
26122,1.2890625,1.2109375,-0.25390625,-0.390625
26123,1.26953125,1.181640625,-0.244140625,-0.322265625
26124,1.318359375,1.11328125,-0.3125,-0.29296875
26125,1.26953125,1.23046875,-0.224609375,-0.439453125
26126,1.376953125,1.15234375,-0.2734375,-0.166015625
26127,1.2890625,1.4453125,-0.1953125,-0.37109375
26128,1.259765625,1.34765625,-0.17578125,-0.322265625
26129,1.318359375,1.201171875,-0.1953125,-0.380859375
26130,1.298828125,1.201171875,-0.224609375,-0.361328125
26131,1.337890625,1.26953125,-0.244140625,-0.361328125
26132,1.357421875,1.220703125,-0.224609375,-0.458984375
26133,1.337890625,1.2109375,-0.25390625,-0.224609375
26134,1.34765625,1.19140625,-0.205078125,-0.380859375
26135,1.42578125,1.201171875,-0.234375,-0.302734375
26136,1.318359375,1.298828125,-0.09765625,-0.52734375
26137,1.357421875,1.240234375,-0.3515625,-0.3515625
26138,1.40625,1.181640625,-0.2734375,-0.2734375
26139,1.30859375,1.2890625,-0.361328125,-0.21484375
26140,1.357421875,1.30859375,-0.244140625,-0.322265625
26141,1.552734375,1.181640625,-0.322265625,-0.361328125
26142,1.328125,1.064453125,-0.25390625,-0.224609375
26143,1.2890625,1.240234375,-0.185546875,-0.302734375
26144,1.298828125,1.181640625,-0.263671875,-0.29296875
26145,1.42578125,1.11328125,-0.185546875,-0.400390625
26146,1.279296875,1.259765625,-0.361328125,-0.439453125
26147,1.298828125,1.2109375,-0.341796875,-0.3125
26148,1.279296875,1.318359375,-0.244140625,-0.46875
26149,1.240234375,1.240234375,-0.1953125,-0.2734375
26150,1.220703125,1.181640625,-0.25390625,-0.5078125
26151,1.3671875,1.25,-0.185546875,-0.2734375
26152,1.298828125,1.181640625,-0.2734375,-0.341796875
26153,1.318359375,1.2109375,-0.29296875,-0.341796875
26154,1.19140625,1.181640625,-0.2734375,-0.361328125
26155,1.240234375,1.1328125,-0.234375,-0.3515625
26156,1.25,1.2890625,-0.244140625,-0.185546875
26157,1.357421875,1.201171875,-0.29296875,-0.33203125
26158,1.26953125,1.25,-0.234375,-0.341796875
26159,1.38671875,1.279296875,-0.3125,-0.244140625
26160,1.30859375,1.19140625,-0.185546875,-0.3515625
26161,1.38671875,1.181640625,-0.2734375,-0.37109375
26162,1.259765625,1.220703125,-0.21484375,-0.390625
26163,1.34765625,1.2109375,-0.283203125,-0.322265625
26164,1.357421875,1.259765625,-0.234375,-0.3125
26165,1.42578125,1.25,-0.2734375,-0.33203125
26166,1.38671875,1.220703125,-0.341796875,-0.41015625
26167,1.40625,1.2890625,-0.283203125,-0.4296875
26168,1.34765625,1.337890625,-0.25390625,-0.33203125
26169,1.25,1.259765625,-0.1953125,-0.44921875
26170,1.38671875,1.15234375,-0.234375,-0.41015625
26171,1.357421875,1.25,-0.361328125,-0.46875
26172,1.38671875,1.171875,-0.283203125,-0.263671875
26173,1.181640625,1.11328125,-0.341796875,-0.44921875
26174,1.279296875,1.240234375,-0.205078125,-0.3125
26175,1.318359375,1.15234375,-0.283203125,-0.380859375
26176,1.19140625,1.201171875,-0.37109375,-0.361328125
26177,1.23046875,1.162109375,-0.21484375,-0.478515625
26178,1.25,1.1328125,-0.3125,-0.37109375
26179,1.279296875,1.09375,-0.263671875,-0.341796875
26180,1.279296875,1.123046875,-0.25390625,-0.380859375
26181,1.298828125,1.171875,-0.380859375,-0.419921875
26182,1.2109375,1.064453125,-0.322265625,-0.41015625
26183,1.318359375,1.201171875,-0.25390625,-0.361328125
26184,1.201171875,1.142578125,-0.29296875,-0.234375
26185,1.357421875,1.23046875,-0.302734375,-0.3125
26186,1.279296875,1.171875,-0.3125,-0.37109375
26187,1.1328125,1.171875,-0.2734375,-0.322265625
26188,1.2109375,1.23046875,-0.33203125,-0.400390625
26189,1.25,1.25,-0.263671875,-0.390625
26190,1.30859375,1.2109375,-0.25390625,-0.341796875
26191,1.328125,1.25,-0.361328125,-0.48828125
26192,1.26953125,1.298828125,-0.224609375,-0.478515625
26193,1.162109375,1.181640625,-0.2734375,-0.3125
26194,1.30859375,1.15234375,-0.302734375,-0.390625
26195,1.23046875,1.171875,-0.185546875,-0.400390625
26196,1.1328125,1.259765625,-0.283203125,-0.37109375
26197,1.220703125,1.23046875,-0.283203125,-0.41015625
26198,1.259765625,1.171875,-0.048828125,-0.361328125
26199,1.23046875,1.142578125,-0.01953125,-0.390625
26200,1.357421875,1.142578125,-0.263671875,-0.419921875
26201,1.318359375,1.259765625,-0.234375,-0.322265625
26202,1.279296875,1.2109375,-0.283203125,-0.380859375
26203,1.259765625,1.220703125,-0.009765625,-0.390625
26204,1.26953125,1.19140625,-0.2734375,-0.380859375
26205,1.328125,1.201171875,-0.205078125,-0.48828125
26206,1.2890625,1.201171875,-0.15625,-0.341796875
26207,1.279296875,1.15234375,-0.1171875,-0.341796875
26208,1.26953125,1.201171875,-0.3125,-0.2734375
26209,1.240234375,1.142578125,-0.234375,-0.390625
26210,1.171875,1.19140625,-0.107421875,-0.419921875
26211,1.25,1.240234375,-0.166015625,-0.322265625
26212,1.2109375,1.279296875,-0.283203125,-0.302734375
26213,1.25,1.279296875,-0.25390625,-0.46875
26214,1.279296875,1.259765625,-0.25390625,-0.341796875
26215,1.26953125,1.1328125,-0.234375,-0.498046875
26216,1.171875,1.19140625,-0.1953125,-0.458984375
26217,1.19140625,1.2109375,-0.146484375,-0.458984375
26218,1.279296875,1.142578125,-0.283203125,-0.29296875
26219,1.2109375,1.015625,-0.25390625,-0.390625
26220,1.259765625,1.318359375,-0.29296875,-0.37109375
26221,1.201171875,1.1328125,-0.1171875,-0.439453125
26222,1.171875,1.26953125,-0.146484375,-0.2734375
26223,1.279296875,1.162109375,-0.13671875,-0.419921875
26224,1.201171875,1.142578125,-0.234375,-0.1953125
26225,1.181640625,1.181640625,-0.107421875,-0.41015625
26226,1.25,1.015625,-0.29296875,-0.419921875
26227,1.25,1.123046875,-0.25390625,-0.341796875
26228,1.201171875,1.240234375,-0.25390625,-0.380859375
26229,1.2890625,0.966796875,-0.3125,-0.380859375
26230,1.23046875,1.142578125,-0.17578125,-0.341796875
26231,1.3671875,1.318359375,-0.263671875,-0.41015625
26232,1.11328125,1.201171875,-0.146484375,-0.380859375
26233,1.201171875,1.11328125,-0.224609375,-0.3515625
26234,1.25,1.171875,-0.29296875,-0.458984375
26235,1.30859375,1.38671875,-0.341796875,-0.3515625
26236,1.279296875,1.11328125,-0.205078125,-0.400390625
26237,1.181640625,1.142578125,-0.322265625,-0.361328125
26238,1.201171875,1.171875,-0.283203125,-0.400390625
26239,1.25,1.171875,-0.302734375,-0.556640625
26240,1.279296875,1.201171875,-0.205078125,-0.37109375
26241,1.201171875,1.171875,-0.302734375,-0.322265625
26242,1.357421875,1.064453125,-0.283203125,-0.390625
26243,1.181640625,1.103515625,-0.3125,-0.302734375
26244,1.279296875,1.123046875,-0.234375,-0.33203125
26245,1.279296875,1.07421875,-0.302734375,-0.458984375
26246,1.2109375,0.8984375,-0.29296875,-0.341796875
26247,1.259765625,1.015625,-0.126953125,-0.361328125
26248,1.30859375,1.09375,-0.29296875,-0.478515625
26249,1.2890625,1.015625,-0.29296875,-0.361328125
26250,1.26953125,1.015625,-0.2734375,-0.390625
26251,1.142578125,1.025390625,-0.25390625,-0.263671875
26252,1.38671875,1.171875,-0.234375,-0.380859375
26253,1.279296875,1.083984375,-0.224609375,-0.33203125
26254,1.240234375,1.07421875,-0.244140625,-0.52734375
26255,1.279296875,1.064453125,-0.185546875,-0.283203125
26256,1.25,1.201171875,-0.234375,-0.37109375
26257,1.40625,1.07421875,-0.1953125,-0.361328125
26258,1.30859375,1.162109375,-0.234375,-0.2734375
26259,1.26953125,1.103515625,-0.244140625,-0.25390625
26260,1.15234375,1.103515625,-0.17578125,-0.3125
26261,1.162109375,1.19140625,-0.21484375,-0.29296875
26262,1.25,0.888671875,-0.13671875,-0.3125
26263,1.171875,1.103515625,-0.1171875,-0.224609375
26264,1.2890625,0.9375,-0.21484375,-0.322265625
26265,1.25,1.025390625,-0.244140625,-0.400390625
26266,1.357421875,1.015625,-0.302734375,-0.341796875
26267,1.26953125,1.07421875,-0.25390625,-0.33203125
26268,1.26953125,1.025390625,-0.234375,-0.390625
26269,1.30859375,1.0546875,-0.17578125,-0.341796875
26270,1.30859375,1.044921875,-0.185546875,-0.537109375
26271,1.25,0.95703125,-0.146484375,-0.3515625
26272,1.279296875,1.015625,-0.2734375,-0.322265625
26273,1.15234375,1.09375,-0.302734375,-0.56640625
26274,1.26953125,0.99609375,-0.21484375,-0.380859375
26275,1.25,1.005859375,-0.1953125,-0.283203125
26276,1.26953125,1.15234375,-0.185546875,-0.3125
26277,1.19140625,1.11328125,-0.126953125,-0.380859375
26278,1.23046875,0.99609375,-0.185546875,-0.380859375
26279,1.220703125,1.015625,-0.185546875,-0.5078125
26280,1.259765625,0.91796875,-0.1953125,-0.29296875
26281,1.259765625,1.0546875,-0.1953125,-0.29296875
26282,1.318359375,0.9765625,-0.15625,-0.3515625
26283,1.26953125,1.044921875,-0.283203125,-0.341796875
26284,1.279296875,1.015625,-0.15625,-0.3125
26285,1.19140625,0.99609375,-0.15625,-0.185546875
26286,1.298828125,0.99609375,-0.17578125,-0.224609375
26287,1.259765625,0.947265625,-0.166015625,-0.322265625
26288,1.279296875,0.966796875,-0.205078125,-0.283203125
26289,1.171875,0.91796875,-0.17578125,-0.322265625
26290,1.23046875,0.9765625,-0.3125,-0.263671875
26291,1.26953125,0.986328125,-0.1953125,-0.244140625
26292,1.240234375,0.947265625,-0.263671875,-0.341796875
26293,1.25,1.005859375,-0.25390625,-0.41015625
26294,1.2109375,0.99609375,-0.185546875,-0.25390625
26295,1.40625,0.99609375,-0.2734375,-0.341796875
26296,1.142578125,0.9375,-0.29296875,-0.224609375
26297,1.23046875,0.9765625,-0.283203125,-0.322265625
26298,1.23046875,0.9375,-0.3125,-0.3125
26299,1.201171875,0.966796875,-0.234375,-0.341796875
26300,1.240234375,0.927734375,-0.13671875,-0.33203125
26301,1.09375,1.064453125,-0.2734375,-0.361328125
26302,1.19140625,1.083984375,-0.205078125,-0.4296875
26303,1.07421875,1.0546875,-0.29296875,-0.390625
26304,1.181640625,1.09375,-0.234375,-0.361328125
26305,1.171875,1.03515625,-0.283203125,-0.21484375
26306,1.142578125,1.083984375,-0.25390625,-0.341796875
26307,1.19140625,1.064453125,-0.234375,-0.361328125
26308,1.123046875,1.103515625,-0.25390625,-0.361328125
26309,1.11328125,0.986328125,-0.2734375,-0.439453125
26310,1.2109375,1.083984375,-0.21484375,-0.380859375
26311,1.181640625,1.07421875,-0.15625,-0.29296875
26312,1.259765625,1.025390625,-0.13671875,-0.25390625
26313,1.259765625,1.044921875,-0.17578125,-0.322265625
26314,1.259765625,0.927734375,-0.21484375,-0.390625
26315,1.181640625,0.966796875,-0.234375,-0.205078125
26316,1.181640625,0.830078125,-0.205078125,-0.37109375
26317,1.240234375,1.083984375,-0.17578125,-0.25390625
26318,1.103515625,0.966796875,-0.263671875,-0.419921875
26319,1.259765625,0.966796875,-0.25390625,-0.478515625
26320,1.25,1.015625,-0.185546875,-0.29296875
26321,1.2109375,0.966796875,-0.205078125,-0.21484375
26322,1.337890625,0.927734375,-0.17578125,-0.37109375
26323,1.2890625,1.0546875,-0.185546875,-0.380859375
26324,1.3671875,1.005859375,-0.185546875,-0.439453125
26325,1.15234375,1.03515625,-0.224609375,-0.361328125
26326,1.220703125,1.044921875,-0.400390625,-0.361328125
26327,1.103515625,1.005859375,-0.3515625,-0.244140625
26328,1.19140625,1.064453125,-0.263671875,-0.25390625
26329,1.181640625,1.07421875,-0.205078125,-0.390625
26330,1.279296875,1.005859375,-0.322265625,-0.458984375
26331,1.2109375,0.966796875,-0.166015625,-0.21484375
26332,1.15234375,1.015625,-0.17578125,-0.244140625
26333,1.19140625,0.95703125,-0.21484375,-0.29296875
26334,1.11328125,1.005859375,-0.048828125,-0.263671875
26335,1.23046875,1.103515625,-0.17578125,-0.400390625
26336,1.201171875,1.015625,-0.15625,-0.29296875
26337,1.0546875,1.03515625,-0.185546875,-0.341796875
26338,1.240234375,1.005859375,-0.13671875,-0.3125
26339,1.181640625,1.03515625,-0.3515625,-0.3125
26340,1.171875,1.015625,-0.205078125,-0.283203125
26341,1.279296875,0.986328125,-0.1953125,-0.322265625
26342,1.259765625,1.083984375,-0.126953125,-0.302734375
26343,1.318359375,1.09375,-0.2734375,-0.205078125
26344,1.2109375,0.830078125,-0.17578125,-0.37109375
26345,1.259765625,1.103515625,-0.3125,-0.25390625
26346,1.42578125,1.044921875,-0.25390625,-0.341796875
26347,1.240234375,1.1328125,-0.263671875,-0.21484375
26348,1.26953125,1.103515625,-0.263671875,-0.244140625
26349,1.23046875,1.0546875,-0.302734375,-0.419921875
26350,1.2890625,1.044921875,-0.1953125,-0.37109375
26351,1.328125,1.11328125,-0.224609375,-0.146484375
26352,1.357421875,1.11328125,-0.205078125,-0.361328125
26353,1.328125,1.005859375,-0.205078125,-0.3125
26354,1.25,1.03515625,-0.126953125,-0.2734375
26355,1.26953125,1.15234375,-0.234375,-0.234375
26356,1.2890625,1.23046875,-0.205078125,-0.361328125
26357,1.19140625,1.09375,-0.078125,-0.1953125
26358,1.2890625,1.0546875,-0.224609375,-0.419921875
26359,1.220703125,1.07421875,-0.29296875,-0.2734375
26360,1.171875,1.083984375,-0.263671875,-0.263671875
26361,1.25,1.044921875,-0.21484375,-0.2734375
26362,1.201171875,1.15234375,-0.244140625,-0.224609375
26363,1.2109375,0.9375,-0.21484375,-0.244140625
26364,1.30859375,1.11328125,-0.234375,-0.224609375
26365,1.2109375,1.259765625,-0.13671875,-0.244140625
26366,1.328125,0.83984375,-0.244140625,-0.1953125
26367,1.15234375,1.103515625,-0.2734375,-0.29296875
26368,1.23046875,0.91796875,-0.283203125,-0.283203125
26369,1.220703125,0.966796875,-0.205078125,-0.244140625
26370,1.1328125,1.142578125,-0.2734375,-0.29296875
26371,1.318359375,1.279296875,-0.2734375,-0.2734375
26372,1.220703125,1.123046875,-0.234375,-0.263671875
26373,1.083984375,1.07421875,-0.17578125,-0.244140625
26374,1.19140625,1.0546875,-0.21484375,-0.283203125
26375,1.2109375,1.1328125,-0.1953125,-0.205078125
26376,1.181640625,1.07421875,-0.13671875,-0.302734375
26377,1.201171875,1.064453125,-0.283203125,-0.234375
26378,1.171875,1.005859375,-0.263671875,-0.205078125
26379,1.171875,1.1328125,-0.205078125,-0.234375
26380,1.23046875,1.201171875,-0.13671875,-0.33203125
26381,1.220703125,1.03515625,-0.224609375,-0.263671875
26382,1.162109375,1.123046875,-0.126953125,-0.302734375
26383,1.201171875,1.025390625,-0.107421875,-0.263671875
26384,1.240234375,1.123046875,-0.263671875,-0.2734375
26385,1.34765625,1.11328125,-0.283203125,-0.41015625
26386,1.1328125,1.015625,-0.234375,-0.419921875
26387,1.2109375,1.015625,-0.185546875,-0.29296875
26388,1.26953125,1.11328125,-0.224609375,-0.341796875
26389,1.123046875,1.064453125,-0.234375,-0.29296875
26390,1.19140625,1.259765625,-0.15625,-0.263671875
26391,1.259765625,1.103515625,-0.21484375,-0.048828125
26392,1.15234375,1.15234375,-0.33203125,-0.400390625
26393,1.19140625,1.07421875,-0.322265625,-0.17578125
26394,1.220703125,1.083984375,-0.41015625,-0.400390625
26395,1.2890625,1.07421875,-0.400390625,-0.126953125
26396,1.220703125,1.025390625,-0.41015625,-0.1953125
26397,1.201171875,1.083984375,-0.25390625,-0.107421875
26398,1.07421875,1.09375,-0.458984375,-0.234375
26399,1.2109375,1.11328125,-0.205078125,-0.263671875
26400,1.240234375,1.15234375,-0.185546875,-0.283203125
26401,0.966796875,1.1328125,-0.224609375,-0.244140625
26402,1.259765625,1.09375,-0.29296875,-0.2734375
26403,1.26953125,1.083984375,-0.458984375,-0.21484375
26404,1.220703125,1.103515625,-0.1953125,-0.166015625
26405,1.11328125,1.025390625,-0.33203125,-0.21484375
26406,1.201171875,1.083984375,-0.263671875,-0.25390625
26407,1.19140625,1.123046875,-0.21484375,-0.234375
26408,1.279296875,0.986328125,-0.361328125,-0.205078125
26409,1.201171875,1.162109375,-0.29296875,-0.29296875
26410,1.2109375,1.07421875,-0.3125,-0.3515625
26411,1.2109375,1.0546875,-0.302734375,-0.21484375
26412,1.181640625,1.103515625,-0.29296875,-0.361328125
26413,1.240234375,1.083984375,-0.33203125,-0.21484375
26414,1.26953125,0.859375,-0.302734375,-0.263671875
26415,1.240234375,1.103515625,-0.1171875,-0.205078125
26416,1.11328125,1.103515625,-0.21484375,-0.1953125
26417,1.34765625,1.044921875,-0.234375,-0.234375
26418,1.201171875,1.162109375,-0.234375,-0.244140625
26419,1.220703125,1.181640625,-0.2734375,-0.29296875
26420,1.298828125,0.99609375,-0.078125,-0.224609375
26421,1.240234375,0.9765625,-0.185546875,-0.205078125
26422,1.142578125,1.0546875,-0.25390625,-0.224609375
26423,1.083984375,1.23046875,-0.3125,-0.2734375
26424,1.181640625,0.9375,-0.205078125,-0.2734375
26425,1.2890625,1.083984375,-0.25390625,-0.3125
26426,1.142578125,1.103515625,-0.107421875,-0.244140625
26427,1.162109375,1.142578125,-0.2734375,-0.2734375
26428,1.142578125,1.025390625,-0.166015625,-0.33203125
26429,1.23046875,1.11328125,-0.322265625,-0.33203125
26430,1.123046875,1.083984375,-0.17578125,-0.29296875
26431,1.142578125,1.03515625,-0.29296875,-0.2734375
26432,1.11328125,1.142578125,-0.205078125,-0.21484375
26433,1.142578125,1.07421875,-0.3125,-0.234375
26434,1.07421875,1.07421875,-0.205078125,-0.263671875
26435,1.2109375,1.015625,-0.17578125,-0.21484375
26436,1.15234375,1.044921875,-0.234375,-0.283203125
26437,1.15234375,1.0546875,-0.17578125,-0.126953125
26438,1.162109375,1.220703125,-0.205078125,-0.283203125
26439,1.2109375,1.09375,-0.234375,-0.224609375
26440,1.162109375,1.07421875,-0.283203125,-0.234375
26441,1.162109375,1.083984375,-0.224609375,-0.234375
26442,1.2109375,1.2109375,-0.33203125,-0.244140625
26443,1.0546875,1.103515625,-0.048828125,-0.224609375
26444,1.162109375,1.123046875,-0.166015625,-0.25390625
26445,1.15234375,1.123046875,-0.234375,-0.15625
26446,1.0546875,1.11328125,-0.33203125,-0.3125
26447,1.2890625,1.15234375,-0.17578125,-0.33203125
26448,1.142578125,1.064453125,-0.224609375,-0.205078125
26449,1.259765625,1.1328125,-0.15625,-0.234375
26450,1.201171875,1.044921875,-0.224609375,-0.234375
26451,1.2890625,1.201171875,-0.15625,-0.25390625
26452,1.240234375,1.0546875,-0.3125,-0.283203125
26453,1.162109375,1.1328125,-0.166015625,-0.2734375
26454,1.220703125,1.142578125,-0.166015625,-0.244140625
26455,1.2890625,1.1328125,-0.234375,-0.224609375
26456,1.162109375,1.1328125,-0.244140625,-0.234375
26457,1.09375,1.083984375,-0.29296875,-0.224609375
26458,1.201171875,1.123046875,-0.2734375,-0.25390625
26459,1.201171875,1.103515625,-0.37109375,-0.341796875
26460,1.26953125,1.1328125,-0.33203125,-0.224609375
26461,1.2890625,1.298828125,-0.224609375,-0.244140625
26462,1.318359375,1.142578125,-0.1953125,-0.341796875
26463,1.25,1.15234375,-0.322265625,-0.224609375
26464,1.2109375,1.1328125,-0.234375,-0.29296875
26465,1.220703125,1.171875,-0.17578125,-0.205078125
26466,1.201171875,1.11328125,-0.41015625,-0.234375
26467,1.19140625,0.986328125,-0.25390625,-0.2734375
26468,1.19140625,1.171875,-0.25390625,-0.126953125
26469,1.142578125,1.240234375,-0.419921875,-0.205078125
26470,1.23046875,1.19140625,-0.078125,-0.25390625
26471,1.171875,1.09375,-0.25390625,-0.29296875
26472,1.142578125,1.025390625,-0.1953125,-0.205078125
26473,1.19140625,1.15234375,-0.302734375,-0.205078125
26474,1.357421875,1.181640625,-0.185546875,-0.244140625
26475,1.26953125,1.181640625,-0.1953125,-0.302734375
26476,1.2109375,1.171875,-0.25390625,-0.244140625
26477,1.337890625,1.162109375,-0.205078125,-0.1953125
26478,1.279296875,1.07421875,-0.09765625,-0.322265625
26479,1.2109375,1.025390625,-0.244140625,-0.33203125
26480,1.259765625,1.26953125,-0.302734375,-0.37109375
26481,1.181640625,1.083984375,-0.25390625,-0.3125
26482,1.23046875,1.23046875,-0.1953125,-0.33203125
26483,1.09375,1.181640625,-0.224609375,-0.224609375
26484,1.103515625,1.279296875,-0.283203125,-0.234375
26485,1.259765625,1.30859375,-0.234375,-0.224609375
26486,1.42578125,1.201171875,-0.1171875,-0.302734375
26487,1.142578125,1.328125,-0.1171875,-0.283203125
26488,1.23046875,1.2109375,-0.2734375,-0.3515625
26489,1.201171875,1.201171875,-0.244140625,-0.3125
26490,1.25,1.142578125,-0.224609375,-0.244140625
26491,1.19140625,1.279296875,-0.234375,-0.283203125
26492,1.07421875,1.19140625,-0.1953125,-0.29296875
26493,1.181640625,1.044921875,-0.166015625,-0.107421875
26494,1.171875,1.171875,-0.09765625,-0.224609375
26495,1.064453125,1.220703125,-0.21484375,-0.3515625
26496,1.181640625,1.201171875,-0.166015625,-0.3125
26497,1.171875,1.23046875,-0.33203125,-0.361328125
26498,1.11328125,1.1328125,-0.283203125,-0.263671875
26499,1.162109375,1.201171875,-0.33203125,-0.2734375
26500,1.11328125,1.240234375,-0.361328125,-0.33203125
26501,1.2890625,1.09375,-0.263671875,-0.224609375
26502,1.103515625,1.181640625,-0.17578125,-0.380859375
26503,1.171875,1.220703125,-0.17578125,-0.283203125
26504,1.15234375,1.19140625,-0.2734375,-0.419921875
26505,1.220703125,1.19140625,-0.302734375,-0.283203125
26506,1.220703125,1.2890625,-0.341796875,-0.166015625
26507,1.064453125,1.181640625,-0.1953125,-0.283203125
26508,1.26953125,1.259765625,-0.419921875,-0.244140625
26509,1.171875,1.162109375,-0.21484375,-0.21484375
26510,1.171875,1.09375,-0.302734375,-0.2734375
26511,1.142578125,1.123046875,-0.37109375,-0.341796875
26512,1.240234375,1.064453125,-0.33203125,-0.1953125
26513,1.19140625,1.19140625,-0.29296875,-0.3125
26514,1.201171875,1.064453125,-0.29296875,-0.224609375
26515,1.19140625,0.99609375,-0.09765625,-0.3125
26516,1.25,1.171875,-0.283203125,-0.29296875
26517,1.298828125,1.19140625,-0.3125,-0.302734375
26518,1.220703125,1.171875,-0.322265625,-0.302734375
26519,1.15234375,1.15234375,-0.1953125,-0.263671875
26520,1.23046875,1.15234375,-0.244140625,-0.15625
26521,1.11328125,1.318359375,-0.380859375,-0.341796875
26522,1.2109375,1.201171875,-0.244140625,-0.283203125
26523,1.23046875,1.220703125,-0.166015625,-0.3125
26524,1.240234375,1.07421875,-0.283203125,-0.3515625
26525,1.259765625,1.162109375,-0.439453125,-0.37109375
26526,1.103515625,1.0546875,-0.29296875,-0.361328125
26527,1.30859375,1.044921875,-0.33203125,-0.25390625
26528,1.259765625,1.103515625,-0.224609375,-0.341796875
26529,1.259765625,1.142578125,-0.263671875,-0.341796875
26530,1.171875,0.9765625,-0.2734375,-0.322265625
26531,1.142578125,1.07421875,-0.400390625,-0.37109375
26532,1.19140625,1.15234375,-0.3125,-0.3125
26533,1.201171875,1.03515625,-0.29296875,-0.322265625
26534,1.25,1.09375,-0.234375,-0.283203125
26535,1.171875,1.11328125,-0.2734375,-0.322265625
26536,1.357421875,1.11328125,-0.283203125,-0.224609375
26537,1.2109375,1.181640625,-0.2734375,-0.341796875
26538,1.171875,1.15234375,-0.234375,-0.44921875
26539,1.162109375,1.201171875,-0.244140625,-0.283203125
26540,1.25,1.083984375,-0.234375,-0.322265625
26541,1.220703125,1.1328125,-0.263671875,-0.126953125
26542,1.142578125,1.09375,-0.234375,-0.234375
26543,1.26953125,1.3671875,-0.185546875,-0.263671875
26544,1.07421875,1.142578125,-0.29296875,-0.5078125
26545,1.2890625,1.103515625,-0.205078125,-0.3125
26546,1.181640625,1.0546875,-0.234375,-0.234375
26547,1.240234375,1.123046875,-0.224609375,-0.244140625
26548,1.318359375,1.2109375,-0.322265625,-0.341796875
26549,1.279296875,1.11328125,-0.29296875,-0.2734375
26550,1.2890625,1.240234375,-0.244140625,-0.419921875
26551,1.328125,1.2890625,-0.361328125,-0.2734375
26552,1.240234375,1.11328125,-0.341796875,-0.244140625
26553,1.357421875,1.25,-0.25390625,-0.15625
26554,1.240234375,1.318359375,-0.21484375,-0.341796875
26555,1.318359375,1.259765625,-0.263671875,-0.33203125
26556,1.279296875,1.181640625,-0.283203125,-0.361328125
26557,1.298828125,1.328125,-0.126953125,-0.17578125
26558,1.30859375,1.162109375,-0.322265625,-0.3125
26559,1.142578125,1.240234375,-0.234375,-0.29296875
26560,1.103515625,1.26953125,-0.205078125,-0.37109375
26561,1.337890625,1.1328125,-0.3515625,-0.33203125
26562,1.2890625,1.2109375,-0.21484375,-0.302734375
26563,1.30859375,1.201171875,-0.234375,-0.33203125
26564,1.328125,1.11328125,-0.302734375,-0.37109375
26565,1.259765625,1.2109375,-0.29296875,-0.29296875
26566,1.23046875,1.201171875,-0.283203125,-0.3125
26567,1.298828125,1.171875,-0.322265625,-0.3515625
26568,1.328125,1.2109375,-0.3125,-0.3125
26569,1.416015625,1.279296875,-0.29296875,-0.37109375
26570,1.30859375,1.23046875,-0.224609375,-0.302734375
26571,1.318359375,1.2109375,-0.3125,-0.15625
26572,1.279296875,1.259765625,-0.25390625,-0.3125
26573,1.298828125,1.2109375,-0.25390625,-0.263671875
26574,1.30859375,1.0546875,-0.1953125,-0.439453125
26575,1.38671875,1.220703125,-0.1953125,-0.4296875
26576,1.2109375,1.171875,-0.37109375,-0.380859375
26577,1.318359375,1.220703125,-0.33203125,-0.4296875
26578,1.328125,1.25,-0.322265625,-0.37109375
26579,1.337890625,1.064453125,-0.341796875,-0.37109375
26580,1.171875,1.2109375,-0.205078125,-0.439453125
26581,1.259765625,1.25,-0.3125,-0.234375
26582,1.30859375,1.240234375,-0.17578125,-0.361328125
26583,1.26953125,1.220703125,-0.126953125,-0.341796875
26584,1.298828125,1.2109375,-0.146484375,-0.361328125
26585,1.26953125,1.23046875,-0.33203125,-0.341796875
26586,1.259765625,1.1328125,-0.15625,-0.41015625
26587,1.2109375,1.240234375,-0.25390625,-0.517578125
26588,1.25,1.220703125,-0.25390625,-0.341796875
26589,1.259765625,1.162109375,-0.263671875,-0.322265625
26590,1.328125,1.220703125,-0.234375,-0.244140625
26591,1.376953125,1.220703125,-0.2734375,-0.400390625
26592,1.396484375,1.103515625,-0.3125,-0.400390625
26593,1.4453125,1.220703125,-0.244140625,-0.5078125
26594,1.3671875,1.162109375,-0.322265625,-0.33203125
26595,1.3671875,1.259765625,-0.25390625,-0.234375
26596,1.259765625,1.2109375,-0.13671875,-0.341796875
26597,1.337890625,1.279296875,-0.17578125,-0.37109375
26598,1.298828125,1.19140625,-0.185546875,-0.3125
26599,1.357421875,1.23046875,-0.21484375,-0.400390625
26600,1.30859375,1.103515625,-0.341796875,-0.400390625
26601,1.34765625,1.298828125,-0.21484375,-0.361328125
26602,1.279296875,1.19140625,-0.283203125,-0.25390625
26603,1.279296875,1.25,-0.283203125,-0.41015625
26604,1.30859375,1.240234375,-0.224609375,-0.380859375
26605,1.240234375,1.162109375,-0.126953125,-0.400390625
26606,1.201171875,1.171875,-0.0390625,-0.283203125
26607,1.279296875,1.2109375,-0.1953125,-0.380859375
26608,1.23046875,1.15234375,-0.1953125,-0.52734375
26609,1.2109375,1.23046875,-0.205078125,-0.361328125
26610,1.26953125,1.259765625,-0.3125,-0.400390625
26611,1.220703125,1.26953125,-0.322265625,-0.48828125
26612,1.318359375,1.171875,-0.205078125,-0.390625
26613,1.259765625,1.201171875,-0.263671875,-0.361328125
26614,1.3671875,1.23046875,-0.3125,-0.361328125
26615,1.23046875,1.240234375,-0.322265625,-0.3515625
26616,1.220703125,1.0546875,-0.283203125,-0.37109375
26617,1.220703125,1.201171875,-0.283203125,-0.4296875
26618,1.34765625,1.064453125,-0.37109375,-0.48828125
26619,1.26953125,1.2109375,-0.458984375,-0.478515625
26620,1.123046875,1.19140625,-0.4296875,-0.5078125
26621,1.2109375,1.201171875,-0.1953125,-0.439453125
26622,1.220703125,1.171875,-0.283203125,-0.41015625
26623,1.181640625,1.11328125,-0.263671875,-0.37109375
26624,1.220703125,1.171875,-0.185546875,-0.4296875
26625,1.181640625,1.181640625,-0.25390625,-0.361328125
26626,1.23046875,1.162109375,-0.322265625,-0.400390625
26627,1.162109375,1.11328125,-0.25390625,-0.302734375
26628,1.240234375,1.15234375,-0.205078125,-0.419921875
26629,1.1328125,1.162109375,-0.166015625,-0.33203125
26630,1.25,1.15234375,-0.224609375,-0.33203125
26631,1.298828125,1.142578125,-0.3125,-0.380859375
26632,1.318359375,1.2109375,-0.224609375,-0.4296875
26633,1.240234375,1.23046875,-0.126953125,-0.29296875
26634,1.328125,1.171875,-0.244140625,-0.283203125
26635,1.2890625,1.142578125,-0.283203125,-0.3515625
26636,1.279296875,1.162109375,-0.380859375,-0.361328125
26637,1.259765625,0.9765625,-0.25390625,-0.3515625
26638,1.2890625,1.15234375,-0.48828125,-0.33203125
26639,1.357421875,1.2109375,-0.3515625,-0.537109375
26640,1.240234375,1.25,-0.361328125,-0.400390625
26641,1.220703125,1.142578125,-0.322265625,-0.5078125
26642,1.279296875,1.103515625,-0.21484375,-0.390625
26643,1.2890625,1.083984375,-0.2734375,-0.244140625
26644,1.279296875,1.162109375,-0.3515625,-0.37109375
26645,1.123046875,1.142578125,-0.224609375,-0.48828125
26646,1.15234375,0.947265625,-0.37109375,-0.380859375
26647,1.162109375,1.220703125,-0.263671875,-0.478515625
26648,1.1328125,1.142578125,-0.33203125,-0.361328125
26649,1.103515625,1.162109375,-0.244140625,-0.458984375
26650,1.23046875,1.1328125,-0.234375,-0.400390625
26651,1.279296875,1.171875,-0.205078125,-0.439453125
26652,1.23046875,1.1328125,-0.146484375,-0.302734375
26653,1.25,1.162109375,-0.21484375,-0.400390625
26654,1.318359375,1.123046875,-0.283203125,-0.283203125
26655,1.181640625,1.298828125,-0.234375,-0.37109375
26656,1.2109375,1.1328125,-0.263671875,-0.380859375
26657,1.30859375,1.15234375,-0.21484375,-0.390625
26658,1.11328125,1.11328125,-0.224609375,-0.4296875
26659,1.240234375,1.201171875,-0.185546875,-0.361328125
26660,1.259765625,1.103515625,-0.205078125,-0.400390625
26661,1.357421875,1.220703125,-0.263671875,-0.3515625
26662,1.25,1.044921875,-0.1953125,-0.302734375
26663,1.220703125,1.1328125,-0.234375,-0.146484375
26664,1.25,0.869140625,-0.25390625,-0.33203125
26665,1.220703125,1.103515625,-0.13671875,-0.390625
26666,1.328125,1.15234375,-0.244140625,-0.439453125
26667,1.201171875,1.083984375,-0.29296875,-0.322265625
26668,1.240234375,1.142578125,-0.283203125,-0.46875
26669,1.171875,1.123046875,-0.302734375,-0.390625
26670,1.279296875,1.025390625,-0.302734375,-0.361328125
26671,1.2109375,1.09375,-0.322265625,-0.4296875
26672,1.181640625,1.1328125,-0.283203125,-0.185546875
26673,1.123046875,1.25,-0.29296875,-0.302734375
26674,1.220703125,1.044921875,-0.302734375,-0.361328125
26675,1.34765625,1.083984375,-0.29296875,-0.37109375
26676,1.11328125,1.171875,-0.380859375,-0.380859375
26677,1.240234375,0.9765625,-0.126953125,-0.361328125
26678,1.376953125,1.103515625,-0.263671875,-0.556640625
26679,1.259765625,0.99609375,-0.21484375,-0.380859375
26680,1.337890625,1.064453125,-0.205078125,-0.361328125
26681,1.2890625,1.025390625,-0.185546875,-0.17578125
26682,1.1328125,1.064453125,-0.107421875,-0.3125
26683,1.259765625,1.0546875,-0.205078125,-0.37109375
26684,1.2109375,0.95703125,-0.13671875,-0.439453125
26685,1.1328125,1.044921875,-0.29296875,-0.390625
26686,1.201171875,1.07421875,-0.17578125,-0.458984375
26687,1.318359375,1.03515625,-0.390625,-0.380859375
26688,1.240234375,0.947265625,-0.068359375,-0.4296875
26689,1.19140625,0.99609375,-0.244140625,-0.341796875
26690,1.318359375,1.1328125,-0.13671875,-0.48828125
26691,1.26953125,1.0546875,-0.244140625,-0.390625
26692,1.220703125,1.09375,-0.234375,-0.33203125
26693,1.19140625,1.044921875,-0.1953125,-0.29296875
26694,1.23046875,1.015625,-0.224609375,-0.33203125
26695,1.19140625,0.99609375,-0.244140625,-0.361328125
26696,1.25,1.181640625,-0.234375,-0.3125
26697,1.2890625,1.005859375,-0.21484375,-0.244140625
26698,1.201171875,0.9375,-0.322265625,-0.341796875
26699,1.259765625,1.181640625,-0.234375,-0.3515625
26700,1.181640625,1.09375,-0.166015625,-0.224609375
26701,1.201171875,1.0546875,-0.17578125,-0.341796875
26702,1.171875,1.0546875,-0.205078125,-0.33203125
26703,1.142578125,1.064453125,-0.283203125,-0.37109375
26704,1.2109375,1.2109375,-0.17578125,-0.33203125
26705,1.201171875,1.0546875,-0.302734375,-0.302734375
26706,1.259765625,1.064453125,-0.2734375,-0.341796875
26707,1.19140625,1.025390625,-0.15625,-0.400390625
26708,1.162109375,0.9765625,-0.244140625,-0.3515625
26709,1.103515625,1.09375,-0.205078125,-0.21484375
26710,1.2109375,0.95703125,-0.25390625,-0.25390625
26711,1.171875,1.015625,-0.205078125,-0.244140625
26712,1.19140625,1.03515625,-0.1953125,-0.25390625
26713,1.2890625,1.005859375,-0.234375,-0.33203125
26714,1.25,1.005859375,-0.41015625,-0.33203125
26715,1.25,1.025390625,-0.234375,-0.29296875
26716,1.259765625,1.025390625,-0.234375,-0.3515625
26717,1.318359375,1.025390625,-0.029296875,-0.341796875
26718,1.34765625,1.005859375,-0.185546875,-0.2734375
26719,1.26953125,0.888671875,-0.15625,-0.41015625
26720,1.318359375,1.044921875,-0.3515625,-0.3125
26721,1.298828125,1.03515625,-0.302734375,-0.3515625
26722,1.2890625,0.95703125,-0.2734375,-0.283203125
26723,1.201171875,0.83984375,-0.263671875,-0.361328125
26724,1.259765625,1.005859375,-0.234375,-0.25390625
26725,1.337890625,1.005859375,-0.283203125,-0.33203125
26726,1.23046875,1.015625,-0.126953125,-0.244140625
26727,1.201171875,0.966796875,-0.1953125,-0.341796875
26728,1.396484375,0.986328125,-0.107421875,-0.478515625
26729,1.142578125,1.0546875,-0.517578125,-0.322265625
26730,1.240234375,1.015625,-0.21484375,-0.3125
26731,1.09375,1.15234375,-0.2734375,-0.400390625
26732,1.171875,1.064453125,-0.17578125,-0.263671875
26733,1.2109375,0.99609375,-0.185546875,-0.341796875
26734,1.09375,1.181640625,-0.17578125,-0.341796875
26735,1.171875,0.8984375,-0.263671875,-0.322265625
26736,1.220703125,0.986328125,-0.166015625,-0.37109375
26737,1.19140625,0.986328125,-0.17578125,-0.380859375
26738,1.201171875,0.947265625,-0.09765625,-0.4296875
26739,1.25,0.95703125,-0.1953125,-0.322265625
26740,1.357421875,0.9765625,-0.166015625,-0.615234375
26741,1.171875,1.005859375,-0.25390625,-0.44921875
26742,1.279296875,0.95703125,-0.263671875,-0.41015625
26743,1.25,0.9765625,-0.302734375,-0.29296875
26744,1.26953125,1.025390625,-0.21484375,-0.37109375
26745,1.201171875,1.044921875,-0.224609375,-0.3515625
26746,1.2890625,1.005859375,-0.3125,-0.25390625
26747,1.23046875,1.09375,-0.3125,-0.341796875
26748,1.26953125,1.044921875,-0.3515625,-0.400390625
26749,1.357421875,1.025390625,-0.25390625,-0.29296875
26750,1.2109375,1.044921875,-0.390625,-0.29296875
26751,1.25,1.025390625,-0.283203125,-0.322265625
26752,1.19140625,0.986328125,-0.25390625,-0.46875
26753,1.181640625,1.0546875,-0.400390625,-0.439453125
26754,1.240234375,1.0546875,-0.263671875,-0.380859375
26755,1.34765625,1.123046875,-0.341796875,-0.29296875
26756,1.19140625,0.927734375,-0.2734375,-0.439453125
26757,1.025390625,0.99609375,-0.3125,-0.44921875
26758,1.09375,1.064453125,-0.302734375,-0.2734375
26759,1.09375,1.07421875,-0.1953125,-0.283203125
26760,1.23046875,1.0546875,-0.478515625,-0.25390625
26761,1.1328125,1.064453125,-0.2734375,-0.25390625
26762,1.11328125,1.083984375,-0.1171875,-0.302734375
26763,1.15234375,1.09375,-0.166015625,-0.361328125
26764,1.240234375,1.083984375,-0.234375,-0.322265625
26765,1.103515625,1.181640625,-0.29296875,-0.263671875
26766,1.15234375,1.064453125,-0.185546875,-0.361328125
26767,1.162109375,1.103515625,-0.185546875,-0.25390625
26768,1.15234375,0.927734375,-0.1953125,-0.33203125
26769,1.171875,0.99609375,-0.2734375,-0.390625
26770,1.07421875,1.07421875,-0.17578125,-0.341796875
26771,1.064453125,0.99609375,-0.29296875,-0.3125
26772,1.15234375,1.044921875,-0.2734375,-0.361328125
26773,1.1328125,1.07421875,-0.205078125,-0.341796875
26774,1.103515625,1.103515625,-0.224609375,-0.3125
26775,1.181640625,1.03515625,-0.224609375,-0.3515625
26776,1.318359375,1.0546875,-0.1953125,-0.380859375
26777,1.38671875,1.0546875,-0.09765625,-0.302734375
26778,1.2109375,1.044921875,-0.068359375,-0.2734375
26779,1.123046875,1.07421875,-0.234375,-0.322265625
26780,1.162109375,1.07421875,-0.205078125,-0.400390625
26781,1.23046875,1.025390625,-0.166015625,-0.21484375
26782,1.11328125,1.064453125,-0.1953125,-0.3125
26783,1.07421875,1.005859375,-0.029296875,-0.2734375
26784,1.25,1.064453125,-0.224609375,-0.283203125
26785,1.2890625,1.044921875,-0.09765625,-0.2734375
26786,1.1328125,0.99609375,-0.224609375,-0.283203125
26787,1.162109375,0.83984375,-0.166015625,-0.3515625
26788,1.142578125,1.07421875,-0.205078125,-0.21484375
26789,1.220703125,1.240234375,-0.244140625,-0.283203125
26790,1.25,1.083984375,-0.25390625,-0.322265625
26791,1.240234375,1.083984375,-0.234375,-0.283203125
26792,1.2109375,1.044921875,-0.244140625,-0.29296875
26793,1.220703125,1.103515625,-0.224609375,-0.29296875
26794,1.1328125,1.064453125,-0.263671875,-0.224609375
26795,1.123046875,1.07421875,-0.13671875,-0.146484375
26796,1.2890625,1.201171875,-0.09765625,-0.1953125
26797,1.09375,1.03515625,-0.21484375,0.029296875
26798,1.19140625,1.03515625,-0.1953125,-0.33203125
26799,1.201171875,0.91796875,-0.3125,-0.2734375
26800,1.201171875,1.044921875,-0.234375,-0.283203125
26801,1.201171875,1.044921875,-0.2734375,-0.2734375
26802,1.181640625,1.0546875,-0.33203125,-0.322265625
26803,1.15234375,0.99609375,-0.302734375,-0.283203125
26804,1.0546875,0.986328125,-0.1953125,-0.478515625
26805,1.15234375,1.015625,-0.244140625,-0.263671875
26806,1.005859375,1.044921875,-0.21484375,-0.1953125
26807,1.0546875,1.162109375,-0.234375,-0.3125
26808,1.15234375,1.09375,-0.302734375,-0.166015625
26809,1.25,1.07421875,-0.185546875,-0.322265625
26810,1.220703125,0.99609375,-0.234375,-0.263671875
26811,1.201171875,0.966796875,-0.166015625,-0.390625
26812,1.15234375,1.11328125,-0.2734375,-0.224609375
26813,1.123046875,1.083984375,-0.17578125,-0.009765625
26814,1.15234375,1.1328125,-0.224609375,-0.3125
26815,1.19140625,1.064453125,-0.166015625,-0.361328125
26816,1.201171875,1.103515625,-0.25390625,-0.205078125
26817,1.220703125,1.015625,-0.21484375,-0.2734375
26818,1.26953125,0.99609375,-0.146484375,-0.185546875
26819,1.11328125,1.09375,-0.263671875,-0.37109375
26820,1.162109375,1.083984375,-0.41015625,-0.3125
26821,1.171875,1.03515625,-0.205078125,-0.322265625
26822,1.220703125,1.123046875,-0.29296875,-0.3125
26823,1.15234375,1.0546875,-0.390625,-0.263671875
26824,1.19140625,1.19140625,-0.244140625,-0.2734375
26825,1.142578125,1.083984375,-0.234375,-0.244140625
26826,1.181640625,1.015625,-0.224609375,-0.1953125
26827,1.240234375,1.025390625,-0.380859375,-0.1171875
26828,1.3671875,1.03515625,-0.205078125,-0.087890625
26829,1.19140625,1.064453125,-0.380859375,-0.25390625
26830,1.1328125,0.99609375,-0.2734375,-0.1953125
26831,1.25,1.083984375,-0.224609375,-0.17578125
26832,1.259765625,1.11328125,-0.21484375,-0.234375
26833,1.19140625,0.87890625,-0.2734375,-0.21484375
26834,1.23046875,1.015625,-0.234375,-0.322265625
26835,1.171875,1.044921875,-0.2734375,-0.205078125
26836,1.171875,1.181640625,-0.15625,-0.234375
26837,1.171875,1.044921875,-0.283203125,-0.185546875
26838,1.19140625,0.966796875,-0.25390625,-0.224609375
26839,1.220703125,1.083984375,-0.263671875,-0.205078125
26840,1.142578125,0.9765625,-0.244140625,-0.205078125
26841,1.15234375,0.99609375,-0.185546875,-0.17578125
26842,1.1328125,1.1328125,-0.2734375,-0.29296875
26843,1.26953125,1.0546875,-0.17578125,-0.302734375
26844,1.220703125,1.15234375,-0.17578125,-0.166015625
26845,1.181640625,1.201171875,-0.166015625,-0.166015625
26846,1.25,1.123046875,-0.244140625,-0.302734375
26847,0.99609375,0.99609375,-0.224609375,-0.263671875
26848,1.220703125,0.986328125,-0.244140625,-0.234375
26849,1.103515625,1.07421875,-0.21484375,-0.224609375
26850,1.181640625,1.259765625,-0.15625,-0.234375
26851,1.162109375,1.19140625,-0.224609375,-0.244140625
26852,1.15234375,1.0546875,-0.224609375,-0.1171875
26853,1.123046875,1.103515625,-0.25390625,-0.263671875
26854,1.19140625,0.966796875,-0.1953125,-0.302734375
26855,1.181640625,1.0546875,-0.29296875,-0.283203125
26856,1.240234375,1.15234375,-0.2734375,-0.29296875
26857,1.25,1.103515625,-0.3125,-0.341796875
26858,1.220703125,1.103515625,-0.263671875,-0.234375
26859,1.240234375,1.279296875,-0.205078125,-0.341796875
26860,1.181640625,1.11328125,-0.205078125,-0.29296875
26861,1.181640625,1.0546875,-0.21484375,-0.25390625
26862,1.25,1.07421875,-0.21484375,-0.087890625
26863,1.2109375,0.9375,-0.2734375,-0.1953125
26864,1.15234375,1.142578125,-0.17578125,-0.17578125
26865,1.240234375,1.11328125,-0.1953125,-0.224609375
26866,1.11328125,1.09375,-0.21484375,-0.1953125
26867,1.083984375,1.142578125,-0.224609375,-0.1953125
26868,1.23046875,1.15234375,-0.21484375,-0.29296875
26869,1.162109375,1.201171875,-0.15625,-0.37109375
26870,1.142578125,1.123046875,-0.234375,-0.05859375
26871,1.23046875,1.103515625,-0.1953125,-0.478515625
26872,1.15234375,1.07421875,-0.25390625,-0.29296875
26873,1.123046875,1.123046875,-0.341796875,-0.25390625
26874,1.064453125,1.201171875,-0.29296875,-0.283203125
26875,1.064453125,1.162109375,-0.13671875,-0.244140625
26876,1.162109375,1.09375,-0.166015625,-0.078125
26877,1.142578125,1.09375,-0.1953125,-0.21484375
26878,1.123046875,1.142578125,-0.283203125,-0.1953125
26879,1.171875,1.123046875,-0.33203125,-0.263671875
26880,1.23046875,1.15234375,-0.1953125,-0.17578125
26881,1.2109375,1.142578125,-0.2734375,-0.29296875
26882,1.2109375,1.123046875,-0.322265625,-0.224609375
26883,1.171875,1.07421875,-0.283203125,-0.1953125
26884,1.220703125,1.318359375,-0.17578125,-0.244140625
26885,1.220703125,1.19140625,-0.13671875,-0.341796875
26886,1.2890625,1.181640625,-0.21484375,-0.302734375
26887,1.2109375,1.11328125,-0.087890625,-0.263671875
26888,1.220703125,1.15234375,-0.146484375,-0.234375
26889,1.23046875,1.1328125,-0.1953125,-0.146484375
26890,1.103515625,1.123046875,-0.244140625,-0.3515625
26891,1.19140625,1.142578125,-0.1953125,-0.224609375
26892,1.2109375,1.23046875,-0.1953125,-0.17578125
26893,1.2109375,1.2109375,-0.17578125,-0.283203125
26894,1.2109375,0.99609375,-0.1171875,-0.283203125
26895,1.1328125,1.181640625,-0.17578125,-0.048828125
26896,1.181640625,1.15234375,-0.185546875,-0.224609375
26897,1.1328125,1.103515625,-0.205078125,-0.29296875
26898,1.220703125,1.181640625,-0.25390625,-0.439453125
26899,1.162109375,1.23046875,-0.107421875,-0.302734375
26900,1.181640625,1.25,-0.17578125,-0.37109375
26901,1.40625,1.162109375,-0.224609375,-0.263671875
26902,1.1328125,1.23046875,-0.166015625,-0.283203125
26903,1.201171875,1.19140625,-0.244140625,-0.244140625
26904,1.279296875,1.162109375,-0.21484375,-0.3125
26905,1.171875,1.15234375,-0.126953125,-0.29296875
26906,1.181640625,1.083984375,-0.185546875,-0.302734375
26907,1.2109375,1.123046875,-0.078125,-0.2734375
26908,1.103515625,1.240234375,-0.205078125,-0.0390625
26909,1.220703125,1.19140625,-0.224609375,-0.361328125
26910,1.318359375,1.201171875,-0.302734375,-0.21484375
26911,1.2890625,1.103515625,-0.185546875,-0.33203125
26912,1.23046875,1.220703125,-0.1953125,-0.283203125
26913,1.279296875,1.103515625,-0.224609375,-0.2734375
26914,1.103515625,1.005859375,-0.2734375,-0.263671875
26915,1.220703125,1.181640625,-0.107421875,-0.283203125
26916,1.1328125,1.142578125,-0.107421875,-0.302734375
26917,1.376953125,1.19140625,-0.166015625,-0.48828125
26918,1.220703125,1.1328125,-0.302734375,-0.234375
26919,1.171875,1.181640625,-0.2734375,-0.4296875
26920,1.23046875,1.171875,-0.166015625,-0.2734375
26921,1.220703125,1.19140625,-0.15625,-0.29296875
26922,1.201171875,1.103515625,-0.17578125,-0.4296875
26923,1.23046875,1.201171875,-0.341796875,-0.17578125
26924,1.220703125,1.171875,-0.146484375,-0.224609375
26925,1.11328125,1.162109375,-0.224609375,-0.1953125
26926,1.171875,1.15234375,-0.17578125,-0.146484375
26927,1.181640625,1.083984375,-0.2734375,-0.17578125
26928,1.1328125,1.123046875,-0.185546875,-0.3125
26929,1.2109375,1.1328125,-0.302734375,-0.302734375
26930,1.181640625,1.0546875,-0.185546875,-0.1953125
26931,1.15234375,1.181640625,-0.2734375,-0.29296875
26932,1.23046875,1.15234375,-0.361328125,-0.400390625
26933,1.259765625,1.1328125,-0.380859375,-0.302734375
26934,1.23046875,1.162109375,-0.322265625,-0.1953125
26935,1.19140625,1.201171875,-0.361328125,-0.17578125
26936,1.15234375,1.220703125,-0.21484375,-0.244140625
26937,1.25,1.240234375,-0.205078125,-0.2734375
26938,1.220703125,1.142578125,-0.380859375,-0.322265625
26939,1.171875,1.123046875,-0.302734375,-0.21484375
26940,1.181640625,1.201171875,-0.439453125,-0.166015625
26941,1.259765625,1.083984375,-0.400390625,-0.322265625
26942,1.19140625,1.103515625,-0.283203125,-0.3125
26943,1.181640625,1.005859375,-0.361328125,-0.244140625
26944,1.357421875,1.142578125,-0.263671875,-0.33203125
26945,1.19140625,1.044921875,-0.234375,-0.234375
26946,1.259765625,1.1328125,-0.3515625,-0.29296875
26947,1.201171875,1.220703125,-0.37109375,-0.166015625
26948,1.23046875,1.15234375,-0.1953125,-0.29296875
26949,1.142578125,1.11328125,-0.390625,-0.234375
26950,1.376953125,1.181640625,-0.302734375,-0.205078125
26951,1.298828125,1.142578125,-0.341796875,-0.322265625
26952,1.2109375,1.15234375,-0.33203125,-0.33203125
26953,1.064453125,1.19140625,-0.322265625,-0.205078125
26954,1.201171875,1.044921875,-0.234375,-0.29296875
26955,1.11328125,1.123046875,-0.21484375,-0.322265625
26956,1.162109375,1.162109375,-0.25390625,-0.302734375
26957,1.2109375,1.025390625,-0.146484375,-0.29296875
26958,1.220703125,1.279296875,-0.205078125,-0.390625
26959,1.142578125,1.23046875,-0.205078125,-0.25390625
26960,1.220703125,1.1328125,-0.21484375,-0.3125
26961,1.2109375,1.162109375,-0.185546875,-0.3125
26962,1.103515625,1.171875,-0.224609375,-0.5078125
26963,1.142578125,1.09375,-0.205078125,-0.3515625
26964,1.328125,0.95703125,-0.263671875,-0.3125
26965,1.240234375,1.162109375,-0.224609375,-0.263671875
26966,1.23046875,1.11328125,-0.1171875,-0.341796875
26967,1.259765625,1.201171875,-0.234375,-0.537109375
26968,1.240234375,1.171875,-0.205078125,-0.25390625
26969,1.337890625,1.005859375,-0.283203125,-0.33203125
26970,1.30859375,1.044921875,-0.25390625,-0.3125
26971,1.2109375,1.142578125,-0.244140625,-0.2734375
26972,1.181640625,1.005859375,-0.3125,-0.322265625
26973,1.23046875,1.2890625,-0.263671875,-0.33203125
26974,1.201171875,1.103515625,-0.283203125,-0.361328125
26975,1.19140625,1.142578125,-0.2734375,-0.322265625
26976,1.259765625,1.26953125,-0.302734375,-0.29296875
26977,1.240234375,1.162109375,-0.234375,-0.361328125
26978,1.337890625,1.162109375,-0.244140625,-0.302734375
26979,1.26953125,1.181640625,-0.205078125,-0.29296875
26980,1.142578125,1.240234375,-0.263671875,-0.29296875
26981,1.25,1.171875,-0.15625,-0.2734375
26982,1.240234375,1.201171875,-0.380859375,-0.263671875
26983,1.26953125,1.171875,-0.244140625,-0.21484375
26984,1.220703125,1.162109375,-0.078125,-0.263671875
26985,1.220703125,1.23046875,-0.302734375,-0.25390625
26986,1.298828125,1.162109375,-0.3515625,-0.25390625
26987,1.2109375,1.171875,-0.25390625,-0.322265625
26988,1.220703125,1.2109375,-0.25390625,-0.33203125
26989,1.19140625,1.162109375,-0.2734375,-0.25390625
26990,1.19140625,1.171875,-0.1953125,-0.322265625
26991,1.259765625,1.220703125,-0.322265625,-0.244140625
26992,1.2890625,1.26953125,-0.322265625,-0.341796875
26993,1.328125,1.142578125,-0.29296875,-0.3125
26994,1.38671875,1.2109375,-0.21484375,-0.302734375
26995,1.337890625,1.2109375,-0.3125,-0.3125
26996,1.298828125,1.23046875,-0.283203125,-0.3515625
26997,1.3671875,1.25,-0.263671875,-0.283203125
26998,1.337890625,1.2109375,-0.244140625,-0.302734375
26999,1.4453125,1.220703125,-0.25390625,-0.25390625
27000,1.34765625,1.103515625,-0.234375,-0.37109375
27001,1.26953125,1.181640625,-0.263671875,-0.380859375
27002,1.279296875,1.162109375,-0.341796875,-0.25390625
27003,1.42578125,1.09375,-0.244140625,-0.302734375
27004,1.3671875,1.2890625,-0.234375,-0.263671875
27005,1.19140625,1.2109375,-0.302734375,-0.25390625
27006,1.337890625,1.2890625,-0.302734375,-0.380859375
27007,1.259765625,1.25,-0.17578125,-0.341796875
27008,1.23046875,1.19140625,-0.283203125,-0.41015625
27009,1.30859375,1.181640625,-0.322265625,-0.361328125
27010,1.26953125,1.123046875,-0.224609375,-0.46875
27011,1.1328125,1.123046875,-0.21484375,-0.48828125
27012,1.38671875,1.3671875,-0.2734375,-0.419921875
27013,1.298828125,1.23046875,-0.234375,-0.419921875
27014,1.2890625,1.19140625,-0.302734375,-0.380859375
27015,1.201171875,1.396484375,-0.3125,-0.439453125
27016,1.259765625,1.25,-0.21484375,-0.419921875
27017,1.3671875,1.162109375,-0.283203125,-0.41015625
27018,1.337890625,1.259765625,-0.1953125,-0.400390625
27019,1.279296875,1.30859375,-0.263671875,-0.400390625
27020,1.2890625,1.19140625,-0.244140625,-0.322265625
27021,1.25,1.2890625,-0.3125,-0.3515625
27022,1.279296875,1.23046875,-0.25390625,-0.361328125
27023,1.30859375,1.19140625,-0.205078125,-0.2734375
27024,1.259765625,1.220703125,-0.3125,-0.380859375
27025,1.30859375,1.083984375,-0.224609375,-0.3125
27026,1.357421875,1.2109375,-0.078125,-0.419921875
27027,1.220703125,1.2890625,-0.185546875,-0.322265625
27028,1.259765625,1.162109375,-0.205078125,-0.37109375
27029,1.298828125,1.220703125,-0.15625,-0.5078125
27030,1.19140625,1.123046875,-0.17578125,-0.400390625
27031,1.26953125,1.2109375,-0.21484375,-0.283203125
27032,1.38671875,1.162109375,-0.263671875,-0.400390625
27033,1.19140625,1.19140625,-0.205078125,-0.400390625
27034,1.259765625,1.26953125,-0.17578125,-0.29296875
27035,1.2109375,1.162109375,-0.224609375,-0.33203125
27036,1.2890625,1.26953125,-0.185546875,-0.3125
27037,1.259765625,1.142578125,-0.1953125,-0.3515625
27038,1.328125,1.2109375,-0.29296875,-0.3125
27039,1.171875,1.15234375,-0.2734375,-0.380859375
27040,1.357421875,1.259765625,-0.33203125,-0.341796875
27041,1.337890625,1.201171875,-0.341796875,-0.25390625
27042,1.259765625,1.171875,-0.302734375,-0.361328125
27043,1.279296875,1.123046875,-0.361328125,-0.341796875
27044,1.279296875,1.15234375,-0.224609375,-0.322265625
27045,1.240234375,1.201171875,-0.25390625,-0.3515625
27046,1.279296875,1.19140625,-0.234375,-0.29296875
27047,1.30859375,1.181640625,-0.33203125,-0.37109375
27048,1.0546875,1.083984375,-0.4296875,-0.390625
27049,1.181640625,1.103515625,-0.33203125,-0.390625
27050,1.19140625,1.181640625,-0.400390625,-0.390625
27051,1.23046875,1.083984375,-0.33203125,-0.21484375
27052,1.181640625,1.11328125,-0.361328125,-0.341796875
27053,1.357421875,1.09375,-0.185546875,-0.4296875
27054,1.11328125,1.142578125,-0.3125,-0.439453125
27055,1.259765625,1.103515625,-0.205078125,-0.46875
27056,1.201171875,1.1328125,-0.322265625,-0.302734375
27057,1.25,1.1328125,-0.21484375,-0.48828125
27058,1.220703125,1.142578125,-0.13671875,-0.44921875
27059,1.15234375,1.181640625,-0.185546875,-0.361328125
27060,1.298828125,1.181640625,-0.283203125,-0.44921875
27061,1.26953125,1.1328125,-0.263671875,-0.3515625
27062,1.240234375,1.1328125,-0.166015625,-0.302734375
27063,1.23046875,1.15234375,-0.283203125,-0.185546875
27064,1.26953125,1.1328125,-0.2734375,-0.33203125
27065,1.318359375,1.220703125,-0.244140625,-0.419921875
27066,1.26953125,1.123046875,-0.283203125,-0.33203125
27067,1.23046875,1.15234375,-0.3125,-0.33203125
27068,1.23046875,1.1328125,-0.361328125,-0.439453125
27069,1.23046875,1.123046875,-0.322265625,-0.546875
27070,1.298828125,1.15234375,-0.2734375,-0.341796875
27071,1.181640625,1.181640625,-0.234375,-0.4296875
27072,1.240234375,1.201171875,-0.263671875,-0.3515625
27073,1.2890625,1.2109375,-0.224609375,-0.44921875
27074,1.26953125,1.23046875,-0.234375,-0.33203125
27075,1.2890625,1.142578125,-0.302734375,-0.390625
27076,1.23046875,1.11328125,-0.302734375,-0.380859375
27077,1.171875,1.1328125,-0.283203125,-0.361328125
27078,1.2109375,1.11328125,-0.283203125,-0.46875
27079,1.38671875,1.015625,-0.2734375,-0.439453125
27080,1.23046875,1.15234375,-0.263671875,-0.419921875
27081,1.181640625,1.201171875,-0.15625,-0.341796875
27082,1.259765625,1.142578125,-0.185546875,-0.37109375
27083,1.220703125,1.07421875,-0.21484375,-0.361328125
27084,1.201171875,1.11328125,-0.244140625,-0.13671875
27085,1.26953125,1.318359375,-0.205078125,-0.390625
27086,1.220703125,1.171875,-0.33203125,-0.302734375
27087,1.23046875,1.15234375,-0.234375,-0.341796875
27088,1.181640625,1.19140625,-0.244140625,-0.283203125
27089,1.171875,1.03515625,-0.302734375,-0.3125
27090,1.240234375,1.201171875,-0.29296875,-0.673828125
27091,1.1328125,1.201171875,-0.244140625,-0.3515625
27092,1.171875,1.201171875,-0.21484375,-0.46875
27093,1.1328125,1.064453125,-0.224609375,-0.390625
27094,1.162109375,0.9765625,-0.283203125,-0.419921875
27095,1.171875,1.064453125,-0.146484375,-0.322265625
27096,1.2109375,1.1328125,-0.224609375,-0.419921875
27097,1.25,1.11328125,-0.234375,-0.37109375
27098,1.23046875,0.99609375,-0.244140625,-0.33203125
27099,1.220703125,1.0546875,-0.25390625,-0.1171875
27100,1.279296875,0.9765625,-0.3125,-0.44921875
27101,1.09375,1.07421875,-0.244140625,-0.380859375
27102,1.181640625,1.0546875,-0.302734375,-0.439453125
27103,1.279296875,1.11328125,-0.322265625,-0.3515625
27104,1.25,1.0546875,-0.15625,-0.37109375
27105,1.171875,1.064453125,-0.185546875,-0.1953125
27106,1.171875,1.103515625,-0.341796875,-0.380859375
27107,1.220703125,0.9765625,-0.185546875,-0.3125
27108,1.171875,1.123046875,-0.302734375,-0.37109375
27109,1.23046875,1.11328125,-0.224609375,-0.341796875
27110,1.181640625,0.947265625,-0.283203125,-0.3125
27111,1.2890625,1.15234375,-0.146484375,-0.244140625
27112,1.25,1.15234375,-0.205078125,-0.458984375
27113,1.23046875,1.083984375,-0.13671875,-0.400390625
27114,1.201171875,1.11328125,-0.3125,-0.25390625
27115,1.328125,1.025390625,-0.166015625,-0.46875
27116,1.25,1.09375,-0.21484375,-0.3515625
27117,1.240234375,1.083984375,-0.205078125,-0.2734375
27118,1.259765625,1.103515625,-0.263671875,-0.3515625
27119,1.23046875,0.966796875,-0.166015625,-0.29296875
27120,1.201171875,1.11328125,-0.2734375,-0.380859375
27121,1.34765625,1.123046875,-0.185546875,-0.439453125
27122,1.2890625,1.015625,-0.29296875,-0.263671875
27123,1.23046875,1.03515625,-0.33203125,-0.33203125
27124,1.337890625,1.015625,-0.13671875,-0.380859375
27125,1.201171875,0.966796875,-0.21484375,-0.33203125
27126,1.2109375,1.1328125,-0.17578125,-0.3515625
27127,1.1328125,1.025390625,-0.283203125,-0.390625
27128,1.298828125,0.9765625,-0.400390625,-0.37109375
27129,1.201171875,0.9765625,-0.17578125,-0.33203125
27130,0.9765625,0.9765625,-0.302734375,-0.341796875
27131,1.201171875,1.171875,-0.29296875,-0.380859375
27132,1.19140625,0.95703125,-0.25390625,-0.322265625
27133,1.15234375,0.986328125,-0.234375,-0.419921875
27134,1.1328125,1.015625,-0.17578125,-0.29296875
27135,1.181640625,1.11328125,-0.263671875,-0.322265625
27136,1.201171875,1.005859375,-0.205078125,-0.302734375
27137,1.15234375,1.142578125,-0.21484375,-0.263671875
27138,1.25,1.15234375,-0.302734375,-0.29296875
27139,1.26953125,0.95703125,-0.205078125,-0.439453125
27140,1.162109375,1.103515625,-0.25390625,-0.263671875
27141,1.26953125,1.044921875,-0.17578125,-0.322265625
27142,1.142578125,1.005859375,-0.234375,-0.3125
27143,1.123046875,0.99609375,-0.224609375,-0.234375
27144,1.26953125,1.240234375,-0.1953125,-0.33203125
27145,1.26953125,1.015625,-0.21484375,-0.3515625
27146,1.298828125,0.966796875,-0.107421875,-0.341796875
27147,1.220703125,1.005859375,-0.15625,-0.322265625
27148,1.171875,0.99609375,-0.205078125,-0.107421875
27149,1.2109375,0.966796875,-0.234375,-0.361328125
27150,1.23046875,0.9765625,-0.2734375,-0.3125
27151,1.19140625,0.9765625,-0.25390625,-0.341796875
27152,1.435546875,0.927734375,-0.205078125,-0.29296875
27153,1.25,0.927734375,-0.205078125,-0.3125
27154,1.3671875,0.9375,-0.21484375,-0.380859375
27155,1.3671875,1.064453125,-0.185546875,-0.33203125
27156,1.25,0.99609375,-0.234375,-0.390625
27157,1.19140625,0.9765625,-0.17578125,-0.2734375
27158,1.240234375,0.9765625,-0.25390625,-0.33203125
27159,1.220703125,1.09375,-0.13671875,-0.29296875
27160,1.181640625,0.966796875,-0.390625,-0.341796875
27161,1.201171875,0.9375,-0.3515625,-0.25390625
27162,1.2109375,0.908203125,-0.17578125,-0.3125
27163,1.142578125,0.986328125,-0.21484375,-0.4296875
27164,1.11328125,0.927734375,-0.2734375,-0.3125
27165,1.123046875,1.083984375,-0.263671875,-0.29296875
27166,1.23046875,0.966796875,-0.244140625,-0.283203125
27167,1.171875,0.9765625,-0.244140625,-0.439453125
27168,1.15234375,0.986328125,-0.17578125,-0.341796875
27169,1.103515625,1.015625,-0.1953125,-0.380859375
27170,1.171875,0.986328125,-0.224609375,-0.390625
27171,1.15234375,1.19140625,-0.322265625,-0.263671875
27172,1.1328125,0.986328125,-0.29296875,-0.400390625
27173,1.142578125,1.044921875,-0.2734375,-0.3515625
27174,1.2109375,0.986328125,-0.341796875,-0.302734375
27175,1.2109375,0.99609375,-0.205078125,-0.341796875
27176,1.220703125,1.0546875,-0.380859375,-0.517578125
27177,1.220703125,1.064453125,-0.3125,-0.33203125
27178,1.201171875,0.95703125,-0.234375,-0.25390625
27179,1.25,1.025390625,-0.302734375,-0.52734375
27180,1.220703125,0.947265625,-0.09765625,-0.33203125
27181,1.337890625,0.966796875,-0.13671875,-0.3515625
27182,1.26953125,1.03515625,-0.283203125,-0.21484375
27183,1.26953125,1.015625,-0.263671875,-0.390625
27184,1.15234375,1.005859375,-0.283203125,-0.361328125
27185,1.181640625,0.95703125,-0.2734375,-0.37109375
27186,1.23046875,1.07421875,-0.33203125,-0.439453125
27187,1.26953125,1.044921875,-0.126953125,-0.3125
27188,1.15234375,0.9375,-0.224609375,-0.29296875
27189,1.201171875,1.142578125,-0.1953125,-0.2734375
27190,1.23046875,1.083984375,-0.244140625,-0.341796875
27191,1.103515625,0.99609375,-0.33203125,-0.302734375
27192,1.240234375,1.005859375,-0.263671875,-0.3515625
27193,1.201171875,1.083984375,-0.224609375,-0.224609375
27194,1.201171875,1.083984375,-0.146484375,-0.3125
27195,1.15234375,1.1328125,-0.234375,-0.341796875
27196,1.181640625,1.005859375,-0.1171875,-0.302734375
27197,1.142578125,1.09375,-0.185546875,-0.13671875
27198,1.19140625,1.142578125,-0.13671875,-0.283203125
27199,1.162109375,0.99609375,-0.15625,-0.2734375
27200,1.201171875,1.044921875,-0.146484375,-0.224609375
27201,1.181640625,1.11328125,-0.126953125,-0.25390625
27202,1.181640625,1.025390625,-0.17578125,-0.283203125
27203,1.181640625,1.015625,-0.224609375,-0.263671875
27204,1.23046875,0.95703125,-0.25390625,-0.29296875
27205,1.220703125,0.8984375,-0.107421875,-0.17578125
27206,1.142578125,0.9765625,-0.25390625,-0.107421875
27207,1.1328125,1.015625,-0.234375,-0.21484375
27208,1.162109375,0.966796875,-0.068359375,-0.244140625
27209,1.142578125,1.0546875,-0.126953125,-0.29296875
27210,1.0546875,1.083984375,-0.146484375,-0.244140625
27211,1.2109375,0.966796875,-0.068359375,-0.3125
27212,1.1328125,1.025390625,-0.1953125,-0.322265625
27213,1.15234375,1.015625,-0.068359375,-0.234375
27214,1.19140625,1.025390625,-0.15625,-0.21484375
27215,1.044921875,1.0546875,-0.1953125,-0.3125
27216,1.09375,1.1328125,-0.2734375,-0.283203125
27217,1.15234375,0.966796875,-0.205078125,-0.3125
27218,1.201171875,1.0546875,-0.166015625,-0.3515625
27219,1.19140625,1.044921875,-0.1953125,-0.09765625
27220,1.162109375,1.103515625,-0.37109375,-0.361328125
27221,1.23046875,1.0546875,-0.244140625,-0.498046875
27222,1.162109375,1.26953125,-0.25390625,-0.3515625
27223,1.171875,1.09375,-0.3515625,-0.2734375
27224,1.201171875,1.123046875,-0.185546875,-0.400390625
27225,1.103515625,1.025390625,-0.13671875,-0.3515625
27226,1.15234375,0.99609375,-0.361328125,-0.3515625
27227,1.11328125,1.11328125,-0.205078125,-0.283203125
27228,1.25,1.025390625,-0.166015625,-0.29296875
27229,1.220703125,1.142578125,-0.234375,-0.25390625
27230,1.337890625,1.025390625,-0.25390625,-0.4296875
27231,1.220703125,1.142578125,-0.234375,-0.21484375
27232,1.23046875,1.03515625,-0.244140625,-0.166015625
27233,1.220703125,1.005859375,-0.224609375,-0.25390625
27234,1.23046875,1.103515625,-0.234375,-0.3125
27235,1.240234375,1.162109375,-0.302734375,-0.166015625
27236,1.240234375,1.083984375,-0.17578125,-0.2734375
27237,1.201171875,1.103515625,-0.224609375,-0.224609375
27238,1.259765625,1.064453125,-0.185546875,-0.205078125
27239,1.30859375,1.07421875,-0.29296875,-0.205078125
27240,1.201171875,1.07421875,-0.185546875,-0.2734375
27241,1.2109375,1.0546875,-0.234375,-0.185546875
27242,1.171875,1.064453125,-0.244140625,-0.439453125
27243,1.220703125,1.025390625,-0.146484375,-0.1953125
27244,1.171875,1.015625,-0.185546875,-0.244140625
27245,1.2109375,0.8984375,-0.234375,-0.29296875
27246,1.337890625,1.03515625,-0.21484375,-0.283203125
27247,1.201171875,1.1328125,-0.2734375,-0.263671875
27248,1.162109375,0.9375,-0.439453125,-0.15625
27249,1.2890625,1.09375,-0.283203125,-0.234375
27250,1.083984375,1.181640625,-0.361328125,-0.263671875
27251,1.25,1.015625,-0.185546875,-0.2734375
27252,1.34765625,1.103515625,-0.185546875,-0.263671875
27253,1.2890625,1.0546875,-0.419921875,-0.33203125
27254,1.240234375,1.07421875,-0.3515625,-0.25390625
27255,1.19140625,1.07421875,-0.361328125,-0.1953125
27256,1.30859375,0.95703125,-0.2734375,-0.224609375
27257,1.220703125,1.064453125,-0.263671875,-0.244140625
27258,1.259765625,1.11328125,-0.3515625,-0.33203125
27259,1.26953125,0.986328125,-0.224609375,-0.263671875
27260,1.220703125,1.123046875,-0.17578125,-0.25390625
27261,1.328125,1.03515625,-0.302734375,-0.4296875
27262,1.259765625,0.99609375,-0.244140625,-0.244140625
27263,1.181640625,1.0546875,-0.302734375,-0.2734375
27264,1.34765625,1.083984375,-0.380859375,-0.244140625
27265,1.34765625,1.171875,-0.390625,-0.263671875
27266,1.240234375,0.9375,-0.390625,-0.244140625
27267,1.181640625,1.07421875,-0.263671875,-0.37109375
27268,1.162109375,1.015625,-0.17578125,-0.341796875
27269,1.220703125,1.103515625,-0.322265625,-0.234375
27270,1.1328125,1.083984375,-0.21484375,-0.322265625
27271,1.15234375,1.005859375,-0.3515625,-0.224609375
27272,1.19140625,1.1328125,-0.17578125,-0.224609375
27273,1.11328125,1.015625,-0.3515625,0.068359375
27274,1.1328125,1.09375,-0.13671875,-0.302734375
27275,1.2109375,1.15234375,-0.185546875,-0.341796875
27276,1.396484375,1.0546875,-0.21484375,-0.2734375
27277,1.171875,1.083984375,-0.263671875,-0.1953125
27278,1.23046875,1.103515625,-0.166015625,-0.2734375
27279,1.240234375,1.083984375,-0.107421875,-0.29296875
27280,1.103515625,1.044921875,-0.1953125,-0.234375
27281,1.15234375,1.11328125,-0.107421875,-0.244140625
27282,1.171875,1.083984375,-0.3125,-0.09765625
27283,1.123046875,1.064453125,-0.05859375,-0.078125
27284,1.2109375,1.083984375,-0.107421875,-0.2734375
27285,1.181640625,1.103515625,-0.3125,-0.361328125
27286,1.15234375,1.044921875,-0.322265625,-0.166015625
27287,1.15234375,1.328125,-0.33203125,-0.15625
27288,1.1328125,1.064453125,-0.166015625,-0.283203125
27289,1.171875,1.044921875,-0.224609375,-0.3125
27290,1.23046875,1.123046875,-0.224609375,-0.263671875
27291,1.19140625,1.044921875,-0.25390625,-0.25390625
27292,1.15234375,1.103515625,-0.205078125,-0.263671875
27293,1.142578125,1.201171875,-0.09765625,-0.185546875
27294,1.15234375,1.162109375,-0.234375,-0.3515625
27295,1.11328125,1.11328125,-0.2734375,-0.2734375
27296,1.201171875,1.123046875,-0.205078125,-0.234375
27297,1.171875,1.142578125,-0.09765625,-0.283203125
27298,1.30859375,1.07421875,-0.185546875,-0.029296875
27299,1.09375,1.162109375,-0.078125,-0.33203125
27300,1.19140625,1.044921875,-0.1953125,-0.15625
27301,1.23046875,1.11328125,-0.166015625,-0.15625
27302,1.123046875,1.1328125,-0.302734375,-0.166015625
27303,1.15234375,1.162109375,-0.263671875,-0.205078125
27304,1.103515625,1.19140625,-0.205078125,-0.21484375
27305,1.142578125,1.1328125,-0.1171875,-0.146484375
27306,1.201171875,1.26953125,-0.244140625,-0.263671875
27307,1.123046875,1.162109375,-0.3515625,-0.224609375
27308,1.162109375,1.2109375,-0.126953125,-0.244140625
27309,1.15234375,1.03515625,-0.234375,-0.224609375
27310,1.201171875,1.103515625,-0.2734375,-0.33203125
27311,1.0546875,1.298828125,-0.185546875,-0.25390625
27312,1.25,1.2890625,-0.234375,-0.29296875
27313,1.19140625,1.2109375,-0.234375,-0.068359375
27314,1.240234375,1.1328125,-0.21484375,-0.234375
27315,1.240234375,1.11328125,-0.302734375,-0.25390625
27316,1.19140625,1.162109375,-0.166015625,-0.302734375
27317,1.30859375,1.201171875,-0.21484375,-0.29296875
27318,1.171875,1.220703125,-0.185546875,-0.244140625
27319,1.103515625,1.171875,-0.1953125,-0.01953125
27320,1.26953125,1.025390625,-0.107421875,-0.224609375
27321,1.30859375,1.162109375,-0.21484375,-0.244140625
27322,1.142578125,1.162109375,-0.2734375,-0.302734375
27323,1.142578125,1.11328125,-0.1953125,-0.263671875
27324,1.201171875,0.95703125,-0.1171875,-0.166015625
27325,1.298828125,1.171875,-0.13671875,-0.205078125
27326,1.259765625,1.1328125,-0.185546875,-0.146484375
27327,1.19140625,1.171875,-0.234375,-0.234375
27328,1.19140625,1.162109375,-0.166015625,-0.3125
27329,1.23046875,1.09375,-0.224609375,-0.302734375
27330,1.220703125,1.064453125,-0.1953125,-0.380859375
27331,1.181640625,1.123046875,-0.224609375,-0.3125
27332,1.201171875,1.162109375,-0.1953125,-0.13671875
27333,1.19140625,1.11328125,-0.15625,-0.3515625
27334,1.201171875,1.142578125,-0.224609375,-0.4296875
27335,1.142578125,1.025390625,-0.3125,-0.302734375
27336,1.2109375,1.064453125,-0.205078125,-0.3515625
27337,1.298828125,1.1328125,-0.244140625,-0.25390625
27338,1.181640625,1.162109375,-0.185546875,-0.224609375
27339,1.220703125,1.142578125,-0.146484375,-0.263671875
27340,1.2890625,1.11328125,-0.185546875,-0.33203125
27341,1.181640625,1.1328125,-0.2734375,-0.361328125
27342,1.171875,1.26953125,-0.341796875,-0.322265625
27343,1.171875,1.15234375,-0.15625,-0.17578125
27344,1.201171875,1.064453125,-0.224609375,-0.283203125
27345,1.201171875,1.201171875,-0.302734375,-0.185546875
27346,1.220703125,1.181640625,-0.283203125,-0.361328125
27347,1.19140625,1.201171875,-0.185546875,-0.302734375
27348,1.162109375,1.162109375,-0.244140625,-0.33203125
27349,1.26953125,1.181640625,-0.205078125,-0.3515625
27350,1.279296875,1.25,-0.3125,-0.302734375
27351,1.23046875,1.240234375,-0.1171875,-0.263671875
27352,1.142578125,1.171875,-0.17578125,-0.126953125
27353,1.142578125,1.07421875,-0.2734375,-0.341796875
27354,1.25,1.142578125,-0.234375,-0.283203125
27355,1.15234375,1.181640625,-0.17578125,-0.15625
27356,0.927734375,1.142578125,-0.322265625,-0.234375
27357,1.1328125,1.201171875,-0.322265625,-0.185546875
27358,1.328125,1.181640625,-0.224609375,-0.283203125
27359,1.201171875,1.279296875,-0.33203125,-0.25390625
27360,1.2109375,1.42578125,-0.185546875,-0.3125
27361,1.15234375,1.171875,-0.263671875,-0.1171875
27362,1.259765625,1.181640625,-0.283203125,-0.166015625
27363,1.23046875,1.0546875,-0.302734375,-0.263671875
27364,1.201171875,1.162109375,-0.3125,-0.166015625
27365,1.23046875,1.162109375,-0.302734375,-0.341796875
27366,1.171875,1.26953125,-0.41015625,-0.322265625
27367,1.2109375,1.19140625,-0.2734375,-0.166015625
27368,1.376953125,1.19140625,-0.244140625,-0.146484375
27369,1.181640625,1.30859375,-0.224609375,-0.322265625
27370,1.240234375,1.15234375,-0.263671875,-0.46875
27371,1.19140625,1.201171875,-0.283203125,-0.205078125
27372,1.19140625,1.220703125,-0.263671875,-0.302734375
27373,1.240234375,1.2109375,-0.263671875,-0.3125
27374,1.123046875,1.220703125,-0.33203125,-0.302734375
27375,1.171875,1.26953125,-0.244140625,-0.2734375
27376,1.240234375,1.171875,-0.2734375,-0.25390625
27377,1.0546875,1.19140625,-0.322265625,-0.439453125
27378,1.26953125,1.181640625,-0.361328125,-0.29296875
27379,1.23046875,1.171875,-0.15625,-0.224609375
27380,1.220703125,1.15234375,-0.205078125,-0.283203125
27381,1.181640625,1.142578125,-0.224609375,-0.29296875
27382,1.279296875,1.19140625,-0.25390625,-0.25390625
27383,1.162109375,1.2109375,-0.244140625,-0.166015625
27384,1.0546875,1.23046875,-0.25390625,-0.224609375
27385,1.15234375,1.09375,-0.29296875,-0.322265625
27386,1.162109375,1.162109375,-0.146484375,-0.3515625
27387,1.19140625,1.416015625,-0.234375,-0.302734375
27388,1.19140625,0.99609375,-0.244140625,-0.2734375
27389,1.07421875,1.181640625,-0.224609375,-0.6640625
27390,1.25,1.103515625,-0.224609375,-0.322265625
27391,1.1328125,1.171875,-0.1953125,-0.361328125
27392,1.181640625,1.123046875,-0.25390625,-0.283203125
27393,1.240234375,1.171875,-0.15625,-0.302734375
27394,1.181640625,1.25,-0.21484375,-0.263671875
27395,1.298828125,1.201171875,-0.224609375,-0.048828125
27396,1.220703125,1.201171875,-0.205078125,-0.25390625
27397,1.220703125,1.015625,-0.166015625,-0.166015625
27398,1.26953125,1.142578125,-0.21484375,-0.390625
27399,1.23046875,1.123046875,-0.322265625,-0.283203125
27400,1.19140625,1.07421875,-0.224609375,-0.302734375
27401,1.220703125,1.23046875,-0.263671875,-0.3125
27402,1.123046875,1.15234375,-0.21484375,-0.244140625
27403,1.2109375,1.201171875,-0.322265625,-0.322265625
27404,1.240234375,1.19140625,-0.3515625,-0.2734375
27405,1.103515625,1.259765625,-0.25390625,-0.400390625
27406,1.201171875,1.142578125,-0.166015625,-0.322265625
27407,1.23046875,1.142578125,-0.302734375,-0.419921875
27408,1.19140625,1.123046875,-0.224609375,-0.361328125
27409,1.259765625,1.181640625,-0.302734375,-0.341796875
27410,1.337890625,1.19140625,-0.234375,-0.419921875
27411,1.318359375,1.15234375,-0.3515625,-0.439453125
27412,1.240234375,1.240234375,-0.13671875,-0.29296875
27413,1.2890625,1.171875,-0.13671875,-0.37109375
27414,1.279296875,1.15234375,-0.244140625,-0.380859375
27415,1.26953125,1.123046875,-0.341796875,-0.4296875
27416,1.318359375,1.25,-0.234375,-0.283203125
27417,1.3671875,1.220703125,-0.3125,-0.400390625
27418,1.26953125,1.15234375,-0.17578125,-0.380859375
27419,1.328125,1.240234375,-0.166015625,-0.322265625
27420,1.2109375,1.220703125,-0.224609375,-0.361328125
27421,1.3671875,1.162109375,-0.263671875,-0.29296875
27422,1.34765625,1.23046875,-0.205078125,-0.458984375
27423,1.337890625,1.23046875,-0.25390625,-0.380859375
27424,1.2890625,1.11328125,-0.1171875,-0.25390625
27425,1.357421875,1.259765625,-0.048828125,-0.25390625
27426,1.46484375,1.2109375,-0.224609375,-0.17578125
27427,1.337890625,1.279296875,-0.224609375,-0.37109375
27428,1.328125,0.966796875,-0.3125,-0.25390625
27429,1.2890625,1.220703125,-0.33203125,-0.341796875
27430,1.34765625,1.220703125,-0.33203125,-0.21484375
27431,1.337890625,1.23046875,-0.3125,-0.3125
27432,1.357421875,1.1328125,-0.33203125,-0.37109375
27433,1.34765625,1.181640625,-0.44921875,-0.33203125
27434,1.357421875,1.15234375,-0.2734375,-0.29296875
27435,1.435546875,1.220703125,-0.2734375,-0.29296875
27436,1.34765625,1.26953125,-0.3125,-0.302734375
27437,1.25,0.95703125,-0.263671875,-0.244140625
27438,1.435546875,1.220703125,-0.322265625,-0.302734375
27439,1.240234375,0.99609375,-0.341796875,-0.3515625
27440,1.2890625,1.142578125,-0.2734375,-0.361328125
27441,1.337890625,1.19140625,-0.322265625,-0.3515625
27442,1.279296875,1.142578125,-0.078125,-0.263671875
27443,1.357421875,1.26953125,-0.166015625,-0.37109375
27444,1.1328125,1.19140625,-0.224609375,-0.341796875
27445,1.2109375,1.259765625,-0.25390625,-0.283203125
27446,1.2109375,0.95703125,-0.107421875,-0.46875
27447,1.2890625,1.15234375,-0.224609375,-0.302734375
27448,1.455078125,1.25,-0.21484375,-0.33203125
27449,1.2109375,1.23046875,-0.234375,-0.41015625
27450,1.318359375,1.181640625,-0.1953125,-0.33203125
27451,1.19140625,1.064453125,-0.078125,-0.263671875
27452,1.201171875,1.259765625,-0.302734375,-0.390625
27453,1.201171875,1.201171875,-0.224609375,-0.244140625
27454,1.259765625,1.171875,-0.33203125,-0.3515625
27455,1.25,1.220703125,-0.17578125,-0.458984375
27456,1.357421875,1.142578125,-0.244140625,-0.458984375
27457,1.201171875,1.15234375,-0.234375,-0.400390625
27458,1.25,1.240234375,-0.4296875,-0.3515625
27459,1.23046875,1.259765625,-0.21484375,-0.322265625
27460,1.171875,1.279296875,-0.15625,-0.46875
27461,1.23046875,1.11328125,-0.244140625,-0.41015625
27462,1.34765625,1.11328125,-0.2734375,-0.380859375
27463,1.220703125,1.1328125,-0.234375,-0.224609375
27464,1.220703125,1.337890625,-0.302734375,-0.302734375
27465,1.259765625,1.11328125,-0.2734375,-0.37109375
27466,1.435546875,1.240234375,-0.224609375,-0.4296875
27467,1.279296875,1.201171875,-0.21484375,-0.302734375
27468,1.298828125,1.162109375,-0.234375,-0.4296875
27469,1.26953125,1.259765625,-0.322265625,-0.322265625
27470,1.279296875,1.03515625,-0.322265625,-0.380859375
27471,1.318359375,1.201171875,-0.21484375,-0.361328125
27472,1.25,1.181640625,-0.29296875,-0.263671875
27473,1.298828125,1.298828125,-0.37109375,-0.341796875
27474,1.279296875,1.19140625,-0.21484375,-0.41015625
27475,1.30859375,1.1328125,-0.205078125,-0.341796875
27476,1.26953125,1.2109375,-0.29296875,-0.263671875
27477,1.318359375,1.220703125,-0.166015625,-0.390625
27478,1.25,1.142578125,-0.33203125,-0.3515625
27479,1.298828125,1.25,-0.25390625,-0.29296875
27480,1.220703125,1.220703125,-0.3125,-0.390625
27481,1.2890625,1.1328125,-0.263671875,-0.48828125
27482,1.30859375,1.220703125,-0.205078125,-0.341796875
27483,1.259765625,1.15234375,-0.2734375,-0.361328125
27484,1.0546875,1.171875,-0.37109375,-0.390625
27485,1.2109375,1.25,-0.21484375,-0.41015625
27486,1.25,1.171875,-0.322265625,-0.52734375
27487,1.2890625,1.19140625,-0.33203125,-0.29296875
27488,1.38671875,1.123046875,-0.33203125,-0.322265625
27489,1.259765625,1.19140625,-0.37109375,-0.234375
27490,1.3671875,1.1328125,-0.3125,-0.341796875
27491,1.328125,1.240234375,-0.25390625,-0.322265625
27492,1.171875,1.181640625,-0.2734375,-0.37109375
27493,1.318359375,1.19140625,-0.1953125,-0.361328125
27494,1.23046875,1.220703125,-0.244140625,-0.41015625
27495,1.162109375,1.162109375,-0.146484375,-0.37109375
27496,1.103515625,1.26953125,-0.29296875,-0.361328125
27497,1.19140625,0.9765625,-0.263671875,-0.3515625
27498,1.2109375,1.171875,-0.21484375,-0.419921875
27499,1.26953125,1.181640625,-0.322265625,-0.283203125
27500,1.220703125,1.2890625,-0.17578125,-0.283203125
27501,1.25,1.181640625,-0.380859375,-0.29296875
27502,1.220703125,1.162109375,-0.302734375,-0.361328125
27503,1.259765625,1.23046875,-0.283203125,-0.37109375
27504,1.19140625,1.064453125,-0.322265625,-0.3125
27505,1.337890625,1.2109375,-0.244140625,-0.41015625
27506,1.11328125,1.162109375,-0.244140625,-0.29296875
27507,1.181640625,1.23046875,-0.302734375,-0.390625
27508,1.240234375,1.142578125,-0.25390625,-0.595703125
27509,1.328125,1.11328125,-0.25390625,-0.29296875
27510,1.26953125,0.947265625,-0.322265625,-0.29296875
27511,1.3671875,1.11328125,-0.322265625,-0.56640625
27512,1.123046875,1.181640625,-0.244140625,-0.48828125
27513,1.240234375,1.162109375,-0.2734375,-0.341796875
27514,1.318359375,1.103515625,-0.1953125,-0.439453125
27515,1.181640625,1.123046875,-0.185546875,-0.41015625
27516,1.23046875,1.220703125,-0.185546875,-0.400390625
27517,1.357421875,1.123046875,-0.1171875,-0.263671875
27518,1.09375,1.07421875,-0.1953125,-0.44921875
27519,1.220703125,1.162109375,-0.302734375,-0.283203125
27520,1.298828125,1.03515625,-0.283203125,-0.458984375
27521,1.240234375,1.025390625,-0.185546875,-0.41015625
27522,1.220703125,1.025390625,-0.341796875,-0.400390625
27523,1.23046875,1.1328125,-0.25390625,-0.3125
27524,1.26953125,1.1328125,-0.2734375,-0.283203125
27525,1.26953125,1.09375,-0.283203125,-0.390625
27526,1.30859375,1.07421875,-0.263671875,-0.41015625
27527,1.1328125,1.07421875,-0.283203125,-0.380859375
27528,1.19140625,1.142578125,-0.419921875,-0.244140625
27529,1.34765625,1.123046875,-0.17578125,-0.380859375
27530,1.2109375,1.07421875,-0.185546875,-0.126953125
27531,1.26953125,1.11328125,-0.302734375,-0.3515625
27532,1.26953125,1.09375,-0.15625,-0.341796875
27533,1.25,1.07421875,-0.2734375,-0.3125
27534,1.240234375,1.07421875,-0.29296875,-0.302734375
27535,1.279296875,1.07421875,-0.263671875,-0.322265625
27536,1.171875,1.083984375,-0.21484375,-0.1953125
27537,1.23046875,1.1328125,-0.234375,-0.400390625
27538,1.181640625,1.064453125,-0.1953125,-0.3515625
27539,1.15234375,1.025390625,-0.263671875,-0.380859375
27540,1.25,1.015625,-0.322265625,-0.25390625
27541,1.3671875,0.9765625,-0.126953125,-0.302734375
27542,1.220703125,1.09375,-0.234375,-0.341796875
27543,1.2109375,1.09375,-0.166015625,-0.302734375
27544,1.240234375,1.09375,-0.234375,-0.21484375
27545,1.259765625,1.09375,-0.25390625,-0.224609375
27546,1.30859375,1.07421875,-0.13671875,-0.29296875
27547,1.201171875,0.83984375,-0.234375,-0.302734375
27548,1.171875,1.03515625,-0.224609375,-0.419921875
27549,1.162109375,0.947265625,-0.25390625,-0.361328125
27550,1.201171875,1.064453125,-0.21484375,-0.390625
27551,1.279296875,1.025390625,-0.185546875,-0.37109375
27552,1.162109375,1.005859375,-0.166015625,-0.37109375
27553,1.19140625,1.09375,-0.21484375,-0.380859375
27554,1.3671875,1.005859375,-0.15625,-0.380859375
27555,1.220703125,1.07421875,-0.17578125,-0.29296875
27556,1.25,1.142578125,-0.2734375,-0.4296875
27557,1.220703125,0.986328125,-0.185546875,-0.4296875
27558,1.2890625,0.947265625,-0.205078125,-0.3125
27559,1.279296875,1.044921875,-0.3125,-0.322265625
27560,1.240234375,0.9765625,-0.048828125,-0.302734375
27561,1.083984375,1.25,-0.224609375,-0.361328125
27562,1.162109375,0.95703125,-0.1953125,-0.361328125
27563,1.123046875,0.99609375,-0.185546875,-0.302734375
27564,1.15234375,0.9375,-0.263671875,-0.33203125
27565,1.083984375,1.044921875,-0.244140625,-0.3515625
27566,1.298828125,1.005859375,-0.224609375,-0.21484375
27567,1.181640625,0.966796875,-0.302734375,-0.2734375
27568,1.23046875,0.966796875,-0.126953125,-0.224609375
27569,1.240234375,0.9375,-0.29296875,-0.205078125
27570,1.181640625,0.91796875,-0.1953125,-0.25390625
27571,1.1328125,0.859375,-0.263671875,-0.3515625
27572,1.279296875,0.99609375,-0.224609375,-0.25390625
27573,1.2109375,0.908203125,-0.166015625,-0.419921875
27574,1.201171875,0.99609375,-0.224609375,-0.244140625
27575,1.2109375,0.927734375,-0.2734375,-0.25390625
27576,1.142578125,0.947265625,-0.01953125,-0.234375
27577,1.220703125,0.8203125,-0.2734375,-0.4296875
27578,1.11328125,0.927734375,-0.244140625,-0.224609375
27579,1.1328125,0.99609375,-0.283203125,-0.380859375
27580,1.19140625,1.025390625,-0.13671875,-0.33203125
27581,1.2109375,1.044921875,-0.21484375,-0.361328125
27582,1.30859375,1.044921875,-0.224609375,-0.341796875
27583,1.201171875,0.966796875,-0.13671875,-0.302734375
27584,1.201171875,1.03515625,-0.205078125,-0.205078125
27585,1.279296875,0.9375,-0.224609375,-0.29296875
27586,1.26953125,1.083984375,-0.29296875,-0.361328125
27587,1.23046875,1.03515625,-0.33203125,-0.166015625
27588,1.259765625,0.986328125,-0.283203125,-0.3515625
27589,1.19140625,1.015625,-0.244140625,-0.33203125
27590,1.11328125,0.9375,-0.1953125,-0.21484375
27591,1.240234375,1.0546875,-0.244140625,-0.21484375
27592,1.181640625,0.986328125,-0.17578125,-0.439453125
27593,1.1328125,1.015625,-0.302734375,-0.283203125
27594,1.171875,0.95703125,-0.29296875,-0.361328125
27595,1.19140625,1.0546875,-0.3515625,-0.33203125
27596,1.220703125,1.005859375,-0.2734375,-0.21484375
27597,1.181640625,1.015625,-0.341796875,-0.283203125
27598,1.220703125,0.9765625,-0.361328125,-0.29296875
27599,1.171875,0.9765625,-0.185546875,-0.322265625
27600,1.2109375,1.03515625,-0.283203125,-0.29296875
27601,1.220703125,0.91796875,-0.234375,-0.283203125
27602,1.171875,0.986328125,-0.205078125,-0.439453125
27603,1.142578125,1.0546875,-0.2734375,-0.263671875
27604,1.15234375,1.044921875,-0.25390625,-0.283203125
27605,1.171875,0.9375,-0.05859375,-0.263671875
27606,1.25,1.025390625,-0.224609375,-0.283203125
27607,1.1328125,1.2109375,-0.166015625,-0.33203125
27608,1.162109375,0.99609375,-0.244140625,-0.341796875
27609,1.201171875,0.986328125,-0.234375,-0.3515625
27610,1.083984375,1.171875,-0.1953125,-0.29296875
27611,1.162109375,0.966796875,-0.205078125,-0.390625
27612,1.171875,0.99609375,-0.3515625,-0.302734375
27613,1.123046875,1.07421875,-0.234375,-0.33203125
27614,1.19140625,0.99609375,-0.3515625,-0.322265625
27615,1.201171875,1.044921875,-0.29296875,-0.361328125
27616,1.123046875,1.015625,-0.29296875,-0.41015625
27617,1.259765625,0.888671875,-0.37109375,-0.322265625
27618,1.083984375,0.986328125,-0.185546875,-0.2734375
27619,1.03515625,0.9375,-0.283203125,-0.33203125
27620,1.220703125,0.80078125,-0.283203125,-0.33203125
27621,1.1328125,1.015625,-0.29296875,-0.234375
27622,1.142578125,1.0546875,-0.126953125,-0.224609375
27623,1.201171875,1.03515625,-0.107421875,-0.2734375
27624,1.0546875,1.07421875,-0.224609375,-0.2734375
27625,1.25,0.986328125,-0.15625,-0.2734375
27626,1.23046875,1.044921875,-0.205078125,-0.322265625
27627,1.26953125,1.083984375,-0.13671875,-0.17578125
27628,1.19140625,1.015625,-0.107421875,-0.263671875
27629,1.25,1.09375,-0.107421875,-0.33203125
27630,1.07421875,1.07421875,-0.21484375,-0.361328125
27631,1.171875,1.181640625,-0.205078125,-0.263671875
27632,1.1328125,1.015625,-0.15625,-0.283203125
27633,1.162109375,1.123046875,-0.166015625,-0.29296875
27634,1.1328125,1.025390625,-0.087890625,-0.341796875
27635,1.201171875,1.025390625,-0.21484375,-0.1953125
27636,1.083984375,0.99609375,-0.205078125,-0.21484375
27637,1.220703125,1.005859375,-0.1953125,-0.224609375
27638,1.25,0.99609375,-0.17578125,-0.224609375
27639,1.064453125,1.15234375,-0.21484375,-0.3125
27640,1.318359375,1.103515625,-0.09765625,-0.234375
27641,1.171875,1.025390625,-0.15625,-0.21484375
27642,1.2109375,1.083984375,-0.205078125,-0.29296875
27643,1.142578125,0.99609375,-0.107421875,-0.234375
27644,1.201171875,1.26953125,-0.1171875,-0.380859375
27645,1.34765625,1.044921875,-0.166015625,-0.15625
27646,1.171875,1.015625,-0.1953125,-0.3515625
27647,1.1328125,1.064453125,-0.283203125,-0.25390625
27648,1.123046875,1.07421875,-0.21484375,-0.185546875
27649,1.240234375,1.15234375,-0.224609375,-0.21484375
27650,1.26953125,0.986328125,-0.205078125,-0.33203125
27651,1.26953125,1.09375,-0.17578125,-0.146484375
27652,1.171875,1.07421875,-0.244140625,-0.361328125
27653,1.34765625,1.03515625,-0.107421875,-0.263671875
27654,1.2109375,1.07421875,-0.263671875,-0.341796875
27655,1.298828125,1.083984375,-0.166015625,-0.283203125
27656,1.19140625,1.09375,-0.263671875,-0.21484375
27657,1.15234375,1.07421875,-0.283203125,-0.341796875
27658,1.259765625,1.09375,-0.25390625,-0.322265625
27659,1.259765625,1.123046875,-0.283203125,-0.234375
27660,1.259765625,1.09375,-0.25390625,-0.244140625
27661,1.220703125,1.07421875,-0.234375,-0.322265625
27662,1.240234375,1.15234375,-0.234375,-0.3125
27663,1.2890625,1.142578125,-0.234375,-0.15625
27664,1.34765625,1.044921875,-0.263671875,-0.3125
27665,1.2109375,1.0546875,-0.21484375,-0.29296875
27666,1.240234375,0.927734375,-0.185546875,-0.2734375
27667,1.337890625,1.03515625,-0.1953125,-0.185546875
27668,1.279296875,1.09375,-0.2734375,-0.224609375
27669,1.279296875,1.005859375,-0.361328125,-0.244140625
27670,1.357421875,1.103515625,-0.185546875,-0.234375
27671,1.2890625,1.005859375,-0.29296875,-0.302734375
27672,1.19140625,1.0546875,-0.126953125,-0.33203125
27673,1.07421875,1.03515625,-0.3125,-0.15625
27674,1.259765625,1.064453125,-0.205078125,-0.2734375
27675,1.171875,1.162109375,-0.33203125,-0.146484375
27676,1.201171875,1.03515625,-0.263671875,-0.185546875
27677,1.123046875,1.03515625,-0.37109375,-0.234375
27678,1.162109375,1.044921875,-0.33203125,-0.1953125
27679,1.396484375,1.064453125,-0.3515625,-0.25390625
27680,1.162109375,1.0546875,-0.341796875,-0.234375
27681,1.19140625,0.888671875,-0.29296875,-0.302734375
27682,1.181640625,1.015625,-0.302734375,-0.17578125
27683,1.2109375,1.03515625,-0.1953125,-0.263671875
27684,1.142578125,0.9765625,-0.263671875,-0.21484375
27685,1.181640625,1.0546875,-0.302734375,0.09765625
27686,1.240234375,0.947265625,-0.3125,-0.21484375
27687,1.25,0.888671875,-0.3515625,-0.166015625
27688,1.142578125,1.025390625,-0.33203125,-0.205078125
27689,1.23046875,0.8984375,-0.2734375,-0.17578125
27690,1.19140625,1.083984375,-0.390625,-0.205078125
27691,1.1328125,0.99609375,-0.341796875,-0.01953125
27692,1.25,1.337890625,-0.3125,-0.224609375
27693,1.19140625,0.9765625,-0.234375,-0.224609375
27694,1.1328125,1.064453125,-0.25390625,-0.244140625
27695,1.181640625,0.986328125,-0.1953125,-0.1953125
27696,1.201171875,1.11328125,-0.234375,-0.25390625
27697,1.26953125,1.083984375,-0.263671875,-0.234375
27698,1.279296875,0.927734375,-0.29296875,-0.15625
27699,1.23046875,1.083984375,-0.2734375,-0.13671875
27700,1.23046875,1.03515625,-0.263671875,-0.25390625
27701,1.201171875,1.09375,-0.302734375,-0.234375
27702,1.220703125,0.87890625,-0.15625,-0.33203125
27703,1.201171875,1.0546875,-0.283203125,-0.419921875
27704,1.103515625,1.0546875,-0.25390625,-0.33203125
27705,1.220703125,0.927734375,-0.087890625,-0.263671875
27706,1.25,1.07421875,-0.17578125,-0.185546875
27707,1.259765625,1.005859375,-0.244140625,-0.322265625
27708,1.201171875,1.2890625,-0.283203125,-0.1953125
27709,1.201171875,1.025390625,-0.166015625,-0.078125
27710,1.123046875,1.15234375,-0.224609375,-0.185546875
27711,1.2109375,1.0546875,-0.341796875,-0.2734375
27712,1.25,1.064453125,-0.224609375,-0.224609375
27713,1.181640625,1.07421875,-0.283203125,-0.263671875
27714,1.162109375,0.966796875,-0.263671875,-0.21484375
27715,1.181640625,1.09375,-0.166015625,-0.29296875
27716,1.23046875,1.03515625,-0.25390625,-0.1953125
27717,1.171875,1.015625,-0.185546875,-0.283203125
27718,1.201171875,1.083984375,-0.29296875,-0.21484375
27719,1.318359375,1.064453125,-0.244140625,-0.17578125
27720,1.103515625,1.0546875,-0.21484375,-0.263671875
27721,1.142578125,1.103515625,-0.2734375,-0.15625
27722,1.23046875,1.201171875,-0.25390625,-0.322265625
27723,1.181640625,1.181640625,-0.21484375,-0.234375
27724,1.142578125,1.123046875,-0.234375,-0.224609375
27725,1.201171875,1.162109375,-0.1953125,-0.224609375
27726,1.142578125,1.123046875,-0.263671875,-0.29296875
27727,1.171875,1.11328125,-0.1953125,-0.17578125
27728,1.201171875,1.09375,-0.1953125,-0.166015625
27729,1.15234375,1.220703125,-0.21484375,-0.146484375
27730,1.15234375,1.015625,-0.244140625,-0.302734375
27731,1.23046875,1.07421875,-0.29296875,-0.25390625
27732,1.171875,0.9375,-0.302734375,-0.33203125
27733,1.171875,1.025390625,-0.3515625,-0.322265625
27734,1.09375,1.2109375,-0.29296875,-0.3515625
27735,1.2109375,1.025390625,-0.234375,-0.244140625
27736,1.171875,1.259765625,-0.25390625,-0.244140625
27737,1.2109375,1.162109375,-0.263671875,-0.263671875
27738,1.03515625,1.03515625,-0.2734375,-0.302734375
27739,1.171875,1.15234375,-0.25390625,-0.361328125
27740,1.19140625,1.11328125,-0.17578125,-0.283203125
27741,1.15234375,1.142578125,-0.244140625,-0.263671875
27742,1.181640625,1.0546875,-0.341796875,-0.361328125
27743,1.26953125,1.123046875,-0.3125,-0.15625
27744,1.259765625,1.083984375,-0.29296875,-0.2734375
27745,1.201171875,1.1328125,-0.048828125,-0.146484375
27746,1.2890625,1.171875,-0.263671875,-0.2734375
27747,1.19140625,1.064453125,-0.283203125,-0.234375
27748,1.23046875,1.201171875,-0.1171875,-0.25390625
27749,1.279296875,1.201171875,-0.224609375,-0.283203125
27750,1.259765625,1.15234375,-0.234375,-0.3125
27751,1.220703125,1.162109375,-0.1953125,-0.29296875
27752,1.181640625,1.181640625,-0.17578125,-0.234375
27753,1.38671875,1.09375,-0.146484375,-0.341796875
27754,1.240234375,1.201171875,-0.17578125,-0.29296875
27755,1.103515625,1.171875,-0.185546875,-0.146484375
27756,1.318359375,1.23046875,-0.21484375,-0.21484375
27757,1.26953125,1.15234375,-0.185546875,-0.263671875
27758,1.240234375,1.23046875,-0.078125,-0.361328125
27759,1.142578125,1.181640625,-0.17578125,-0.29296875
27760,1.15234375,1.220703125,-0.21484375,-0.263671875
27761,1.30859375,1.2109375,-0.341796875,-0.205078125
27762,1.1328125,1.25,-0.302734375,-0.263671875
27763,1.23046875,1.220703125,-0.2734375,-0.244140625
27764,1.240234375,1.162109375,-0.185546875,-0.17578125
27765,1.318359375,1.2109375,-0.205078125,-0.244140625
27766,1.220703125,1.044921875,-0.244140625,-0.263671875
27767,1.26953125,1.171875,-0.13671875,-0.2734375
27768,1.240234375,1.220703125,-0.33203125,-0.380859375
27769,1.11328125,1.15234375,-0.05859375,-0.283203125
27770,1.15234375,1.201171875,-0.322265625,-0.185546875
27771,1.15234375,1.2109375,-0.17578125,-0.302734375
27772,1.26953125,1.474609375,-0.29296875,-0.283203125
27773,1.2109375,1.171875,-0.1171875,-0.3515625
27774,1.240234375,1.15234375,-0.21484375,-0.21484375
27775,1.19140625,1.220703125,-0.283203125,-0.390625
27776,1.240234375,1.201171875,-0.166015625,-0.234375
27777,1.2109375,1.171875,-0.21484375,-0.33203125
27778,1.181640625,1.2890625,-0.21484375,-0.302734375
27779,1.19140625,1.083984375,-0.341796875,-0.3515625
27780,1.162109375,1.19140625,-0.185546875,-0.400390625
27781,1.25,1.38671875,-0.234375,-0.263671875
27782,1.26953125,1.162109375,-0.21484375,-0.33203125
27783,1.23046875,1.15234375,-0.3125,-0.29296875
27784,1.201171875,1.1328125,-0.25390625,-0.3515625
27785,1.25,1.015625,-0.205078125,-0.4296875
27786,1.240234375,1.171875,-0.322265625,-0.25390625
27787,1.15234375,1.11328125,-0.166015625,-0.341796875
27788,1.2109375,1.1328125,-0.1953125,-0.3125
27789,1.23046875,1.162109375,-0.234375,-0.400390625
27790,1.19140625,1.23046875,-0.126953125,-0.322265625
27791,1.19140625,1.181640625,-0.25390625,-0.302734375
27792,1.259765625,1.201171875,-0.302734375,-0.205078125
27793,1.201171875,1.298828125,-0.25390625,-0.3125
27794,1.259765625,1.19140625,-0.205078125,-0.390625
27795,1.201171875,1.1328125,-0.3125,-0.341796875
27796,1.162109375,0.986328125,-0.185546875,-0.322265625
27797,1.220703125,1.279296875,-0.322265625,-0.3125
27798,1.171875,1.181640625,-0.302734375,-0.068359375
27799,1.25,1.240234375,-0.25390625,-0.3515625
27800,1.181640625,1.103515625,-0.205078125,-0.302734375
27801,1.181640625,1.19140625,-0.283203125,-0.322265625
27802,1.259765625,1.279296875,-0.29296875,-0.3125
27803,1.162109375,0.8984375,-0.263671875,-0.29296875
27804,1.34765625,1.19140625,-0.283203125,-0.302734375
27805,1.201171875,1.11328125,-0.263671875,-0.21484375
27806,1.25,1.171875,-0.380859375,-0.361328125
27807,1.328125,1.171875,-0.302734375,-0.3515625
27808,1.298828125,1.1328125,-0.283203125,-0.126953125
27809,1.2109375,1.23046875,-0.21484375,-0.400390625
27810,1.220703125,1.171875,-0.29296875,-0.3125
27811,1.1328125,1.201171875,-0.1953125,-0.361328125
27812,1.162109375,1.26953125,-0.21484375,-0.263671875
27813,1.09375,1.162109375,-0.322265625,-0.361328125
27814,1.201171875,1.07421875,-0.185546875,-0.3515625
27815,1.162109375,1.2109375,-0.322265625,-0.3125
27816,1.123046875,1.181640625,-0.234375,-0.361328125
27817,1.0546875,1.3671875,-0.302734375,-0.21484375
27818,1.123046875,1.005859375,-0.263671875,-0.244140625
27819,1.09375,1.19140625,-0.263671875,-0.37109375
27820,1.03515625,1.201171875,-0.244140625,-0.166015625
27821,1.162109375,1.1328125,-0.3125,-0.234375
27822,1.2109375,1.142578125,-0.244140625,-0.322265625
27823,1.162109375,1.220703125,-0.3515625,-0.25390625
27824,1.15234375,1.09375,-0.21484375,-0.3125
27825,1.26953125,1.11328125,-0.25390625,-0.3125
27826,1.171875,1.15234375,-0.33203125,-0.302734375
27827,1.220703125,1.123046875,-0.263671875,-0.29296875
27828,1.2890625,1.201171875,-0.244140625,-0.400390625
27829,1.220703125,1.201171875,-0.205078125,-0.146484375
27830,1.26953125,1.123046875,-0.17578125,-0.302734375
27831,1.220703125,1.162109375,-0.283203125,-0.087890625
27832,1.220703125,1.259765625,-0.33203125,-0.25390625
27833,1.23046875,1.26953125,-0.1953125,-0.29296875
27834,1.259765625,1.23046875,-0.2734375,-0.15625
27835,1.220703125,1.2109375,-0.3125,-0.224609375
27836,1.220703125,1.46484375,-0.25390625,-0.3125
27837,1.376953125,1.181640625,-0.322265625,-0.3125
27838,1.34765625,1.2109375,-0.283203125,-0.341796875
27839,1.259765625,1.2109375,-0.283203125,-0.322265625
27840,1.25,1.220703125,-0.2734375,-0.390625
27841,1.298828125,1.2890625,-0.29296875,-0.419921875
27842,1.259765625,1.19140625,-0.185546875,-0.3515625
27843,1.2890625,1.25,-0.15625,-0.29296875
27844,1.26953125,1.25,-0.205078125,-0.3515625
27845,1.240234375,1.19140625,-0.283203125,-0.37109375
27846,1.34765625,1.220703125,-0.224609375,-0.2734375
27847,1.15234375,1.23046875,-0.244140625,-0.25390625
27848,1.201171875,1.0546875,-0.1953125,-0.263671875
27849,1.279296875,1.162109375,-0.126953125,-0.263671875
27850,1.34765625,1.171875,-0.234375,-0.3515625
27851,1.220703125,1.19140625,-0.1953125,-0.29296875
27852,1.328125,1.2890625,-0.126953125,-0.322265625
27853,1.259765625,1.259765625,-0.1171875,-0.224609375
27854,1.2109375,1.279296875,-0.224609375,-0.322265625
27855,1.2890625,1.2109375,-0.13671875,-0.4296875
27856,1.328125,1.2109375,-0.21484375,-0.1953125
27857,1.162109375,1.103515625,-0.185546875,-0.2734375
27858,1.357421875,1.26953125,-0.068359375,-0.322265625
27859,1.26953125,1.201171875,-0.234375,-0.41015625
27860,1.416015625,1.123046875,-0.29296875,-0.302734375
27861,1.396484375,1.2109375,-0.21484375,-0.458984375
27862,1.259765625,1.259765625,-0.25390625,-0.400390625
27863,1.34765625,1.23046875,-0.33203125,-0.41015625
27864,1.26953125,1.23046875,-0.244140625,-0.390625
27865,1.34765625,1.201171875,-0.205078125,-0.29296875
27866,1.25,1.123046875,-0.244140625,-0.400390625
27867,1.30859375,1.044921875,-0.1171875,-0.4296875
27868,1.23046875,1.19140625,-0.283203125,-0.25390625
27869,1.298828125,1.25,-0.234375,-0.400390625
27870,1.337890625,1.26953125,-0.25390625,-0.361328125
27871,1.4453125,1.15234375,-0.283203125,-0.283203125
27872,1.298828125,1.15234375,-0.224609375,-0.322265625
27873,1.318359375,1.005859375,-0.126953125,-0.2734375
27874,1.25,1.2109375,-0.33203125,-0.380859375
27875,1.38671875,1.298828125,-0.205078125,-0.41015625
27876,1.337890625,1.064453125,-0.13671875,-0.419921875
27877,1.38671875,1.220703125,-0.21484375,-0.41015625
27878,1.26953125,1.19140625,-0.185546875,-0.302734375
27879,1.279296875,1.240234375,-0.25390625,-0.302734375
27880,1.240234375,1.171875,-0.1171875,-0.48828125
27881,1.279296875,1.220703125,-0.234375,-0.37109375
27882,1.2109375,1.328125,-0.1953125,-0.37109375
27883,1.30859375,1.19140625,-0.13671875,-0.37109375
27884,1.171875,1.26953125,-0.244140625,-0.29296875
27885,1.279296875,1.30859375,-0.244140625,-0.37109375
27886,1.25,1.201171875,-0.3515625,-0.2734375
27887,1.15234375,1.162109375,-0.341796875,-0.380859375
27888,1.25,1.1328125,-0.1953125,-0.341796875
27889,1.201171875,1.1328125,-0.283203125,-0.576171875
27890,1.123046875,1.2109375,-0.21484375,-0.361328125
27891,1.26953125,1.201171875,-0.21484375,-0.263671875
27892,1.2890625,1.220703125,-0.146484375,-0.341796875
27893,1.298828125,1.171875,-0.263671875,-0.341796875
27894,1.23046875,1.103515625,-0.3125,-0.3515625
27895,1.259765625,1.181640625,-0.283203125,-0.3125
27896,1.220703125,1.15234375,-0.25390625,-0.37109375
27897,1.259765625,1.171875,-0.33203125,-0.380859375
27898,1.30859375,1.15234375,-0.234375,-0.361328125
27899,1.171875,1.259765625,-0.263671875,-0.283203125
27900,1.220703125,1.201171875,-0.224609375,-0.3515625
27901,1.259765625,1.181640625,-0.224609375,-0.419921875
27902,1.3671875,1.1328125,-0.263671875,-0.458984375
27903,1.25,1.181640625,-0.244140625,-0.458984375
27904,1.162109375,1.19140625,-0.126953125,-0.390625
27905,1.240234375,1.1328125,-0.244140625,-0.419921875
27906,1.25,1.240234375,-0.29296875,-0.44921875
27907,1.19140625,1.09375,-0.185546875,-0.4296875
27908,1.5234375,1.1328125,-0.2734375,-0.37109375
27909,1.240234375,1.11328125,-0.2734375,-0.37109375
27910,1.298828125,1.2109375,-0.3125,-0.44921875
27911,1.328125,1.15234375,-0.283203125,-0.380859375
27912,1.25,1.064453125,-0.224609375,-0.380859375
27913,1.162109375,1.09375,-0.29296875,-0.400390625
27914,1.259765625,1.162109375,-0.224609375,-0.322265625
27915,1.26953125,1.044921875,-0.29296875,-0.341796875
27916,1.2890625,1.03515625,-0.25390625,-0.3515625
27917,1.240234375,1.123046875,-0.283203125,-0.322265625
27918,1.240234375,1.328125,-0.33203125,-0.37109375
27919,1.30859375,1.162109375,-0.068359375,-0.2734375
27920,1.298828125,1.103515625,-0.263671875,-0.3125
27921,1.220703125,1.171875,-0.2734375,-0.33203125
27922,1.19140625,1.2109375,-0.244140625,-0.41015625
27923,1.240234375,1.142578125,-0.224609375,-0.41015625
27924,1.201171875,1.064453125,-0.21484375,-0.341796875
27925,1.19140625,1.09375,-0.2734375,-0.3515625
27926,1.142578125,1.1328125,-0.302734375,-0.25390625
27927,1.19140625,1.2109375,-0.244140625,-0.3515625
27928,1.171875,1.240234375,-0.283203125,-0.361328125
27929,1.19140625,1.1328125,-0.2734375,-0.3125
27930,1.201171875,1.142578125,-0.361328125,-0.44921875
27931,1.25,1.171875,-0.244140625,-0.380859375
27932,1.15234375,1.1328125,-0.1953125,-0.37109375
27933,1.181640625,1.171875,-0.09765625,-0.341796875
27934,1.26953125,1.181640625,-0.322265625,-0.25390625
27935,1.201171875,1.142578125,-0.29296875,-0.224609375
27936,1.26953125,1.1328125,-0.21484375,-0.322265625
27937,1.240234375,1.07421875,-0.3125,-0.302734375
27938,1.279296875,1.171875,-0.263671875,-0.41015625
27939,1.083984375,1.1328125,-0.15625,-0.33203125
27940,1.19140625,1.005859375,-0.361328125,-0.29296875
27941,1.240234375,1.1328125,-0.166015625,-0.4296875
27942,1.09375,1.064453125,-0.234375,-0.29296875
27943,1.240234375,1.25,-0.21484375,-0.361328125
27944,1.357421875,1.162109375,-0.2734375,-0.48828125
27945,1.220703125,1.23046875,-0.263671875,-0.37109375
27946,1.171875,1.064453125,-0.234375,-0.341796875
27947,1.2109375,1.1328125,-0.1171875,-0.46875
27948,1.259765625,1.142578125,-0.21484375,-0.37109375
27949,1.15234375,1.123046875,-0.25390625,-0.41015625
27950,1.220703125,1.103515625,-0.15625,-0.400390625
27951,1.259765625,1.064453125,-0.1953125,-0.4296875
27952,1.162109375,1.259765625,-0.244140625,-0.322265625
27953,1.318359375,1.162109375,-0.263671875,-0.44921875
27954,1.15234375,1.07421875,-0.361328125,-0.29296875
27955,1.298828125,1.103515625,-0.380859375,-0.3515625
27956,1.318359375,1.083984375,-0.205078125,-0.400390625
27957,1.201171875,1.09375,-0.322265625,-0.419921875
27958,1.26953125,1.181640625,-0.21484375,-0.37109375
27959,1.259765625,1.142578125,-0.234375,-0.37109375
27960,1.26953125,1.044921875,-0.2734375,-0.498046875
27961,1.2890625,1.025390625,-0.166015625,-0.341796875
27962,1.25,1.083984375,-0.302734375,-0.390625
27963,1.30859375,1.025390625,-0.234375,-0.322265625
27964,1.240234375,1.328125,-0.263671875,-0.322265625
27965,1.2109375,1.083984375,-0.263671875,-0.439453125
27966,1.201171875,1.025390625,-0.341796875,-0.322265625
27967,1.2109375,0.9375,-0.263671875,-0.41015625
27968,1.279296875,1.064453125,-0.205078125,-0.33203125
27969,1.19140625,1.07421875,-0.29296875,-0.21484375
27970,1.298828125,1.083984375,-0.1171875,-0.224609375
27971,1.23046875,1.025390625,-0.21484375,-0.341796875
27972,1.083984375,1.015625,-0.1953125,-0.419921875
27973,1.259765625,1.103515625,-0.21484375,-0.244140625
27974,1.181640625,0.888671875,-0.185546875,-0.341796875
27975,1.26953125,1.025390625,-0.21484375,-0.33203125
27976,1.42578125,1.083984375,-0.21484375,-0.283203125
27977,1.279296875,0.9765625,-0.146484375,-0.341796875
27978,1.201171875,1.1328125,-0.09765625,-0.205078125
27979,1.318359375,1.025390625,-0.21484375,-0.3125
27980,1.25,0.8984375,-0.1953125,-0.322265625
27981,1.328125,1.015625,-0.224609375,-0.33203125
27982,1.23046875,1.103515625,-0.2734375,-0.234375
27983,1.220703125,0.9375,-0.21484375,-0.302734375
27984,1.181640625,1.03515625,-0.25390625,-0.263671875
27985,1.23046875,1.044921875,-0.205078125,-0.205078125
27986,1.240234375,1.2109375,-0.087890625,-0.15625
27987,1.259765625,1.083984375,-0.205078125,-0.33203125
27988,1.240234375,0.9375,-0.2734375,-0.3125
27989,1.25,1.064453125,-0.15625,-0.29296875
27990,1.26953125,1.03515625,-0.17578125,-0.13671875
27991,1.2109375,0.947265625,-0.205078125,-0.3125
27992,1.19140625,1.03515625,-0.17578125,-0.322265625
27993,1.34765625,1.07421875,-0.21484375,-0.3125
27994,1.25,1.015625,-0.244140625,-0.44921875
27995,1.201171875,1.09375,-0.185546875,-0.283203125
27996,1.240234375,1.03515625,-0.380859375,-0.341796875
27997,1.0546875,1.103515625,-0.234375,-0.29296875
27998,1.240234375,1.142578125,-0.234375,-0.263671875
27999,1.26953125,1.19140625,-0.302734375,-0.087890625
28000,1.40625,0.9375,-0.234375,-0.2734375
28001,1.220703125,0.8984375,-0.244140625,-0.29296875
28002,1.279296875,0.9765625,-0.29296875,-0.2734375
28003,1.162109375,0.947265625,-0.400390625,-0.46875
28004,1.259765625,0.91796875,-0.244140625,-0.2734375
28005,1.142578125,0.986328125,-0.17578125,-0.322265625
28006,1.259765625,0.99609375,-0.21484375,-0.1953125
28007,1.220703125,1.064453125,-0.13671875,-0.3125
28008,1.26953125,1.03515625,-0.302734375,-0.2734375
28009,1.19140625,0.986328125,-0.244140625,-0.244140625
28010,1.23046875,0.9765625,-0.146484375,-0.341796875
28011,1.19140625,0.99609375,-0.224609375,-0.13671875
28012,1.259765625,1.015625,-0.234375,-0.3125
28013,1.23046875,1.0546875,-0.224609375,-0.302734375
28014,1.201171875,0.927734375,-0.283203125,-0.224609375
28015,1.298828125,0.947265625,-0.244140625,-0.1953125
28016,1.25,1.1328125,-0.234375,-0.25390625
28017,1.19140625,1.005859375,-0.2734375,-0.29296875
28018,1.259765625,0.947265625,-0.1171875,-0.29296875
28019,1.19140625,1.005859375,-0.390625,-0.41015625
28020,1.259765625,0.947265625,-0.302734375,-0.25390625
28021,1.318359375,0.9765625,-0.3125,-0.3515625
28022,1.2109375,0.986328125,-0.1953125,-0.302734375
28023,1.171875,0.966796875,-0.224609375,-0.2734375
28024,1.142578125,1.015625,-0.185546875,-0.33203125
28025,1.181640625,0.986328125,-0.21484375,-0.322265625
28026,1.23046875,0.751953125,-0.224609375,-0.41015625
28027,1.171875,1.083984375,-0.29296875,-0.322265625
28028,1.23046875,1.142578125,-0.341796875,-0.380859375
28029,1.220703125,1.07421875,-0.244140625,-0.1953125
28030,1.162109375,1.025390625,-0.17578125,-0.205078125
28031,1.34765625,1.162109375,-0.146484375,-0.3125
28032,1.23046875,1.0546875,-0.283203125,-0.33203125
28033,1.19140625,1.1328125,-0.244140625,-0.234375
28034,1.26953125,0.869140625,-0.146484375,-0.244140625
28035,1.259765625,1.083984375,-0.234375,-0.2734375
28036,1.181640625,0.9375,-0.1953125,-0.361328125
28037,1.2109375,1.025390625,-0.1953125,-0.29296875
28038,1.26953125,1.0546875,-0.17578125,-0.283203125
28039,1.240234375,0.986328125,-0.205078125,-0.33203125
28040,1.220703125,1.103515625,-0.283203125,-0.244140625
28041,1.220703125,1.181640625,-0.390625,-0.244140625
28042,1.328125,1.07421875,-0.29296875,-0.439453125
28043,1.162109375,1.220703125,-0.263671875,-0.21484375
28044,1.25,1.03515625,-0.3125,-0.283203125
28045,1.19140625,1.015625,-0.2734375,-0.1953125
28046,1.201171875,1.07421875,-0.21484375,-0.302734375
28047,1.201171875,0.95703125,-0.185546875,-0.25390625
28048,1.1328125,1.123046875,-0.185546875,-0.1953125
28049,1.201171875,1.015625,-0.2734375,-0.478515625
28050,1.2109375,1.044921875,-0.33203125,-0.3125
28051,1.201171875,0.986328125,-0.263671875,-0.361328125
28052,1.181640625,1.103515625,-0.234375,-0.341796875
28053,1.23046875,1.025390625,-0.29296875,-0.361328125
28054,1.30859375,1.0546875,-0.21484375,-0.33203125
28055,1.181640625,1.09375,-0.205078125,-0.322265625
28056,1.25,1.123046875,-0.234375,-0.37109375
28057,1.279296875,1.07421875,-0.244140625,-0.400390625
28058,1.181640625,1.1328125,-0.29296875,-0.498046875
28059,1.181640625,0.87890625,-0.244140625,-0.341796875
28060,1.259765625,0.986328125,-0.29296875,-0.205078125
28061,1.23046875,1.103515625,-0.1953125,-0.341796875
28062,1.23046875,1.044921875,-0.234375,-0.3515625
28063,1.220703125,1.09375,-0.263671875,-0.33203125
28064,1.259765625,1.15234375,-0.224609375,-0.21484375
28065,1.2109375,1.064453125,-0.29296875,-0.234375
28066,1.201171875,1.083984375,-0.244140625,-0.283203125
28067,1.259765625,1.201171875,-0.17578125,0.029296875
28068,1.259765625,1.07421875,-0.1953125,-0.244140625
28069,1.240234375,1.083984375,-0.185546875,-0.33203125
28070,1.357421875,1.15234375,-0.107421875,-0.341796875
28071,1.23046875,1.1328125,-0.1171875,-0.234375
28072,1.240234375,1.0546875,-0.185546875,-0.41015625
28073,1.279296875,1.09375,-0.244140625,-0.302734375
28074,1.181640625,1.07421875,-0.283203125,-0.29296875
28075,1.19140625,1.07421875,-0.244140625,-0.2734375
28076,1.23046875,1.07421875,-0.15625,-0.205078125
28077,1.19140625,0.95703125,-0.15625,-0.29296875
28078,1.2109375,1.015625,-0.21484375,-0.25390625
28079,1.181640625,1.03515625,-0.166015625,-0.322265625
28080,1.25,1.171875,-0.21484375,-0.302734375
28081,1.201171875,1.0546875,-0.126953125,-0.146484375
28082,1.201171875,1.11328125,-0.09765625,-0.17578125
28083,1.171875,1.142578125,-0.107421875,-0.29296875
28084,1.25,1.142578125,-0.205078125,-0.224609375
28085,1.162109375,1.083984375,-0.21484375,-0.29296875
28086,1.240234375,1.103515625,-0.068359375,-0.244140625
28087,1.240234375,1.083984375,-0.3125,-0.390625
28088,1.171875,1.005859375,-0.185546875,-0.224609375
28089,1.23046875,1.044921875,-0.2734375,-0.29296875
28090,1.25,1.259765625,-0.15625,-0.244140625
28091,1.171875,1.07421875,-0.126953125,-0.3515625
28092,1.171875,1.015625,-0.283203125,-0.25390625
28093,1.2109375,1.220703125,-0.234375,-0.2734375
28094,1.328125,1.103515625,-0.263671875,-0.3515625
28095,1.15234375,1.044921875,-0.21484375,-0.1953125
28096,1.298828125,1.09375,-0.2734375,-0.25390625
28097,1.044921875,1.083984375,-0.29296875,-0.2734375
28098,1.015625,0.91796875,-0.224609375,-0.263671875
28099,1.259765625,0.9765625,-0.263671875,-0.224609375
28100,1.3671875,1.025390625,-0.224609375,-0.17578125
28101,1.162109375,1.044921875,-0.185546875,-0.29296875
28102,1.2109375,1.03515625,-0.146484375,-0.263671875
28103,1.279296875,1.044921875,-0.263671875,-0.2734375
28104,1.15234375,1.162109375,-0.29296875,-0.25390625
28105,1.201171875,1.103515625,-0.09765625,-0.400390625
28106,1.25,0.986328125,-0.21484375,-0.2734375
28107,1.171875,1.083984375,-0.33203125,-0.29296875
28108,1.15234375,0.99609375,-0.341796875,-0.185546875
28109,1.181640625,1.03515625,-0.3125,-0.15625
28110,1.26953125,0.908203125,-0.234375,-0.224609375
28111,1.19140625,1.2890625,-0.3515625,-0.263671875
28112,1.15234375,1.044921875,-0.3125,-0.224609375
28113,1.23046875,1.1328125,-0.3515625,-0.224609375
28114,1.181640625,1.03515625,-0.341796875,-0.17578125
28115,1.357421875,1.07421875,-0.3515625,-0.09765625
28116,1.142578125,1.1328125,-0.419921875,-0.2734375
28117,1.19140625,1.025390625,-0.244140625,-0.1171875
28118,1.03515625,1.03515625,-0.302734375,-0.400390625
28119,1.240234375,1.15234375,-0.3125,-0.361328125
28120,1.220703125,1.064453125,-0.224609375,-0.224609375
28121,1.240234375,1.11328125,-0.078125,-0.107421875
28122,1.416015625,1.0546875,-0.234375,-0.25390625
28123,1.162109375,1.259765625,-0.25390625,-0.263671875
28124,1.103515625,1.064453125,-0.205078125,-0.1171875
28125,1.171875,1.025390625,-0.224609375,-0.244140625
28126,1.201171875,1.2109375,-0.17578125,-0.205078125
28127,1.328125,1.083984375,-0.205078125,-0.29296875
28128,1.15234375,1.025390625,-0.224609375,-0.068359375
28129,1.171875,1.07421875,-0.166015625,-0.2734375
28130,1.171875,1.0546875,-0.146484375,-0.107421875
28131,1.142578125,1.07421875,-0.224609375,-0.244140625
28132,1.15234375,1.025390625,-0.3125,-0.234375
28133,1.15234375,1.220703125,-0.380859375,-0.3125
28134,0.9375,1.11328125,-0.166015625,-0.283203125
28135,1.2109375,1.09375,-0.205078125,-0.302734375
28136,1.181640625,1.083984375,-0.1171875,-0.283203125
28137,1.25,0.99609375,-0.1953125,-0.126953125
28138,1.25,1.298828125,-0.244140625,-0.283203125
28139,1.142578125,1.103515625,-0.21484375,-0.302734375
28140,1.11328125,1.09375,-0.224609375,-0.166015625
28141,1.171875,1.09375,-0.37109375,-0.2734375
28142,1.201171875,1.1328125,-0.078125,-0.166015625
28143,1.15234375,1.11328125,-0.2734375,-0.09765625
28144,1.25,1.07421875,-0.25390625,-0.419921875
28145,1.171875,1.09375,-0.302734375,-0.2734375
28146,1.23046875,1.1328125,-0.29296875,-0.263671875
28147,1.1328125,1.1328125,-0.263671875,-0.29296875
28148,1.07421875,1.09375,-0.205078125,-0.302734375
28149,1.142578125,1.1328125,-0.146484375,-0.234375
28150,1.171875,1.103515625,-0.263671875,-0.29296875
28151,1.142578125,1.1328125,-0.244140625,-0.15625
28152,1.181640625,1.103515625,-0.1953125,-0.2734375
28153,1.220703125,0.927734375,0.009765625,-0.21484375
28154,1.201171875,1.19140625,-0.234375,-0.3125
28155,1.142578125,1.123046875,-0.1953125,-0.17578125
28156,1.0546875,1.19140625,-0.166015625,-0.322265625
28157,1.103515625,1.015625,-0.0390625,-0.302734375
28158,1.2109375,1.083984375,-0.166015625,-0.322265625
28159,1.162109375,1.142578125,-0.263671875,-0.205078125
28160,1.2109375,1.25,-0.25390625,-0.25390625
28161,1.19140625,1.103515625,-0.185546875,-0.29296875
28162,1.240234375,1.064453125,-0.29296875,-0.17578125
28163,1.15234375,1.220703125,-0.3125,-0.234375
28164,1.25,1.1328125,-0.1953125,-0.21484375
28165,1.15234375,1.064453125,-0.2734375,-0.185546875
28166,1.15234375,1.083984375,-0.21484375,-0.234375
28167,1.142578125,1.1328125,-0.21484375,-0.21484375
28168,1.19140625,1.181640625,-0.205078125,-0.13671875
28169,1.240234375,1.2109375,-0.341796875,-0.244140625
28170,1.240234375,1.162109375,-0.25390625,-0.2734375
28171,1.19140625,1.171875,-0.25390625,-0.244140625
28172,1.162109375,1.162109375,-0.185546875,-0.2734375
28173,1.259765625,1.162109375,-0.25390625,-0.263671875
28174,1.201171875,1.23046875,-0.234375,-0.322265625
28175,1.25,1.15234375,-0.263671875,-0.17578125
28176,1.2109375,1.171875,-0.146484375,-0.3125
28177,1.2890625,1.19140625,-0.13671875,-0.205078125
28178,1.220703125,1.171875,-0.185546875,-0.185546875
28179,1.2109375,1.171875,-0.1953125,-0.33203125
28180,1.3671875,1.220703125,-0.17578125,-0.322265625
28181,1.2109375,1.2109375,-0.21484375,-0.224609375
28182,1.2109375,1.2109375,-0.234375,-0.21484375
28183,1.220703125,1.162109375,-0.09765625,-0.244140625
28184,1.23046875,1.07421875,-0.17578125,-0.2734375
28185,1.2890625,1.181640625,-0.17578125,-0.185546875
28186,1.357421875,1.2109375,-0.126953125,-0.380859375
28187,1.2890625,1.279296875,-0.087890625,-0.234375
28188,1.30859375,1.1328125,-0.17578125,-0.263671875
28189,1.318359375,1.19140625,-0.146484375,-0.1953125
28190,1.259765625,1.064453125,-0.15625,-0.224609375
28191,1.26953125,1.15234375,-0.44921875,-0.263671875
28192,1.23046875,1.103515625,-0.244140625,-0.302734375
28193,1.337890625,0.986328125,-0.29296875,-0.302734375
28194,1.220703125,1.103515625,-0.224609375,-0.146484375
28195,1.19140625,1.23046875,-0.15625,-0.244140625
28196,1.279296875,1.181640625,-0.25390625,-0.234375
28197,1.279296875,1.162109375,-0.341796875,-0.302734375
28198,1.279296875,1.171875,-0.17578125,-0.263671875
28199,1.357421875,1.201171875,-0.205078125,-0.2734375
28200,1.1328125,1.201171875,-0.341796875,-0.2734375
28201,1.259765625,1.044921875,-0.224609375,-0.15625
28202,1.201171875,1.15234375,-0.25390625,-0.380859375
28203,1.142578125,1.19140625,-0.107421875,-0.302734375
28204,1.328125,1.083984375,-0.224609375,-0.29296875
28205,1.181640625,1.1328125,-0.25390625,-0.263671875
28206,1.171875,1.171875,-0.15625,-0.37109375
28207,1.171875,1.09375,-0.2734375,-0.341796875
28208,1.1328125,1.337890625,-0.15625,-0.283203125
28209,1.162109375,1.162109375,-0.17578125,-0.25390625
28210,1.1328125,1.171875,-0.21484375,-0.25390625
28211,1.142578125,1.103515625,-0.146484375,-0.322265625
28212,1.181640625,1.26953125,-0.13671875,-0.2734375
28213,1.15234375,1.1328125,-0.21484375,-0.244140625
28214,1.34765625,1.240234375,-0.234375,-0.283203125
28215,1.19140625,1.201171875,-0.17578125,-0.146484375
28216,1.2890625,1.142578125,-0.25390625,-0.17578125
28217,1.328125,1.171875,-0.05859375,-0.2734375
28218,1.240234375,1.220703125,-0.234375,-0.185546875
28219,1.25,1.171875,-0.205078125,-0.224609375
28220,1.1328125,1.162109375,-0.224609375,-0.37109375
28221,1.259765625,1.23046875,-0.244140625,-0.25390625
28222,1.26953125,1.181640625,-0.283203125,-0.283203125
28223,1.30859375,1.123046875,-0.25390625,-0.185546875
28224,1.25,1.103515625,-0.25390625,-0.3125
28225,1.142578125,1.201171875,-0.234375,-0.302734375
28226,1.240234375,1.064453125,-0.15625,-0.380859375
28227,1.23046875,1.171875,-0.1953125,-0.1953125
28228,1.15234375,1.201171875,-0.146484375,-0.302734375
28229,1.19140625,1.240234375,-0.302734375,-0.29296875
28230,1.142578125,1.181640625,-0.224609375,-0.3515625
28231,1.2890625,1.1328125,-0.283203125,-0.546875
28232,1.26953125,1.142578125,-0.29296875,-0.2734375
28233,1.19140625,1.19140625,-0.283203125,-0.234375
28234,1.123046875,1.142578125,-0.283203125,-0.37109375
28235,1.15234375,1.19140625,-0.2734375,-0.283203125
28236,1.181640625,1.09375,-0.15625,-0.3125
28237,1.19140625,1.181640625,-0.33203125,-0.21484375
28238,1.279296875,1.181640625,-0.283203125,-0.244140625
28239,1.220703125,1.15234375,-0.15625,-0.25390625
28240,1.15234375,1.103515625,-0.33203125,-0.3125
28241,1.25,1.2109375,-0.09765625,-0.283203125
28242,1.201171875,1.220703125,-0.2734375,-0.1953125
28243,1.123046875,1.142578125,-0.2734375,-0.517578125
28244,1.19140625,1.181640625,-0.224609375,-0.3125
28245,1.181640625,1.03515625,-0.380859375,-0.3125
28246,1.162109375,1.162109375,-0.17578125,-0.361328125
28247,1.26953125,1.171875,-0.283203125,-0.2734375
28248,1.201171875,1.19140625,-0.21484375,-0.25390625
28249,1.23046875,1.103515625,-0.283203125,-0.33203125
28250,1.142578125,1.181640625,-0.224609375,-0.4296875
28251,1.19140625,1.30859375,-0.205078125,-0.29296875
28252,1.25,1.171875,-0.2734375,-0.3515625
28253,1.083984375,1.1328125,-0.21484375,-0.3125
28254,1.162109375,1.19140625,-0.29296875,-0.341796875
28255,1.2890625,1.0546875,-0.29296875,-0.37109375
28256,1.23046875,1.171875,-0.2734375,-0.263671875
28257,1.259765625,1.201171875,-0.17578125,-0.234375
28258,1.26953125,1.064453125,-0.263671875,-0.224609375
28259,1.23046875,1.23046875,-0.361328125,-0.3515625
28260,1.328125,1.220703125,-0.283203125,-0.37109375
28261,1.26953125,1.142578125,-0.4296875,-0.302734375
28262,1.474609375,1.162109375,-0.25390625,-0.1953125
28263,1.26953125,1.123046875,-0.283203125,-0.33203125
28264,1.23046875,1.30859375,-0.33203125,-0.25390625
28265,1.220703125,1.19140625,-0.33203125,-0.263671875
28266,1.259765625,1.30859375,-0.263671875,-0.224609375
28267,1.240234375,1.2109375,-0.244140625,-0.283203125
28268,1.162109375,1.240234375,-0.205078125,-0.3515625
28269,1.2890625,1.142578125,-0.29296875,-0.322265625
28270,1.3671875,1.240234375,-0.29296875,-0.283203125
28271,1.34765625,1.220703125,-0.234375,-0.390625
28272,1.30859375,1.181640625,-0.380859375,-0.29296875
28273,1.298828125,1.1328125,-0.37109375,-0.322265625
28274,1.337890625,1.162109375,-0.263671875,-0.390625
28275,1.23046875,1.23046875,-0.234375,-0.234375
28276,1.298828125,1.19140625,-0.15625,-0.263671875
28277,1.2109375,1.181640625,-0.13671875,-0.205078125
28278,1.25,1.142578125,-0.263671875,-0.263671875
28279,1.259765625,1.171875,-0.29296875,-0.361328125
28280,1.328125,1.259765625,-0.1953125,-0.3515625
28281,1.279296875,1.259765625,-0.166015625,-0.322265625
28282,1.298828125,1.123046875,-0.166015625,-0.25390625
28283,1.357421875,1.279296875,-0.205078125,-0.3125
28284,1.30859375,1.201171875,-0.1171875,-0.2734375
28285,1.2890625,1.259765625,-0.17578125,-0.234375
28286,1.337890625,1.25,-0.25390625,-0.244140625
28287,1.298828125,1.328125,-0.21484375,-0.3125
28288,1.298828125,1.083984375,-0.29296875,-0.29296875
28289,1.240234375,1.162109375,-0.322265625,-0.29296875
28290,1.3671875,1.357421875,-0.1953125,-0.1953125
28291,1.30859375,1.171875,-0.15625,-0.361328125
28292,1.220703125,1.240234375,-0.244140625,-0.439453125
28293,1.259765625,1.162109375,-0.263671875,-0.3125
28294,1.30859375,1.396484375,-0.29296875,-0.283203125
28295,1.279296875,1.181640625,-0.185546875,-0.166015625
28296,1.328125,1.220703125,-0.3125,-0.380859375
28297,1.357421875,1.171875,-0.244140625,-0.380859375
28298,1.240234375,1.2109375,-0.29296875,-0.263671875
28299,1.30859375,1.15234375,-0.2734375,-0.361328125
28300,1.357421875,1.38671875,-0.33203125,-0.283203125
28301,1.40625,1.220703125,-0.322265625,-0.3515625
28302,1.2890625,1.171875,-0.205078125,-0.44921875
28303,1.337890625,1.181640625,-0.224609375,-0.2734375
28304,1.396484375,1.201171875,-0.21484375,-0.400390625
28305,1.4453125,1.298828125,-0.25390625,-0.2734375
28306,1.3671875,1.220703125,-0.224609375,-0.33203125
28307,1.2890625,1.142578125,-0.146484375,-0.341796875
28308,1.2890625,1.19140625,-0.21484375,-0.302734375
28309,1.318359375,1.25,-0.263671875,-0.380859375
28310,1.2109375,1.171875,-0.3125,-0.21484375
28311,1.26953125,1.15234375,-0.15625,-0.361328125
28312,1.259765625,1.23046875,-0.2734375,-0.400390625
28313,1.26953125,1.09375,-0.1953125,-0.341796875
28314,1.201171875,1.15234375,-0.322265625,-0.615234375
28315,1.279296875,1.162109375,-0.1953125,-0.29296875
28316,1.298828125,1.142578125,-0.2734375,-0.244140625
28317,1.279296875,1.07421875,-0.234375,-0.380859375
28318,1.318359375,1.220703125,-0.4296875,-0.361328125
28319,1.259765625,1.171875,-0.361328125,-0.361328125
28320,1.337890625,1.1328125,-0.263671875,-0.361328125
28321,1.2890625,1.220703125,-0.224609375,-0.33203125
28322,1.2890625,1.181640625,-0.341796875,-0.234375
28323,1.40625,1.201171875,-0.25390625,-0.302734375
28324,1.376953125,0.966796875,-0.234375,-0.33203125
28325,1.25,1.162109375,-0.322265625,-0.21484375
28326,1.220703125,1.2109375,-0.302734375,-0.263671875
28327,1.2890625,1.025390625,-0.302734375,-0.322265625
28328,1.26953125,1.103515625,-0.15625,-0.37109375
28329,1.26953125,1.1328125,-0.29296875,-0.439453125
28330,1.337890625,1.142578125,-0.087890625,-0.380859375
28331,1.23046875,1.11328125,-0.244140625,-0.3125
28332,1.220703125,1.103515625,-0.25390625,-0.3125
28333,1.240234375,0.908203125,-0.263671875,-0.302734375
28334,1.25,1.083984375,-0.29296875,-0.498046875
28335,1.171875,1.201171875,-0.205078125,-0.537109375
28336,1.259765625,1.142578125,-0.244140625,-0.380859375
28337,1.26953125,1.2109375,-0.2734375,-0.361328125
28338,1.337890625,1.09375,-0.244140625,-0.400390625
28339,1.201171875,1.220703125,-0.2734375,-0.341796875
28340,1.2109375,1.142578125,-0.37109375,-0.419921875
28341,1.240234375,1.064453125,-0.25390625,-0.361328125
28342,1.26953125,1.181640625,-0.25390625,-0.361328125
28343,1.2109375,1.19140625,-0.1953125,-0.400390625
28344,1.162109375,1.11328125,-0.234375,-0.3515625
28345,1.1328125,1.259765625,-0.234375,-0.361328125
28346,1.259765625,1.240234375,-0.3125,-0.3515625
28347,1.181640625,1.11328125,-0.21484375,-0.41015625
28348,1.19140625,1.064453125,-0.185546875,-0.3515625
28349,1.279296875,1.064453125,-0.2734375,-0.37109375
28350,1.42578125,1.181640625,-0.3515625,-0.1953125
28351,1.259765625,1.162109375,-0.263671875,-0.33203125
28352,1.220703125,1.09375,-0.263671875,-0.302734375
28353,1.11328125,1.162109375,-0.322265625,-0.5859375
28354,1.103515625,1.142578125,-0.37109375,-0.3125
28355,1.171875,1.15234375,-0.224609375,-0.33203125
28356,1.259765625,1.15234375,-0.283203125,-0.33203125
28357,1.25,1.19140625,-0.15625,-0.400390625
28358,1.240234375,1.171875,-0.224609375,-0.3125
28359,1.19140625,1.19140625,-0.21484375,-0.458984375
28360,1.240234375,1.19140625,-0.2734375,-0.3125
28361,1.15234375,0.99609375,-0.205078125,-0.41015625
28362,1.220703125,1.15234375,-0.15625,-0.166015625
28363,1.123046875,1.083984375,-0.205078125,-0.4296875
28364,1.26953125,1.0546875,-0.09765625,-0.390625
28365,1.40625,1.220703125,-0.234375,-0.46875
28366,1.30859375,1.11328125,-0.17578125,-0.41015625
28367,1.25,1.2109375,-0.1953125,-0.400390625
28368,1.26953125,1.19140625,-0.205078125,-0.44921875
28369,1.46484375,1.19140625,-0.205078125,-0.3515625
28370,1.240234375,1.162109375,-0.1171875,-0.25390625
28371,1.279296875,1.201171875,-0.234375,-0.185546875
28372,1.19140625,1.23046875,-0.361328125,-0.185546875
28373,1.26953125,1.30859375,-0.263671875,-0.322265625
28374,1.19140625,1.2109375,-0.29296875,-0.2734375
28375,1.240234375,1.171875,-0.224609375,-0.33203125
28376,1.2109375,1.23046875,-0.166015625,-0.322265625
28377,1.357421875,1.123046875,-0.205078125,-0.302734375
28378,1.318359375,1.103515625,-0.283203125,-0.33203125
28379,1.318359375,1.064453125,-0.2734375,-0.400390625
28380,1.25,1.09375,-0.380859375,-0.33203125
28381,1.2890625,1.1328125,-0.244140625,-0.2734375
28382,1.26953125,1.064453125,-0.234375,-0.400390625
28383,1.259765625,1.064453125,-0.166015625,-0.390625
28384,1.240234375,1.083984375,-0.244140625,-0.400390625
28385,1.2890625,0.966796875,-0.322265625,-0.44921875
28386,1.318359375,1.044921875,-0.3125,-0.302734375
28387,1.328125,1.103515625,-0.1953125,-0.41015625
28388,1.279296875,1.171875,-0.302734375,-0.322265625
28389,1.2890625,0.95703125,-0.234375,-0.380859375
28390,1.279296875,1.064453125,-0.25390625,-0.37109375
28391,1.2890625,1.083984375,-0.390625,-0.3125
28392,1.240234375,1.103515625,-0.25390625,-0.341796875
28393,1.220703125,1.07421875,-0.21484375,-0.556640625
28394,1.240234375,1.201171875,-0.263671875,-0.37109375
28395,1.298828125,1.09375,-0.263671875,-0.380859375
28396,1.259765625,1.123046875,-0.2734375,-0.302734375
28397,1.19140625,1.03515625,-0.21484375,-0.322265625
28398,1.30859375,1.19140625,-0.29296875,-0.341796875
28399,1.2109375,1.181640625,-0.25390625,-0.361328125
28400,1.298828125,1.09375,-0.234375,-0.37109375
28401,1.25,1.1328125,-0.15625,-0.341796875
28402,1.26953125,1.19140625,-0.21484375,-0.29296875
28403,1.357421875,0.9765625,-0.3515625,-0.341796875
28404,1.279296875,0.99609375,-0.205078125,-0.361328125
28405,1.171875,0.927734375,-0.107421875,-0.380859375
28406,1.298828125,0.986328125,-0.244140625,-0.341796875
28407,1.259765625,0.986328125,-0.302734375,-0.263671875
28408,1.38671875,1.025390625,-0.21484375,-0.439453125
28409,1.201171875,0.986328125,-0.2734375,-0.3125
28410,1.337890625,0.947265625,-0.29296875,-0.400390625
28411,1.318359375,1.015625,-0.205078125,-0.322265625
28412,1.23046875,1.142578125,-0.1953125,-0.341796875
28413,1.259765625,1.015625,-0.244140625,-0.3515625
28414,1.298828125,0.966796875,-0.166015625,-0.37109375
28415,1.357421875,0.8203125,-0.15625,-0.302734375
28416,1.23046875,1.162109375,-0.1953125,-0.361328125
28417,1.240234375,1.0546875,-0.21484375,-0.380859375
28418,1.23046875,0.947265625,-0.21484375,-0.2734375
28419,1.259765625,1.0546875,-0.17578125,-0.3515625
28420,1.23046875,1.07421875,-0.21484375,-0.33203125
28421,1.34765625,1.03515625,-0.224609375,-0.419921875
28422,1.259765625,1.38671875,-0.17578125,-0.29296875
28423,1.220703125,1.0546875,-0.126953125,-0.37109375
28424,1.181640625,1.103515625,-0.17578125,-0.4296875
28425,1.259765625,1.103515625,-0.283203125,-0.29296875
28426,1.26953125,1.03515625,-0.361328125,-0.244140625
28427,1.279296875,1.064453125,-0.263671875,-0.234375
28428,1.25,1.03515625,-0.244140625,-0.37109375
28429,1.25,1.0546875,-0.25390625,-0.400390625
28430,1.298828125,1.015625,-0.29296875,-0.3125
28431,1.23046875,0.9375,-0.185546875,-0.302734375
28432,1.337890625,0.99609375,-0.302734375,-0.3515625
28433,1.376953125,1.0546875,-0.341796875,-0.3125
28434,1.26953125,0.986328125,-0.234375,-0.29296875
28435,1.1328125,1.044921875,-0.25390625,-0.341796875
28436,1.220703125,1.03515625,-0.3125,-0.3515625
28437,1.25,0.99609375,-0.2734375,-0.283203125
28438,1.171875,0.95703125,-0.205078125,-0.25390625
28439,1.103515625,1.015625,-0.302734375,-0.341796875
28440,1.171875,0.87890625,-0.302734375,-0.244140625
28441,1.23046875,1.005859375,-0.224609375,-0.21484375
28442,1.1328125,0.95703125,-0.17578125,-0.302734375
28443,1.181640625,0.751953125,-0.17578125,-0.29296875
28444,1.279296875,0.99609375,-0.25390625,-0.29296875
28445,1.298828125,0.966796875,-0.3125,-0.29296875
28446,1.26953125,1.025390625,-0.283203125,-0.341796875
28447,1.162109375,1.025390625,0.009765625,-0.25390625
28448,0.99609375,0.986328125,-0.21484375,-0.234375
28449,1.26953125,0.9375,-0.244140625,-0.283203125
28450,1.2109375,0.9765625,-0.4296875,-0.3515625
28451,1.25,1.025390625,-0.224609375,0.09765625
28452,1.38671875,0.99609375,-0.21484375,-0.2734375
28453,1.23046875,1.015625,-0.234375,-0.3125
28454,1.25,1.03515625,-0.302734375,-0.25390625
28455,1.181640625,0.9375,-0.17578125,-0.29296875
28456,1.25,0.888671875,-0.21484375,-0.205078125
28457,1.201171875,1.025390625,-0.166015625,-0.185546875
28458,1.240234375,1.015625,-0.234375,-0.33203125
28459,1.279296875,1.083984375,-0.21484375,-0.341796875
28460,1.25,0.966796875,-0.1953125,-0.322265625
28461,1.19140625,0.9765625,-0.224609375,-0.33203125
28462,1.328125,1.07421875,-0.205078125,-0.244140625
28463,1.25,1.09375,-0.205078125,-0.048828125
28464,1.1328125,1.0546875,-0.283203125,-0.234375
28465,1.142578125,1.025390625,-0.234375,-0.283203125
28466,1.318359375,1.0546875,-0.087890625,-0.322265625
28467,1.3671875,1.044921875,-0.21484375,-0.390625
28468,1.23046875,1.025390625,-0.263671875,-0.3125
28469,1.2109375,1.083984375,-0.1953125,-0.29296875
28470,1.2890625,1.03515625,-0.244140625,-0.283203125
28471,1.220703125,0.986328125,-0.244140625,-0.25390625
28472,1.279296875,1.03515625,-0.244140625,-0.302734375
28473,1.181640625,1.03515625,-0.234375,-0.283203125
28474,1.2109375,1.162109375,-0.2734375,-0.33203125
28475,1.15234375,1.09375,-0.21484375,-0.17578125
28476,1.416015625,1.2109375,-0.234375,-0.33203125
28477,1.26953125,1.30859375,-0.146484375,-0.33203125
28478,1.34765625,0.99609375,-0.21484375,-0.263671875
28479,1.240234375,1.09375,-0.25390625,-0.458984375
28480,1.279296875,1.03515625,-0.1953125,-0.33203125
28481,1.298828125,1.07421875,-0.17578125,-0.302734375
28482,1.328125,1.103515625,-0.244140625,-0.29296875
28483,1.201171875,1.11328125,-0.13671875,-0.33203125
28484,1.2890625,0.9765625,-0.15625,-0.25390625
28485,1.30859375,1.103515625,-0.205078125,-0.185546875
28486,1.240234375,1.123046875,-0.341796875,-0.302734375
28487,1.30859375,1.103515625,-0.17578125,-0.224609375
28488,1.26953125,1.03515625,-0.234375,-0.2734375
28489,1.26953125,0.95703125,-0.166015625,-0.302734375
28490,1.181640625,1.07421875,-0.17578125,-0.2734375
28491,1.201171875,1.044921875,-0.2734375,-0.283203125
28492,1.259765625,1.07421875,-0.2734375,-0.2734375
28493,1.240234375,1.083984375,-0.283203125,-0.25390625
28494,1.30859375,1.07421875,-0.263671875,-0.380859375
28495,1.318359375,1.03515625,-0.1953125,-0.283203125
28496,1.26953125,1.083984375,-0.17578125,-0.283203125
28497,1.181640625,1.07421875,-0.166015625,-0.21484375
28498,1.337890625,1.171875,-0.166015625,-0.283203125
28499,1.26953125,1.005859375,-0.126953125,-0.302734375
28500,1.30859375,1.083984375,-0.224609375,-0.25390625
28501,1.26953125,1.123046875,-0.263671875,-0.361328125
28502,1.259765625,1.083984375,-0.21484375,-0.322265625
28503,1.279296875,1.083984375,-0.244140625,-0.15625
28504,1.220703125,1.015625,-0.263671875,-0.3125
28505,1.201171875,1.103515625,-0.234375,-0.302734375
28506,1.34765625,1.103515625,-0.2734375,-0.25390625
28507,1.259765625,1.142578125,-0.166015625,-0.1953125
28508,1.2109375,1.064453125,-0.13671875,-0.29296875
28509,1.298828125,1.07421875,-0.17578125,-0.419921875
28510,1.2890625,1.201171875,-0.1171875,-0.3125
28511,1.220703125,1.279296875,-0.21484375,-0.322265625
28512,1.23046875,1.064453125,-0.126953125,-0.33203125
28513,1.220703125,1.171875,-0.21484375,-0.1953125
28514,1.25,1.11328125,-0.234375,-0.146484375
28515,1.1328125,1.103515625,-0.185546875,-0.224609375
28516,1.181640625,1.103515625,-0.1953125,-0.244140625
28517,1.23046875,1.298828125,-0.1953125,-0.29296875
28518,1.2890625,1.005859375,-0.21484375,-0.25390625
28519,1.337890625,1.03515625,-0.1953125,-0.185546875
28520,1.259765625,0.99609375,-0.13671875,-0.21484375
28521,1.240234375,1.07421875,-0.1953125,-0.17578125
28522,1.23046875,1.171875,-0.1953125,-0.15625
28523,1.240234375,1.03515625,-0.21484375,-0.2734375
28524,1.181640625,1.103515625,-0.21484375,-0.21484375
28525,1.34765625,0.927734375,-0.25390625,-0.146484375
28526,1.220703125,1.03515625,-0.068359375,-0.234375
28527,1.240234375,1.09375,-0.25390625,-0.29296875
28528,1.220703125,0.95703125,-0.185546875,-0.244140625
28529,1.240234375,1.1328125,-0.166015625,-0.263671875
28530,1.15234375,1.11328125,-0.224609375,-0.29296875
28531,1.34765625,1.044921875,-0.3125,-0.25390625
28532,1.25,1.103515625,-0.21484375,-0.263671875
28533,1.2109375,1.07421875,-0.263671875,-0.3125
28534,1.103515625,1.025390625,-0.33203125,-0.15625
28535,1.162109375,1.103515625,-0.205078125,-0.25390625
28536,1.19140625,1.11328125,-0.2734375,-0.33203125
28537,1.162109375,1.181640625,-0.302734375,-0.205078125
28538,1.220703125,1.123046875,-0.341796875,-0.33203125
28539,1.19140625,1.09375,-0.25390625,-0.15625
28540,1.23046875,1.103515625,-0.3125,-0.25390625
28541,1.162109375,1.11328125,-0.15625,-0.29296875
28542,1.1328125,1.103515625,-0.3125,-0.13671875
28543,1.25,1.15234375,-0.322265625,-0.244140625
28544,1.11328125,1.162109375,-0.33203125,-0.244140625
28545,1.26953125,1.083984375,-0.21484375,-0.185546875
28546,1.259765625,1.064453125,-0.3125,-0.244140625
28547,1.23046875,1.181640625,-0.3515625,-0.21484375
28548,1.23046875,1.09375,-0.302734375,-0.146484375
28549,1.279296875,1.03515625,-0.25390625,-0.234375
28550,1.240234375,1.083984375,-0.302734375,-0.3515625
28551,1.181640625,1.11328125,-0.263671875,-0.263671875
28552,1.23046875,1.044921875,-0.2734375,-0.078125
28553,1.2109375,1.103515625,-0.263671875,-0.3125
28554,1.15234375,1.1328125,-0.302734375,-0.244140625
28555,1.26953125,1.083984375,-0.146484375,-0.1953125
28556,1.240234375,1.0546875,-0.283203125,-0.244140625
28557,1.23046875,1.083984375,-0.126953125,-0.146484375
28558,1.201171875,1.09375,-0.224609375,-0.185546875
28559,1.240234375,1.044921875,-0.25390625,-0.17578125
28560,1.201171875,1.09375,-0.244140625,-0.390625
28561,1.15234375,1.064453125,-0.21484375,-0.224609375
28562,1.171875,1.005859375,-0.224609375,-0.234375
28563,1.19140625,1.103515625,-0.29296875,-0.234375
28564,1.15234375,1.162109375,-0.263671875,-0.41015625
28565,1.181640625,1.11328125,-0.33203125,-0.25390625
28566,1.240234375,1.064453125,-0.283203125,-0.224609375
28567,1.0546875,1.142578125,-0.15625,-0.283203125
28568,1.26953125,0.986328125,-0.1171875,-0.283203125
28569,1.15234375,0.9375,-0.21484375,-0.224609375
28570,1.26953125,1.103515625,-0.3125,-0.21484375
28571,1.142578125,1.259765625,-0.166015625,-0.224609375
28572,1.220703125,1.103515625,-0.1953125,-0.29296875
28573,1.181640625,1.083984375,-0.166015625,-0.29296875
28574,1.26953125,0.908203125,-0.283203125,-0.263671875
28575,1.171875,1.15234375,-0.224609375,-0.224609375
28576,1.23046875,1.11328125,-0.1953125,-0.224609375
28577,1.123046875,1.1328125,-0.224609375,-0.244140625
28578,1.2109375,1.09375,-0.21484375,-0.224609375
28579,1.1328125,1.083984375,-0.185546875,-0.390625
28580,1.240234375,1.064453125,-0.224609375,-0.283203125
28581,1.142578125,1.083984375,-0.263671875,-0.3125
28582,1.220703125,1.142578125,-0.166015625,-0.185546875
28583,1.298828125,1.142578125,-0.1953125,-0.244140625
28584,1.201171875,0.869140625,-0.13671875,-0.185546875
28585,1.220703125,1.0546875,-0.15625,-0.1953125
28586,1.25,1.26953125,-0.205078125,-0.25390625
28587,1.26953125,1.083984375,-0.107421875,-0.234375
28588,1.259765625,1.171875,-0.166015625,-0.21484375
28589,1.259765625,1.279296875,-0.146484375,-0.244140625
28590,1.240234375,1.318359375,-0.205078125,-0.25390625
28591,1.30859375,1.19140625,-0.15625,-0.37109375
28592,1.2890625,1.220703125,-0.25390625,-0.1953125
28593,1.240234375,1.044921875,-0.185546875,-0.29296875
28594,1.34765625,1.15234375,-0.263671875,-0.13671875
28595,1.181640625,1.162109375,-0.185546875,-0.224609375
28596,1.25,1.23046875,-0.166015625,-0.146484375
28597,1.19140625,1.142578125,-0.21484375,-0.29296875
28598,1.025390625,1.083984375,-0.1953125,-0.361328125
28599,1.19140625,1.044921875,-0.33203125,-0.185546875
28600,1.357421875,1.23046875,-0.234375,-0.234375
28601,1.2109375,1.162109375,-0.234375,-0.205078125
28602,1.220703125,0.99609375,-0.15625,-0.234375
28603,1.201171875,1.142578125,-0.25390625,-0.25390625
28604,1.162109375,1.064453125,-0.21484375,-0.224609375
28605,1.240234375,1.259765625,-0.1171875,-0.263671875
28606,1.298828125,1.0546875,-0.21484375,-0.1171875
28607,1.318359375,1.11328125,-0.21484375,-0.1171875
28608,1.2109375,1.11328125,-0.126953125,-0.263671875
28609,1.23046875,1.201171875,-0.15625,-0.3125
28610,1.181640625,1.162109375,-0.29296875,-0.166015625
28611,1.23046875,1.318359375,-0.224609375,-0.25390625
28612,1.201171875,1.123046875,-0.302734375,-0.283203125
28613,1.220703125,1.171875,-0.185546875,-0.244140625
28614,1.220703125,1.279296875,-0.2734375,-0.205078125
28615,1.279296875,1.19140625,-0.2734375,-0.244140625
28616,1.259765625,1.103515625,-0.224609375,-0.283203125
28617,1.23046875,1.03515625,-0.01953125,-0.224609375
28618,1.25,1.259765625,-0.234375,-0.185546875
28619,1.259765625,1.11328125,-0.205078125,-0.29296875
28620,1.26953125,1.142578125,-0.244140625,-0.25390625
28621,1.2890625,0.986328125,-0.078125,-0.146484375
28622,1.162109375,1.142578125,-0.13671875,-0.2734375
28623,1.25,1.220703125,-0.068359375,-0.185546875
28624,1.259765625,1.181640625,-0.205078125,-0.2734375
28625,1.240234375,1.162109375,-0.21484375,-0.224609375
28626,1.201171875,1.240234375,-0.263671875,-0.25390625
28627,1.26953125,1.142578125,-0.1171875,-0.205078125
28628,1.19140625,1.1328125,-0.263671875,-0.234375
28629,1.25,1.2890625,-0.1953125,-0.283203125
28630,1.19140625,1.19140625,-0.1953125,-0.283203125
28631,1.162109375,1.2109375,-0.244140625,-0.322265625
28632,1.162109375,1.201171875,-0.244140625,-0.29296875
28633,1.2109375,1.142578125,-0.17578125,-0.29296875
28634,1.328125,1.201171875,-0.234375,-0.21484375
28635,1.279296875,1.09375,-0.283203125,-0.234375
28636,1.19140625,1.23046875,-0.15625,-0.166015625
28637,1.11328125,1.171875,-0.29296875,-0.283203125
28638,1.123046875,1.09375,-0.234375,-0.283203125
28639,1.240234375,1.474609375,-0.244140625,-0.234375
28640,1.201171875,1.19140625,-0.185546875,-0.17578125
28641,1.240234375,1.2890625,-0.1953125,-0.224609375
28642,1.23046875,1.19140625,-0.244140625,-0.205078125
28643,1.26953125,1.162109375,-0.166015625,-0.302734375
28644,1.181640625,1.1328125,-0.185546875,-0.234375
28645,1.181640625,1.19140625,-0.166015625,-0.21484375
28646,1.220703125,1.142578125,-0.166015625,-0.25390625
28647,1.2109375,1.171875,-0.29296875,-0.21484375
28648,1.2890625,1.015625,-0.1953125,-0.322265625
28649,1.181640625,1.15234375,-0.33203125,-0.3125
28650,1.376953125,1.1328125,-0.205078125,-0.21484375
28651,1.201171875,1.11328125,-0.2734375,-0.263671875
28652,1.123046875,1.162109375,-0.1953125,-0.107421875
28653,1.30859375,1.220703125,-0.21484375,-0.263671875
28654,1.259765625,1.1328125,-0.107421875,-0.341796875
28655,1.26953125,1.240234375,-0.234375,-0.244140625
28656,1.40625,1.279296875,-0.234375,-0.263671875
28657,1.240234375,1.015625,-0.234375,-0.224609375
28658,1.23046875,1.181640625,-0.3125,-0.25390625
28659,1.171875,1.171875,-0.263671875,-0.3125
28660,1.240234375,1.142578125,-0.244140625,-0.263671875
28661,1.15234375,1.240234375,-0.185546875,-0.25390625
28662,1.318359375,1.279296875,-0.15625,-0.283203125
28663,1.23046875,1.123046875,-0.4296875,-0.3125
28664,1.201171875,1.181640625,-0.3515625,-0.1171875
28665,1.19140625,1.240234375,-0.361328125,-0.283203125
28666,1.240234375,1.416015625,-0.341796875,-0.263671875
28667,1.298828125,1.201171875,-0.283203125,-0.439453125
28668,1.15234375,1.25,-0.263671875,-0.361328125
28669,1.25,1.259765625,-0.390625,-0.3125
28670,1.23046875,1.15234375,-0.283203125,-0.185546875
28671,1.298828125,1.1328125,-0.302734375,-0.283203125
28672,1.26953125,1.376953125,-0.2734375,-0.21484375
28673,1.142578125,1.23046875,-0.2734375,-0.33203125
28674,1.259765625,1.240234375,-0.29296875,-0.2734375
28675,1.19140625,1.123046875,-0.21484375,-0.283203125
28676,1.2109375,1.1328125,-0.205078125,-0.17578125
28677,1.2890625,1.201171875,-0.263671875,-0.205078125
28678,1.240234375,1.220703125,-0.37109375,-0.361328125
28679,1.259765625,1.142578125,-0.283203125,-0.29296875
28680,1.25,1.171875,-0.21484375,-0.2734375
28681,1.23046875,1.044921875,-0.126953125,-0.283203125
28682,1.23046875,1.201171875,-0.3125,-0.1953125
28683,1.240234375,1.171875,-0.3125,-0.41015625
28684,1.34765625,1.181640625,-0.234375,-0.341796875
28685,1.30859375,1.220703125,-0.244140625,-0.185546875
28686,1.42578125,1.2109375,-0.2734375,-0.224609375
28687,1.34765625,1.240234375,-0.48828125,-0.341796875
28688,1.2890625,1.220703125,-0.361328125,-0.478515625
28689,1.23046875,1.162109375,-0.234375,-0.234375
28690,1.279296875,1.30859375,-0.17578125,-0.322265625
28691,1.30859375,1.30859375,-0.185546875,-0.390625
28692,1.50390625,1.201171875,-0.234375,-0.21484375
28693,1.435546875,1.19140625,-0.283203125,-0.33203125
28694,1.30859375,1.123046875,-0.322265625,-0.341796875
28695,1.376953125,1.220703125,-0.25390625,-0.224609375
28696,1.30859375,1.279296875,-0.3125,-0.234375
28697,1.34765625,1.240234375,-0.185546875,-0.322265625
28698,1.396484375,1.201171875,-0.3125,-0.390625
28699,1.298828125,1.142578125,-0.341796875,-0.234375
28700,1.357421875,1.25,-0.244140625,-0.2734375
28701,1.2890625,1.220703125,-0.25390625,-0.302734375
28702,1.357421875,1.34765625,-0.244140625,-0.29296875
28703,1.30859375,1.220703125,-0.302734375,-0.29296875
28704,1.38671875,1.220703125,-0.25390625,-0.380859375
28705,1.3671875,1.416015625,-0.185546875,-0.341796875
28706,1.318359375,1.07421875,-0.361328125,-0.244140625
28707,1.220703125,1.26953125,-0.224609375,-0.29296875
28708,1.435546875,1.259765625,-0.244140625,-0.283203125
28709,1.2890625,1.1328125,-0.15625,-0.3125
28710,1.025390625,1.2109375,-0.2734375,-0.224609375
28711,1.40625,1.220703125,-0.380859375,-0.341796875
28712,1.318359375,1.240234375,-0.33203125,-0.29296875
28713,1.318359375,1.201171875,-0.29296875,-0.078125
28714,1.3671875,1.15234375,-0.21484375,-0.2734375
28715,1.25,1.2109375,-0.25390625,-0.380859375
28716,1.337890625,1.23046875,-0.244140625,-0.33203125
28717,1.318359375,1.23046875,-0.302734375,-0.2734375
28718,1.298828125,1.2890625,-0.234375,-0.25390625
28719,1.533203125,1.2109375,-0.37109375,-0.33203125
28720,1.201171875,1.23046875,-0.37109375,-0.25390625
28721,1.2890625,1.328125,-0.1953125,-0.302734375
28722,1.30859375,1.240234375,-0.29296875,-0.244140625
28723,1.2109375,1.123046875,-0.25390625,-0.283203125
28724,1.23046875,1.1328125,-0.283203125,-0.302734375
28725,1.30859375,1.23046875,-0.205078125,-0.390625
28726,1.23046875,1.279296875,-0.302734375,-0.29296875
28727,1.328125,1.23046875,-0.341796875,-0.29296875
28728,1.40625,1.23046875,-0.205078125,-0.3515625
28729,1.396484375,1.240234375,-0.3125,-0.17578125
28730,1.34765625,1.103515625,-0.205078125,-0.400390625
28731,1.30859375,1.201171875,-0.3125,-0.537109375
28732,1.259765625,1.19140625,-0.3515625,-0.302734375
28733,1.416015625,1.2109375,-0.3515625,-0.419921875
28734,1.416015625,1.2890625,-0.361328125,-0.390625
28735,1.328125,1.23046875,-0.244140625,-0.537109375
28736,1.357421875,1.15234375,-0.33203125,-0.341796875
28737,1.376953125,1.171875,-0.244140625,-0.498046875
28738,1.318359375,1.298828125,-0.341796875,-0.25390625
28739,1.416015625,1.1328125,-0.341796875,-0.341796875
28740,1.279296875,1.07421875,-0.283203125,-0.341796875
28741,1.123046875,1.103515625,-0.21484375,-0.44921875
28742,1.19140625,1.11328125,-0.078125,-0.33203125
28743,1.337890625,0.95703125,-0.33203125,-0.283203125
28744,1.2109375,1.23046875,-0.302734375,-0.33203125
28745,1.279296875,1.23046875,-0.263671875,-0.29296875
28746,1.298828125,1.15234375,-0.13671875,-0.41015625
28747,1.279296875,1.171875,-0.244140625,-0.439453125
28748,1.298828125,1.162109375,-0.322265625,-0.419921875
28749,1.26953125,1.123046875,-0.21484375,-0.41015625
28750,1.2890625,1.15234375,-0.3515625,-0.341796875
28751,1.298828125,1.09375,-0.3515625,-0.29296875
28752,1.26953125,1.220703125,-0.341796875,-0.2734375
28753,1.240234375,1.123046875,-0.25390625,-0.205078125
28754,1.30859375,1.220703125,-0.2734375,-0.3125
28755,1.2890625,1.23046875,-0.37109375,-0.234375
28756,1.30859375,1.123046875,-0.263671875,-0.33203125
28757,1.240234375,1.201171875,-0.283203125,-0.361328125
28758,1.181640625,1.142578125,-0.224609375,-0.29296875
28759,1.259765625,1.181640625,-0.283203125,-0.361328125
28760,1.083984375,1.2890625,-0.2734375,-0.322265625
28761,1.240234375,1.064453125,-0.1953125,-0.29296875
28762,1.259765625,1.19140625,-0.263671875,-0.4296875
28763,1.298828125,1.25,-0.078125,-0.46875
28764,1.181640625,1.142578125,-0.146484375,-0.341796875
28765,1.103515625,1.162109375,-0.244140625,-0.439453125
28766,1.279296875,1.298828125,-0.21484375,-0.390625
28767,1.162109375,1.171875,-0.25390625,-0.33203125
28768,1.240234375,1.201171875,-0.185546875,-0.244140625
28769,1.2109375,1.298828125,-0.283203125,-0.2734375
28770,1.30859375,1.220703125,-0.087890625,-0.341796875
28771,1.30859375,1.142578125,-0.2734375,-0.3515625
28772,1.259765625,1.2109375,-0.21484375,-0.33203125
28773,1.240234375,1.1328125,-0.126953125,-0.322265625
28774,1.2109375,1.171875,-0.302734375,-0.33203125
28775,1.240234375,1.15234375,-0.21484375,-0.322265625
28776,1.259765625,1.279296875,-0.341796875,-0.3515625
28777,1.23046875,1.181640625,-0.302734375,-0.37109375
28778,1.09375,1.11328125,-0.283203125,-0.380859375
28779,1.181640625,0.986328125,-0.234375,-0.37109375
28780,1.240234375,1.19140625,-0.185546875,-0.498046875
28781,1.23046875,1.15234375,-0.283203125,-0.341796875
28782,1.240234375,1.23046875,-0.3515625,-0.322265625
28783,1.103515625,1.19140625,-0.244140625,-0.44921875
28784,1.09375,1.19140625,-0.3125,-0.37109375
28785,1.171875,1.201171875,-0.048828125,-0.390625
28786,1.201171875,1.181640625,-0.37109375,-0.41015625
28787,1.2109375,1.142578125,-0.37109375,-0.33203125
28788,1.181640625,1.240234375,-0.068359375,-0.283203125
28789,1.15234375,1.2109375,-0.146484375,-0.25390625
28790,1.181640625,1.2109375,-0.1953125,-0.380859375
28791,1.23046875,1.1328125,-0.078125,-0.439453125
28792,1.201171875,1.2109375,-0.205078125,-0.44921875
28793,1.181640625,1.15234375,-0.263671875,-0.3515625
28794,1.19140625,0.986328125,-0.234375,-0.3515625
28795,1.2890625,1.201171875,-0.13671875,-0.400390625
28796,1.279296875,1.19140625,-0.3125,-0.48828125
28797,1.25,1.044921875,-0.126953125,-0.37109375
28798,1.279296875,1.142578125,-0.185546875,-0.3125
28799,1.328125,1.171875,-0.078125,-0.48828125
28800,1.25,1.19140625,-0.205078125,-0.390625
28801,1.181640625,1.15234375,-0.29296875,-0.33203125
28802,1.240234375,1.23046875,-0.244140625,-0.263671875
28803,1.2890625,1.044921875,-0.283203125,-0.380859375
28804,1.25,1.162109375,-0.2734375,-0.37109375
28805,1.298828125,1.083984375,-0.3125,-0.322265625
28806,1.171875,1.2109375,-0.33203125,-0.322265625
28807,1.240234375,1.1328125,-0.41015625,-0.361328125
28808,1.337890625,1.181640625,-0.361328125,-0.517578125
28809,1.23046875,1.1328125,-0.390625,-0.361328125
28810,1.318359375,1.19140625,-0.419921875,-0.41015625
28811,1.259765625,1.083984375,-0.17578125,-0.458984375
28812,1.2109375,1.162109375,-0.2734375,-0.341796875
28813,1.259765625,1.064453125,-0.25390625,-0.37109375
28814,1.25,1.064453125,-0.302734375,-0.41015625
28815,1.376953125,1.044921875,-0.234375,-0.341796875
28816,1.23046875,0.91796875,-0.244140625,-0.322265625
28817,1.298828125,1.064453125,-0.224609375,-0.21484375
28818,1.220703125,1.005859375,-0.224609375,-0.3125
28819,1.279296875,1.064453125,-0.33203125,-0.390625
28820,1.11328125,1.11328125,-0.29296875,-0.322265625
28821,1.240234375,1.15234375,-0.302734375,-0.322265625
28822,1.240234375,1.083984375,-0.185546875,-0.2734375
28823,1.2109375,1.11328125,-0.185546875,-0.1953125
28824,1.318359375,1.083984375,-0.302734375,-0.322265625
28825,1.25,1.005859375,-0.068359375,-0.302734375
28826,1.25,1.09375,-0.29296875,-0.263671875
28827,1.318359375,1.07421875,-0.244140625,-0.322265625
28828,1.298828125,1.11328125,-0.244140625,-0.263671875
28829,1.2109375,1.083984375,-0.29296875,-0.263671875
28830,1.11328125,1.09375,-0.322265625,-0.322265625
28831,1.240234375,1.083984375,-0.2734375,-0.2734375
28832,1.09375,1.103515625,-0.263671875,-0.146484375
28833,1.328125,1.064453125,-0.1953125,-0.263671875
28834,1.259765625,0.95703125,-0.166015625,-0.3125
28835,1.23046875,1.103515625,-0.224609375,-0.322265625
28836,1.30859375,1.025390625,-0.234375,-0.33203125
28837,1.201171875,1.015625,-0.322265625,-0.322265625
28838,0.99609375,1.064453125,-0.126953125,-0.361328125
28839,1.220703125,0.95703125,-0.1953125,-0.15625
28840,1.26953125,0.95703125,-0.185546875,-0.41015625
28841,1.259765625,1.015625,-0.283203125,-0.283203125
28842,1.259765625,1.0546875,-0.25390625,-0.419921875
28843,1.220703125,0.87890625,-0.0390625,-0.25390625
28844,1.298828125,1.03515625,-0.205078125,-0.29296875
28845,1.26953125,1.044921875,-0.1171875,-0.380859375
28846,1.201171875,0.908203125,-0.21484375,-0.107421875
28847,1.142578125,1.005859375,-0.29296875,-0.380859375
28848,1.15234375,1.025390625,-0.25390625,-0.33203125
28849,1.259765625,1.044921875,-0.029296875,-0.2734375
28850,1.259765625,1.083984375,-0.17578125,-0.05859375
28851,1.2109375,0.986328125,-0.205078125,-0.41015625
28852,1.240234375,1.1328125,-0.244140625,-0.33203125
28853,1.279296875,0.99609375,-0.224609375,-0.21484375
28854,1.259765625,0.966796875,-0.2734375,-0.283203125
28855,1.240234375,1.064453125,-0.322265625,-0.2734375
28856,1.259765625,0.986328125,-0.205078125,-0.234375
28857,1.298828125,1.07421875,-0.2734375,-0.37109375
28858,1.279296875,1.083984375,-0.224609375,-0.185546875
28859,1.2890625,1.0546875,-0.302734375,-0.29296875
28860,1.23046875,1.005859375,-0.33203125,-0.4296875
28861,1.30859375,1.025390625,-0.4296875,-0.37109375
28862,1.25,1.015625,-0.185546875,-0.244140625
28863,1.259765625,1.005859375,-0.185546875,-0.185546875
28864,1.142578125,0.9765625,-0.283203125,-0.29296875
28865,1.2109375,1.171875,-0.3125,-0.244140625
28866,1.26953125,1.015625,-0.25390625,-0.283203125
28867,1.25,1.123046875,-0.1953125,-0.263671875
28868,1.259765625,1.015625,-0.205078125,-0.234375
28869,1.25,1.015625,-0.146484375,-0.234375
28870,1.181640625,0.95703125,-0.1953125,-0.234375
28871,1.2109375,1.083984375,-0.244140625,-0.185546875
28872,1.220703125,1.09375,-0.185546875,-0.380859375
28873,1.23046875,0.888671875,-0.126953125,-0.33203125
28874,1.2109375,1.23046875,-0.3125,-0.166015625
28875,1.171875,1.005859375,-0.2734375,-0.21484375
28876,1.19140625,0.849609375,-0.13671875,-0.224609375
28877,1.220703125,0.986328125,-0.322265625,-0.263671875
28878,1.171875,1.0546875,-0.21484375,-0.263671875
28879,1.220703125,0.87890625,-0.205078125,-0.302734375
28880,1.26953125,1.064453125,-0.21484375,-0.302734375
28881,1.240234375,1.07421875,-0.21484375,-0.33203125
28882,1.2109375,1.03515625,-0.224609375,-0.1953125
28883,1.2109375,1.19140625,-0.21484375,-0.224609375
28884,1.337890625,1.015625,-0.205078125,-0.322265625
28885,1.181640625,1.064453125,-0.1953125,-0.322265625
28886,1.240234375,1.0546875,-0.13671875,-0.185546875
28887,1.38671875,0.986328125,-0.283203125,-0.166015625
28888,1.34765625,1.15234375,-0.263671875,-0.37109375
28889,1.279296875,1.240234375,-0.224609375,-0.283203125
28890,1.162109375,0.966796875,-0.263671875,-0.2734375
28891,1.201171875,1.162109375,-0.3125,-0.341796875
28892,1.240234375,1.171875,-0.185546875,-0.390625
28893,1.298828125,1.03515625,-0.1953125,-0.283203125
28894,1.171875,0.947265625,-0.244140625,-0.380859375
28895,1.19140625,1.171875,-0.126953125,-0.37109375
28896,1.1328125,1.064453125,-0.21484375,-0.33203125
28897,1.142578125,0.927734375,-0.087890625,-0.3125
28898,1.123046875,0.99609375,-0.234375,-0.21484375
28899,1.23046875,1.005859375,-0.185546875,-0.380859375
28900,1.142578125,1.0546875,-0.185546875,-0.2734375
28901,1.259765625,1.015625,-0.2734375,-0.3515625
28902,1.259765625,1.11328125,-0.21484375,-0.37109375
28903,1.25,1.162109375,-0.302734375,-0.234375
28904,1.2109375,0.8984375,-0.224609375,-0.302734375
28905,1.171875,1.083984375,-0.068359375,-0.263671875
28906,1.25,1.03515625,-0.21484375,-0.25390625
28907,1.19140625,1.181640625,-0.0390625,-0.390625
28908,1.162109375,1.142578125,-0.1953125,-0.390625
28909,1.34765625,1.07421875,-0.3125,-0.322265625
28910,1.259765625,0.8984375,-0.146484375,-0.263671875
28911,1.23046875,1.03515625,-0.205078125,-0.322265625
28912,1.26953125,1.142578125,-0.234375,-0.3125
28913,1.240234375,1.044921875,-0.29296875,-0.302734375
28914,1.220703125,1.11328125,-0.166015625,-0.419921875
28915,1.240234375,1.1328125,-0.224609375,-0.3125
28916,1.23046875,0.947265625,-0.09765625,-0.21484375
28917,1.220703125,1.123046875,-0.302734375,-0.2734375
28918,1.220703125,1.103515625,-0.244140625,-0.09765625
28919,1.259765625,1.064453125,-0.166015625,-0.21484375
28920,1.30859375,1.15234375,-0.3125,-0.283203125
28921,1.328125,1.064453125,-0.224609375,-0.380859375
28922,1.259765625,1.07421875,-0.244140625,-0.283203125
28923,1.259765625,1.1328125,-0.21484375,-0.33203125
28924,1.181640625,1.1328125,-0.1953125,-0.09765625
28925,1.3671875,1.025390625,-0.234375,-0.302734375
28926,1.240234375,1.103515625,-0.17578125,-0.322265625
28927,1.279296875,1.103515625,-0.283203125,-0.21484375
28928,1.25,1.259765625,-0.166015625,-0.244140625
28929,1.19140625,1.123046875,-0.244140625,-0.224609375
28930,1.11328125,1.142578125,-0.1953125,-0.185546875
28931,1.1328125,1.064453125,-0.234375,-0.3125
28932,1.2109375,0.95703125,-0.126953125,-0.44921875
28933,1.328125,1.123046875,-0.29296875,-0.29296875
28934,1.240234375,1.07421875,-0.205078125,-0.29296875
28935,1.19140625,1.15234375,-0.341796875,-0.244140625
28936,1.240234375,1.0546875,-0.263671875,-0.322265625
28937,1.09375,1.015625,-0.21484375,-0.283203125
28938,1.19140625,1.083984375,-0.244140625,-0.25390625
28939,1.09375,1.083984375,-0.21484375,-0.21484375
28940,1.220703125,1.015625,-0.205078125,-0.361328125
28941,1.201171875,1.1328125,-0.283203125,-0.341796875
28942,1.1328125,1.083984375,-0.166015625,-0.302734375
28943,1.2109375,1.03515625,-0.05859375,-0.322265625
28944,1.201171875,1.07421875,-0.185546875,-0.3515625
28945,1.201171875,1.083984375,-0.244140625,-0.283203125
28946,1.171875,1.07421875,-0.1171875,-0.25390625
28947,1.19140625,1.25,-0.244140625,-0.263671875
28948,1.259765625,1.123046875,-0.166015625,-0.1953125
28949,1.15234375,1.064453125,-0.15625,-0.283203125
28950,1.220703125,1.1328125,-0.1953125,-0.244140625
28951,1.220703125,1.025390625,-0.185546875,-0.322265625
28952,1.240234375,1.044921875,-0.107421875,-0.302734375
28953,1.201171875,1.11328125,-0.17578125,-0.25390625
28954,1.25,1.07421875,-0.302734375,-0.15625
28955,1.162109375,0.986328125,-0.146484375,-0.322265625
28956,1.279296875,1.09375,-0.263671875,-0.263671875
28957,1.34765625,1.1328125,-0.244140625,-0.244140625
28958,1.259765625,1.0546875,-0.283203125,-0.166015625
28959,1.279296875,1.03515625,-0.3125,-0.224609375
28960,1.337890625,1.0546875,-0.21484375,-0.13671875
28961,1.240234375,1.025390625,-0.17578125,-0.224609375
28962,1.171875,1.025390625,-0.263671875,-0.224609375
28963,1.220703125,1.07421875,-0.166015625,-0.185546875
28964,1.259765625,1.0546875,-0.224609375,-0.263671875
28965,1.2109375,1.0546875,-0.13671875,-0.13671875
28966,1.23046875,1.064453125,-0.29296875,-0.21484375
28967,1.123046875,1.044921875,-0.224609375,-0.234375
28968,1.220703125,1.11328125,-0.283203125,-0.244140625
28969,1.171875,1.015625,-0.322265625,-0.400390625
28970,1.19140625,1.07421875,-0.234375,-0.29296875
28971,1.23046875,1.103515625,-0.25390625,-0.15625
28972,1.09375,1.044921875,-0.29296875,-0.25390625
28973,1.11328125,1.044921875,-0.25390625,-0.234375
28974,1.240234375,1.11328125,-0.341796875,-0.2734375
28975,1.2109375,1.015625,-0.205078125,-0.15625
28976,1.23046875,1.123046875,-0.244140625,-0.29296875
28977,1.26953125,1.09375,-0.234375,-0.3125
28978,1.25,1.03515625,-0.283203125,-0.2734375
28979,1.171875,1.025390625,-0.2734375,-0.33203125
28980,1.19140625,1.162109375,-0.322265625,-0.25390625
28981,1.259765625,1.09375,-0.1953125,-0.185546875
28982,1.23046875,1.09375,-0.2734375,-0.283203125
28983,1.2109375,1.11328125,-0.1953125,-0.224609375
28984,1.171875,0.8984375,-0.29296875,-0.322265625
28985,1.26953125,1.044921875,-0.205078125,-0.205078125
28986,1.220703125,1.103515625,-0.126953125,-0.1953125
28987,1.220703125,1.23046875,-0.09765625,-0.244140625
28988,1.142578125,1.0546875,-0.244140625,-0.21484375
28989,1.19140625,1.142578125,-0.244140625,-0.283203125
28990,1.23046875,1.03515625,-0.224609375,-0.224609375
28991,1.142578125,1.03515625,-0.302734375,-0.1953125
28992,1.15234375,1.171875,-0.205078125,-0.234375
28993,1.123046875,1.103515625,-0.21484375,-0.263671875
28994,1.2109375,1.123046875,-0.21484375,-0.107421875
28995,1.15234375,1.09375,-0.13671875,-0.3125
28996,1.142578125,1.064453125,-0.224609375,-0.15625
28997,1.220703125,1.07421875,-0.302734375,-0.068359375
28998,1.201171875,0.908203125,-0.244140625,-0.283203125
28999,1.11328125,1.162109375,-0.46875,-0.3125
29000,1.181640625,1.142578125,-0.205078125,-0.1953125
29001,1.07421875,0.95703125,-0.3125,-0.234375
29002,1.11328125,1.201171875,-0.126953125,-0.185546875
29003,1.083984375,1.142578125,-0.224609375,-0.2734375
29004,1.171875,1.09375,-0.2734375,-0.224609375
29005,1.1328125,1.044921875,-0.224609375,-0.185546875
29006,1.15234375,1.11328125,-0.234375,-0.1953125
29007,1.298828125,0.95703125,-0.244140625,-0.25390625
29008,1.123046875,1.083984375,-0.15625,-0.283203125
29009,1.025390625,1.142578125,-0.224609375,-0.29296875
29010,1.30859375,1.123046875,-0.185546875,-0.2734375
29011,1.142578125,1.044921875,-0.166015625,-0.21484375
29012,1.19140625,1.0546875,-0.205078125,-0.234375
29013,1.2109375,1.15234375,-0.15625,-0.302734375
29014,1.142578125,0.927734375,-0.322265625,-0.21484375
29015,1.15234375,1.1328125,-0.1953125,-0.400390625
29016,1.15234375,1.171875,-0.21484375,-0.13671875
29017,1.15234375,0.9765625,-0.185546875,-0.263671875
29018,1.318359375,1.1328125,-0.224609375,-0.322265625
29019,1.2109375,1.23046875,-0.234375,-0.322265625
29020,1.23046875,1.11328125,-0.224609375,-0.3125
29021,1.2109375,1.103515625,-0.1953125,-0.263671875
29022,1.26953125,1.0546875,-0.205078125,-0.2734375
29023,1.26953125,1.220703125,-0.322265625,-0.244140625
29024,1.15234375,1.171875,-0.322265625,-0.166015625
29025,1.23046875,1.07421875,-0.302734375,-0.322265625
29026,1.19140625,1.083984375,-0.15625,-0.244140625
29027,1.23046875,1.07421875,-0.205078125,-0.166015625
29028,1.318359375,1.11328125,-0.302734375,-0.224609375
29029,1.259765625,1.064453125,-0.3125,-0.13671875
29030,1.181640625,1.1328125,-0.234375,-0.244140625
29031,1.318359375,1.2109375,-0.25390625,-0.283203125
29032,1.181640625,1.181640625,-0.2734375,-0.234375
29033,1.220703125,1.15234375,-0.1953125,-0.1953125
29034,1.26953125,1.11328125,-0.302734375,-0.3515625
29035,1.25,1.1328125,-0.3125,-0.3125
29036,1.26953125,1.23046875,-0.205078125,-0.400390625
29037,1.2890625,1.15234375,-0.224609375,-0.29296875
29038,1.25,1.19140625,-0.166015625,-0.234375
29039,1.25,1.25,-0.166015625,-0.078125
29040,1.240234375,1.15234375,-0.21484375,-0.4296875
29041,1.240234375,1.142578125,-0.244140625,-0.322265625
29042,1.26953125,1.162109375,-0.244140625,-0.2734375
29043,1.34765625,1.201171875,-0.263671875,-0.185546875
29044,1.162109375,1.2890625,-0.15625,-0.3125
29045,1.2109375,1.181640625,-0.224609375,-0.21484375
29046,1.357421875,1.162109375,-0.244140625,-0.25390625
29047,1.181640625,1.15234375,-0.224609375,-0.224609375
29048,1.298828125,1.11328125,-0.234375,-0.3515625
29049,1.2109375,1.2109375,-0.1953125,-0.234375
29050,1.220703125,1.26953125,-0.224609375,-0.244140625
29051,1.240234375,1.11328125,-0.1953125,-0.283203125
29052,1.162109375,1.2109375,-0.126953125,0.029296875
29053,1.26953125,1.2109375,-0.15625,-0.263671875
29054,1.2109375,1.181640625,-0.263671875,-0.2734375
29055,1.1328125,1.15234375,-0.205078125,-0.283203125
29056,1.318359375,1.298828125,-0.1953125,-0.185546875
29057,1.181640625,1.19140625,-0.17578125,-0.322265625
29058,1.220703125,1.240234375,-0.078125,-0.15625
29059,1.2109375,1.171875,-0.224609375,-0.224609375
29060,1.26953125,1.162109375,-0.21484375,-0.263671875
29061,1.40625,1.162109375,-0.185546875,-0.283203125
29062,1.181640625,1.142578125,-0.166015625,-0.29296875
29063,1.328125,1.064453125,-0.185546875,-0.185546875
29064,1.337890625,1.15234375,-0.25390625,-0.263671875
29065,1.40625,1.005859375,-0.29296875,-0.322265625
29066,1.25,1.2109375,-0.263671875,-0.263671875
29067,1.23046875,1.15234375,-0.2734375,-0.283203125
29068,1.2890625,1.15234375,-0.4296875,-0.25390625
29069,1.25,1.1328125,-0.341796875,-0.234375
29070,1.2109375,1.171875,-0.263671875,-0.224609375
29071,1.220703125,1.25,-0.21484375,-0.3125
29072,1.220703125,1.1328125,-0.29296875,-0.15625
29073,1.2890625,1.171875,-0.17578125,-0.302734375
29074,1.103515625,1.07421875,-0.244140625,-0.2734375
29075,1.23046875,1.23046875,-0.29296875,-0.322265625
29076,1.298828125,1.181640625,-0.234375,-0.322265625
29077,1.15234375,1.1328125,-0.25390625,-0.302734375
29078,1.26953125,1.2109375,-0.263671875,-0.400390625
29079,1.2109375,1.181640625,-0.2734375,-0.15625
29080,1.2109375,1.201171875,-0.302734375,-0.33203125
29081,1.25,1.220703125,-0.029296875,-0.25390625
29082,1.23046875,1.15234375,-0.322265625,-0.244140625
29083,1.23046875,1.1328125,-0.29296875,-0.302734375
29084,1.181640625,1.1328125,-0.302734375,-0.29296875
29085,1.240234375,1.1328125,-0.3125,-0.361328125
29086,1.26953125,1.23046875,-0.263671875,-0.33203125
29087,1.25,1.220703125,-0.322265625,-0.25390625
29088,1.279296875,1.15234375,-0.224609375,-0.263671875
29089,1.2109375,1.171875,-0.283203125,-0.283203125
29090,1.25,1.201171875,-0.283203125,-0.244140625
29091,1.328125,1.142578125,-0.322265625,-0.341796875
29092,1.357421875,1.19140625,-0.21484375,-0.322265625
29093,1.240234375,1.2109375,-0.46875,-0.263671875
29094,1.298828125,1.123046875,-0.283203125,-0.224609375
29095,1.23046875,1.181640625,-0.185546875,-0.1953125
29096,1.26953125,1.181640625,-0.244140625,-0.341796875
29097,1.337890625,1.181640625,-0.1953125,-0.2734375
29098,1.240234375,1.201171875,-0.263671875,-0.009765625
29099,1.23046875,1.181640625,-0.3515625,-0.2734375
29100,1.220703125,1.142578125,-0.29296875,-0.341796875
29101,1.25,1.181640625,-0.146484375,-0.29296875
29102,1.279296875,1.064453125,-0.341796875,-0.3125
29103,1.30859375,1.162109375,-0.29296875,-0.37109375
29104,1.328125,1.162109375,-0.205078125,-0.185546875
29105,1.30859375,0.947265625,-0.224609375,-0.283203125
29106,1.26953125,1.162109375,-0.322265625,-0.2734375
29107,1.30859375,1.15234375,-0.234375,-0.126953125
29108,1.220703125,1.142578125,-0.21484375,-0.205078125
29109,1.19140625,1.083984375,-0.17578125,-0.3515625
29110,1.30859375,1.23046875,-0.244140625,-0.224609375
29111,1.26953125,1.123046875,-0.244140625,-0.302734375
29112,1.279296875,1.181640625,-0.322265625,-0.244140625
29113,1.240234375,1.162109375,-0.21484375,-0.29296875
29114,1.328125,1.435546875,-0.17578125,-0.3125
29115,1.26953125,1.19140625,-0.0390625,-0.3515625
29116,1.220703125,1.23046875,-0.29296875,-0.224609375
29117,1.3671875,1.181640625,-0.234375,-0.244140625
29118,1.25,1.201171875,-0.234375,-0.29296875
29119,1.337890625,1.279296875,-0.263671875,-0.3125
29120,1.171875,1.23046875,-0.33203125,-0.283203125
29121,1.23046875,1.220703125,-0.400390625,-0.244140625
29122,1.328125,1.19140625,-0.244140625,-0.2734375
29123,1.40625,1.357421875,-0.1953125,-0.283203125
29124,1.34765625,1.25,-0.205078125,-0.234375
29125,1.30859375,1.2109375,-0.263671875,-0.087890625
29126,1.328125,1.220703125,-0.322265625,-0.17578125
29127,1.337890625,1.2890625,-0.3515625,-0.25390625
29128,1.298828125,1.259765625,-0.224609375,-0.25390625
29129,1.376953125,1.064453125,-0.3515625,-0.29296875
29130,1.376953125,1.181640625,-0.1171875,-0.302734375
29131,1.484375,1.240234375,-0.25390625,-0.390625
29132,1.25,1.15234375,-0.15625,-0.25390625
29133,1.357421875,1.11328125,-0.2734375,-0.29296875
29134,1.416015625,1.2109375,-0.234375,-0.33203125
29135,1.25,1.337890625,-0.1953125,-0.5078125
29136,1.357421875,1.2109375,-0.283203125,-0.302734375
29137,1.19140625,1.19140625,-0.302734375,-0.29296875
29138,1.2109375,1.162109375,-0.2734375,-0.068359375
29139,1.279296875,1.26953125,-0.25390625,-0.302734375
29140,1.455078125,1.19140625,-0.283203125,-0.419921875
29141,1.2890625,1.201171875,-0.302734375,-0.33203125
29142,1.2890625,1.2109375,-0.29296875,-0.302734375
29143,1.3671875,1.2109375,-0.29296875,-0.302734375
29144,1.240234375,1.083984375,-0.29296875,-0.322265625
29145,1.279296875,1.23046875,-0.322265625,-0.3515625
29146,1.26953125,1.201171875,-0.419921875,-0.2734375
29147,1.40625,1.19140625,-0.15625,-0.302734375
29148,1.26953125,1.1328125,-0.166015625,-0.400390625
29149,1.26953125,1.240234375,-0.234375,-0.302734375
29150,1.328125,1.2109375,-0.1953125,-0.37109375
29151,1.328125,1.23046875,-0.263671875,-0.29296875
29152,1.357421875,1.23046875,-0.185546875,-0.234375
29153,1.26953125,1.25,-0.263671875,-0.439453125
29154,1.25,1.123046875,-0.263671875,-0.361328125
29155,1.3671875,1.259765625,-0.302734375,-0.224609375
29156,1.15234375,1.240234375,-0.263671875,-0.283203125
29157,1.318359375,1.259765625,-0.3125,-0.302734375
29158,1.30859375,1.220703125,-0.05859375,-0.1953125
29159,1.26953125,1.26953125,-0.263671875,-0.48828125
29160,1.30859375,1.142578125,-0.33203125,-0.234375
29161,1.2890625,1.23046875,-0.302734375,-0.3125
29162,1.220703125,1.23046875,-0.185546875,-0.458984375
29163,1.279296875,1.3671875,-0.17578125,-0.341796875
29164,1.30859375,1.15234375,-0.29296875,-0.283203125
29165,1.2890625,1.181640625,-0.302734375,-0.33203125
29166,1.23046875,1.259765625,-0.205078125,-0.341796875
29167,1.328125,1.162109375,-0.25390625,-0.37109375
29168,1.337890625,1.279296875,-0.21484375,-0.3515625
29169,1.455078125,1.123046875,-0.205078125,-0.380859375
29170,1.23046875,1.1328125,-0.283203125,-0.2734375
29171,1.220703125,1.162109375,-0.244140625,-0.3125
29172,1.42578125,1.123046875,-0.234375,-0.341796875
29173,1.2890625,1.162109375,-0.244140625,-0.46875
29174,1.181640625,1.123046875,-0.244140625,-0.1171875
29175,1.279296875,1.103515625,-0.205078125,-0.322265625
29176,1.26953125,1.162109375,-0.2734375,-0.341796875
29177,1.26953125,1.142578125,-0.33203125,-0.3515625
29178,1.171875,1.03515625,-0.283203125,-0.361328125
29179,1.298828125,1.123046875,-0.341796875,-0.341796875
29180,1.142578125,1.103515625,-0.41015625,-0.15625
29181,1.2890625,1.15234375,-0.322265625,-0.3515625
29182,1.171875,1.142578125,-0.33203125,-0.244140625
29183,1.240234375,1.201171875,-0.302734375,-0.5078125
29184,1.240234375,1.03515625,-0.400390625,-0.361328125
29185,1.142578125,1.142578125,-0.3515625,-0.439453125
29186,1.201171875,1.142578125,-0.361328125,-0.361328125
29187,1.376953125,1.103515625,-0.380859375,-0.302734375
29188,1.19140625,1.1328125,-0.302734375,-0.322265625
29189,1.513671875,1.142578125,-0.15625,-0.4296875
29190,1.19140625,1.15234375,-0.244140625,-0.41015625
29191,1.240234375,1.015625,-0.078125,-0.341796875
29192,1.11328125,1.162109375,-0.25390625,-0.546875
29193,1.044921875,0.966796875,-0.15625,-0.361328125
29194,1.201171875,1.142578125,-0.341796875,-0.439453125
29195,1.171875,1.162109375,-0.185546875,-0.33203125
29196,1.142578125,1.064453125,-0.146484375,-0.322265625
29197,1.240234375,1.064453125,-0.205078125,-0.33203125
29198,1.2890625,1.162109375,-0.224609375,-0.263671875
29199,1.201171875,1.103515625,-0.185546875,-0.283203125
29200,1.25,1.201171875,-0.302734375,-0.37109375
29201,1.26953125,1.23046875,-0.263671875,-0.15625
29202,1.181640625,1.240234375,-0.263671875,-0.263671875
29203,1.25,1.25,-0.29296875,-0.33203125
29204,1.23046875,1.142578125,-0.244140625,-0.41015625
29205,1.2890625,1.181640625,-0.234375,-0.33203125
29206,1.279296875,1.337890625,-0.419921875,-0.37109375
29207,1.298828125,1.2109375,-0.283203125,-0.419921875
29208,1.318359375,1.171875,-0.400390625,-0.33203125
29209,1.259765625,1.25,-0.322265625,-0.3125
29210,1.328125,1.201171875,-0.263671875,-0.283203125
29211,1.259765625,1.19140625,-0.322265625,-0.33203125
29212,1.2109375,1.162109375,-0.390625,-0.37109375
29213,1.259765625,1.1328125,-0.341796875,-0.322265625
29214,1.240234375,1.15234375,-0.25390625,-0.17578125
29215,1.240234375,1.103515625,-0.37109375,-0.244140625
29216,1.19140625,1.083984375,-0.322265625,-0.341796875
29217,1.26953125,1.19140625,-0.13671875,-0.283203125
29218,1.201171875,1.044921875,-0.390625,-0.41015625
29219,1.2890625,1.19140625,-0.2734375,-0.390625
29220,1.142578125,1.181640625,-0.283203125,-0.302734375
29221,1.220703125,1.044921875,-0.185546875,-0.361328125
29222,1.2109375,1.142578125,-0.166015625,-0.41015625
29223,1.25,1.171875,-0.224609375,-0.390625
29224,1.201171875,1.42578125,-0.205078125,-0.361328125
29225,1.279296875,1.15234375,-0.322265625,-0.185546875
29226,1.298828125,1.103515625,-0.234375,-0.52734375
29227,1.26953125,0.9375,-0.15625,-0.322265625
29228,1.25,1.162109375,-0.283203125,-0.3515625
29229,1.42578125,1.15234375,-0.234375,-0.302734375
29230,1.26953125,1.09375,-0.263671875,-0.283203125
29231,1.201171875,1.162109375,-0.205078125,-0.390625
29232,1.201171875,1.064453125,-0.21484375,-0.478515625
29233,1.23046875,1.15234375,-0.166015625,-0.41015625
29234,1.181640625,1.103515625,-0.3515625,-0.33203125
29235,1.23046875,1.123046875,-0.2734375,-0.439453125
29236,1.220703125,1.11328125,-0.41015625,-0.322265625
29237,1.26953125,1.11328125,-0.224609375,-0.341796875
29238,1.181640625,1.15234375,-0.322265625,-0.537109375
29239,1.123046875,1.0546875,-0.3515625,-0.322265625
29240,1.2109375,1.103515625,-0.33203125,-0.3515625
29241,1.26953125,1.083984375,-0.33203125,-0.3125
29242,1.3671875,1.083984375,-0.341796875,-0.33203125
29243,1.25,1.064453125,-0.263671875,-0.3125
29244,1.19140625,1.09375,-0.2734375,-0.341796875
29245,1.181640625,1.064453125,-0.341796875,-0.400390625
29246,1.298828125,1.1328125,-0.21484375,-0.341796875
29247,1.220703125,1.1328125,-0.2734375,-0.3125
29248,1.23046875,1.11328125,-0.146484375,-0.3125
29249,1.279296875,1.07421875,-0.1953125,-0.302734375
29250,1.26953125,1.064453125,-0.263671875,-0.390625
29251,1.15234375,1.19140625,-0.166015625,-0.283203125
29252,1.240234375,1.103515625,-0.29296875,-0.419921875
29253,1.171875,1.11328125,-0.21484375,-0.263671875
29254,1.181640625,1.044921875,-0.224609375,-0.283203125
29255,1.279296875,1.064453125,-0.263671875,-0.302734375
29256,1.240234375,1.015625,-0.234375,-0.234375
29257,1.11328125,1.11328125,-0.283203125,-0.3515625
29258,1.181640625,1.103515625,-0.17578125,-0.37109375
29259,1.15234375,1.015625,-0.29296875,-0.419921875
29260,1.09375,1.015625,-0.283203125,-0.29296875
29261,1.2890625,1.064453125,-0.17578125,-0.37109375
29262,1.337890625,1.044921875,-0.15625,-0.185546875
29263,1.26953125,1.15234375,-0.25390625,-0.283203125
29264,1.26953125,0.927734375,-0.13671875,-0.302734375
29265,1.30859375,1.064453125,-0.2734375,-0.302734375
29266,1.171875,1.03515625,-0.2734375,-0.263671875
29267,1.171875,1.07421875,-0.1953125,-0.25390625
29268,1.142578125,0.99609375,-0.224609375,-0.37109375
29269,1.279296875,1.083984375,-0.341796875,-0.29296875
29270,1.19140625,0.9375,-0.21484375,-0.3515625
29271,1.123046875,1.025390625,-0.25390625,-0.25390625
29272,1.044921875,1.064453125,-0.185546875,-0.380859375
29273,1.171875,1.220703125,-0.25390625,-0.4296875
29274,1.201171875,1.083984375,-0.166015625,-0.078125
29275,1.259765625,1.0546875,-0.224609375,-0.283203125
29276,1.103515625,1.044921875,-0.146484375,-0.322265625
29277,1.201171875,1.09375,-0.283203125,-0.4296875
29278,1.2109375,1.044921875,-0.21484375,-0.224609375
29279,1.181640625,1.025390625,-0.1171875,-0.263671875
29280,1.171875,1.07421875,-0.21484375,-0.380859375
29281,1.181640625,1.064453125,-0.1953125,-0.380859375
29282,1.259765625,1.07421875,-0.234375,-0.361328125
29283,1.26953125,1.015625,-0.185546875,-0.400390625
29284,1.26953125,1.015625,-0.25390625,-0.380859375
29285,1.220703125,1.162109375,-0.2734375,-0.3125
29286,1.259765625,0.810546875,-0.37109375,-0.25390625
29287,1.23046875,0.947265625,-0.244140625,-0.234375
29288,1.201171875,0.9375,-0.166015625,-0.263671875
29289,1.30859375,0.927734375,-0.13671875,-0.3515625
29290,1.30859375,0.9765625,-0.166015625,-0.341796875
29291,1.259765625,1.015625,-0.2734375,-0.29296875
29292,1.25,0.966796875,-0.224609375,-0.302734375
29293,1.34765625,0.986328125,-0.244140625,-0.322265625
29294,1.259765625,1.0546875,-0.322265625,-0.341796875
29295,1.328125,1.005859375,-0.341796875,-0.33203125
29296,1.23046875,1.015625,-0.2734375,-0.380859375
29297,1.2109375,1.083984375,-0.224609375,-0.283203125
29298,1.171875,1.005859375,-0.33203125,-0.341796875
29299,1.30859375,1.044921875,-0.224609375,-0.283203125
29300,1.26953125,0.927734375,-0.166015625,-0.302734375
29301,1.19140625,0.9375,-0.322265625,-0.2734375
29302,1.015625,1.015625,-0.283203125,-0.3125
29303,1.103515625,1.005859375,-0.15625,-0.205078125
29304,1.1328125,1.318359375,-0.185546875,-0.3515625
29305,1.015625,1.044921875,-0.13671875,-0.25390625
29306,1.171875,1.19140625,-0.263671875,-0.302734375
29307,1.171875,1.11328125,-0.21484375,-0.234375
29308,1.259765625,1.044921875,-0.224609375,-0.302734375
29309,1.103515625,1.0546875,-0.166015625,-0.3125
29310,1.201171875,1.005859375,-0.283203125,-0.244140625
29311,1.357421875,1.0546875,-0.234375,-0.2734375
29312,1.25,1.11328125,-0.15625,-0.3125
29313,1.30859375,0.986328125,-0.224609375,-0.25390625
29314,1.2890625,1.03515625,-0.283203125,-0.15625
29315,1.30859375,1.07421875,-0.166015625,-0.29296875
29316,1.220703125,1.015625,-0.205078125,-0.283203125
29317,1.30859375,1.083984375,-0.21484375,-0.361328125
29318,1.38671875,1.064453125,-0.2734375,-0.29296875
29319,1.30859375,0.947265625,-0.283203125,-0.283203125
29320,1.279296875,0.99609375,-0.107421875,-0.3125
29321,1.357421875,1.083984375,-0.17578125,-0.390625
29322,1.279296875,1.103515625,-0.3125,-0.29296875
29323,1.25,1.015625,-0.25390625,-0.33203125
29324,1.064453125,1.025390625,-0.205078125,-0.224609375
29325,1.171875,1.015625,-0.37109375,-0.263671875
29326,1.25,1.064453125,-0.2734375,-0.400390625
29327,1.259765625,1.064453125,-0.29296875,-0.283203125
29328,1.25,1.09375,-0.146484375,-0.302734375
29329,1.279296875,1.03515625,-0.1953125,-0.4296875
29330,1.279296875,1.015625,-0.263671875,-0.322265625
29331,1.279296875,1.015625,-0.263671875,-0.322265625
29332,1.298828125,1.07421875,-0.068359375,-0.29296875
29333,1.201171875,1.0546875,-0.244140625,-0.185546875
29334,1.181640625,1.064453125,-0.21484375,-0.37109375
29335,1.30859375,1.03515625,-0.400390625,-0.302734375
29336,1.240234375,0.986328125,-0.1171875,-0.3125
29337,1.279296875,1.09375,-0.361328125,-0.37109375
29338,1.26953125,1.07421875,-0.21484375,-0.224609375
29339,1.162109375,1.103515625,-0.146484375,-0.185546875
29340,1.23046875,1.23046875,-0.224609375,-0.2734375
29341,1.2109375,1.201171875,-0.3125,-0.302734375
29342,1.181640625,1.07421875,-0.1171875,-0.341796875
29343,1.23046875,0.9765625,-0.185546875,-0.3125
29344,1.2109375,0.83984375,-0.09765625,-0.25390625
29345,1.083984375,1.07421875,-0.087890625,-0.322265625
29346,1.2109375,1.03515625,-0.13671875,-0.361328125
29347,1.26953125,1.0546875,-0.234375,-0.263671875
29348,1.23046875,1.07421875,-0.1953125,-0.3515625
29349,1.240234375,1.03515625,-0.205078125,-0.244140625
29350,1.30859375,1.083984375,-0.244140625,-0.185546875
29351,1.2109375,1.044921875,-0.185546875,-0.3515625
29352,1.171875,1.083984375,-0.166015625,-0.25390625
29353,1.162109375,1.044921875,-0.244140625,-0.263671875
29354,1.240234375,1.083984375,-0.21484375,-0.21484375
29355,1.220703125,1.03515625,-0.146484375,-0.25390625
29356,1.259765625,1.005859375,-0.17578125,-0.29296875
29357,1.3671875,1.005859375,-0.25390625,-0.21484375
29358,1.259765625,0.99609375,-0.33203125,-0.29296875
29359,1.220703125,0.99609375,-0.234375,-0.361328125
29360,1.19140625,1.07421875,-0.244140625,-0.205078125
29361,1.25,1.0546875,-0.283203125,-0.244140625
29362,1.23046875,1.044921875,-0.2734375,-0.33203125
29363,1.26953125,1.0546875,-0.263671875,-0.25390625
29364,1.259765625,1.0546875,-0.17578125,-0.25390625
29365,1.220703125,0.99609375,-0.322265625,-0.224609375
29366,1.201171875,1.064453125,-0.283203125,-0.341796875
29367,1.25,1.1328125,-0.185546875,-0.234375
29368,1.19140625,1.123046875,-0.361328125,-0.234375
29369,1.259765625,1.025390625,-0.244140625,-0.205078125
29370,1.181640625,1.07421875,-0.224609375,-0.2734375
29371,1.25,1.123046875,-0.107421875,-0.263671875
29372,1.240234375,1.044921875,-0.185546875,-0.33203125
29373,1.103515625,1.15234375,-0.1953125,-0.33203125
29374,1.23046875,1.0546875,-0.283203125,-0.25390625
29375,1.162109375,1.103515625,-0.166015625,-0.205078125
29376,1.201171875,1.201171875,-0.15625,-0.283203125
29377,1.25,0.99609375,-0.146484375,-0.33203125
29378,1.171875,1.044921875,-0.234375,-0.2734375
29379,1.357421875,1.09375,-0.21484375,-0.390625
29380,1.171875,1.103515625,-0.146484375,-0.25390625
29381,1.142578125,1.064453125,-0.205078125,-0.41015625
29382,1.201171875,1.07421875,-0.2734375,-0.29296875
29383,1.220703125,1.03515625,-0.205078125,-0.1953125
29384,1.15234375,1.07421875,-0.244140625,-0.341796875
29385,1.240234375,0.986328125,-0.234375,-0.263671875
29386,1.279296875,0.95703125,-0.341796875,-0.283203125
29387,1.171875,1.07421875,-0.224609375,-0.15625
29388,1.259765625,1.0546875,-0.25390625,-0.41015625
29389,1.2109375,1.298828125,-0.224609375,-0.2734375
29390,1.220703125,1.083984375,-0.205078125,-0.146484375
29391,1.181640625,1.044921875,-0.224609375,-0.322265625
29392,1.201171875,1.064453125,-0.361328125,-0.185546875
29393,1.181640625,1.064453125,-0.341796875,-0.224609375
29394,1.2890625,1.09375,-0.341796875,-0.3125
29395,1.142578125,1.064453125,-0.205078125,-0.1953125
29396,1.23046875,1.064453125,-0.29296875,-0.263671875
29397,1.23046875,1.15234375,-0.25390625,-0.234375
29398,1.25,1.09375,-0.361328125,-0.234375
29399,1.2890625,1.044921875,-0.3125,-0.283203125
29400,1.279296875,1.09375,-0.25390625,-0.2734375
29401,1.2109375,1.181640625,-0.341796875,-0.185546875
29402,1.220703125,1.064453125,-0.224609375,-0.244140625
29403,1.25,1.005859375,-0.25390625,-0.283203125
29404,1.19140625,1.103515625,-0.21484375,-0.17578125
29405,1.181640625,1.09375,-0.37109375,-0.224609375
29406,1.19140625,1.0546875,-0.3125,-0.361328125
29407,1.181640625,1.123046875,-0.263671875,-0.3125
29408,1.171875,1.103515625,-0.244140625,-0.224609375
29409,1.201171875,1.083984375,-0.244140625,-0.2734375
29410,1.171875,1.162109375,-0.234375,-0.25390625
29411,1.19140625,1.064453125,-0.244140625,-0.107421875
29412,1.318359375,1.11328125,-0.25390625,-0.25390625
29413,1.162109375,0.9765625,-0.224609375,-0.244140625
29414,1.259765625,1.09375,-0.185546875,-0.146484375
29415,1.23046875,1.0546875,-0.21484375,-0.3125
29416,1.201171875,1.240234375,-0.146484375,-0.224609375
29417,1.19140625,1.103515625,-0.2734375,-0.234375
29418,1.298828125,1.005859375,-0.302734375,-0.3515625
29419,0.99609375,1.171875,-0.146484375,-0.15625
29420,1.2109375,1.30859375,-0.166015625,-0.2734375
29421,1.26953125,1.064453125,-0.21484375,-0.244140625
29422,1.38671875,0.830078125,-0.205078125,-0.185546875
29423,1.201171875,1.09375,-0.21484375,-0.3125
29424,1.15234375,1.11328125,-0.234375,-0.3515625
29425,1.044921875,1.07421875,-0.185546875,-0.21484375
29426,1.181640625,1.23046875,-0.263671875,-0.400390625
29427,1.2109375,1.07421875,-0.2734375,-0.3125
29428,1.2109375,1.083984375,-0.2734375,-0.29296875
29429,1.15234375,1.09375,-0.224609375,-0.244140625
29430,1.2109375,1.162109375,-0.21484375,-0.185546875
29431,1.2109375,1.0546875,-0.1171875,-0.21484375
29432,1.11328125,1.09375,-0.185546875,-0.322265625
29433,1.171875,1.1328125,-0.205078125,-0.1953125
29434,1.11328125,1.1328125,-0.25390625,-0.205078125
29435,1.171875,1.07421875,-0.33203125,-0.2734375
29436,1.083984375,1.1328125,-0.21484375,-0.29296875
29437,1.15234375,1.015625,-0.21484375,-0.25390625
29438,1.103515625,1.005859375,-0.1953125,-0.244140625
29439,1.171875,1.142578125,-0.224609375,-0.09765625
29440,1.25,1.1328125,-0.185546875,-0.25390625
29441,1.15234375,1.19140625,-0.15625,-0.341796875
29442,1.162109375,1.103515625,-0.1953125,-0.341796875
29443,0.99609375,1.083984375,-0.33203125,-0.2734375
29444,1.19140625,1.015625,-0.341796875,-0.322265625
29445,1.2109375,1.1328125,-0.2734375,-0.09765625
29446,1.15234375,1.171875,-0.1953125,-0.361328125
29447,1.25,0.888671875,-0.048828125,-0.205078125
29448,1.220703125,1.11328125,-0.1953125,-0.5078125
29449,1.279296875,1.09375,-0.263671875,-0.322265625
29450,1.181640625,1.15234375,-0.234375,-0.244140625
29451,1.19140625,1.162109375,-0.25390625,-0.087890625
29452,1.19140625,1.103515625,-0.234375,-0.2734375
29453,1.201171875,1.2109375,-0.3515625,-0.25390625
29454,1.19140625,1.1328125,-0.185546875,-0.17578125
29455,1.181640625,1.103515625,-0.1953125,-0.2734375
29456,1.171875,1.142578125,-0.3125,-0.263671875
29457,1.259765625,1.07421875,-0.224609375,-0.146484375
29458,1.171875,1.123046875,-0.126953125,-0.33203125
29459,1.220703125,1.103515625,-0.2734375,-0.21484375
29460,1.298828125,1.11328125,-0.166015625,-0.205078125
29461,1.19140625,1.15234375,-0.15625,-0.166015625
29462,1.142578125,1.07421875,-0.146484375,-0.25390625
29463,1.15234375,1.25,-0.146484375,-0.1953125
29464,1.044921875,1.1328125,-0.205078125,-0.29296875
29465,1.171875,1.1328125,-0.224609375,-0.3125
29466,1.2109375,1.0546875,-0.17578125,-0.205078125
29467,1.19140625,1.142578125,-0.244140625,-0.283203125
29468,1.07421875,1.19140625,-0.15625,-0.234375
29469,1.23046875,1.201171875,-0.29296875,-0.3125
29470,1.181640625,1.1328125,-0.244140625,-0.380859375
29471,1.23046875,1.171875,-0.224609375,-0.244140625
29472,1.220703125,1.181640625,-0.322265625,-0.21484375
29473,1.26953125,1.015625,-0.224609375,-0.25390625
29474,1.19140625,1.15234375,-0.1953125,-0.25390625
29475,1.181640625,1.201171875,-0.244140625,-0.2734375
29476,1.2890625,1.1328125,-0.1953125,-0.3515625
29477,1.220703125,1.1328125,-0.166015625,-0.244140625
29478,1.26953125,1.083984375,-0.185546875,-0.263671875
29479,1.2109375,1.09375,-0.21484375,-0.2734375
29480,1.162109375,1.0546875,-0.166015625,-0.244140625
29481,1.181640625,1.09375,-0.1953125,-0.29296875
29482,1.0546875,1.201171875,-0.205078125,-0.29296875
29483,1.259765625,1.142578125,-0.126953125,-0.29296875
29484,1.26953125,1.240234375,-0.205078125,-0.224609375
29485,1.181640625,1.1328125,-0.185546875,-0.205078125
29486,1.19140625,1.1328125,-0.166015625,-0.3125
29487,1.201171875,1.181640625,-0.1171875,-0.322265625
29488,1.171875,1.1328125,-0.146484375,-0.048828125
29489,1.220703125,1.220703125,-0.166015625,-0.2734375
29490,1.220703125,1.03515625,-0.234375,-0.21484375
29491,1.142578125,1.103515625,-0.1953125,-0.205078125
29492,1.30859375,1.2109375,-0.234375,-0.498046875
29493,1.23046875,1.09375,-0.185546875,-0.263671875
29494,1.357421875,1.162109375,-0.107421875,-0.25390625
29495,1.279296875,1.357421875,-0.1953125,-0.302734375
29496,1.220703125,1.259765625,-0.322265625,-0.283203125
29497,1.23046875,1.142578125,-0.263671875,-0.263671875
29498,1.1328125,1.298828125,-0.33203125,-0.205078125
29499,1.2109375,1.181640625,-0.29296875,-0.234375
29500,1.19140625,1.15234375,-0.390625,-0.17578125
29501,1.298828125,1.162109375,-0.25390625,-0.3125
29502,1.2109375,1.044921875,-0.205078125,-0.224609375
29503,1.142578125,1.1328125,-0.2734375,-0.2734375
29504,1.162109375,1.259765625,-0.1953125,-0.341796875
29505,1.259765625,1.103515625,-0.2734375,-0.361328125
29506,1.259765625,1.220703125,-0.5078125,-0.29296875
29507,1.2109375,1.123046875,-0.283203125,-0.283203125
29508,1.1328125,1.142578125,-0.37109375,-0.2734375
29509,1.171875,1.19140625,-0.361328125,-0.4296875
29510,1.11328125,1.1328125,-0.185546875,-0.37109375
29511,1.2109375,1.0546875,-0.48828125,-0.244140625
29512,1.201171875,1.09375,-0.3125,-0.322265625
29513,1.34765625,1.162109375,-0.400390625,-0.17578125
29514,1.19140625,1.19140625,-0.3125,-0.2734375
29515,1.201171875,1.201171875,-0.263671875,-0.302734375
29516,1.064453125,1.1328125,-0.283203125,-0.283203125
29517,1.220703125,1.2109375,-0.37109375,-0.2734375
29518,1.201171875,1.201171875,-0.341796875,-0.302734375
29519,1.19140625,1.171875,-0.283203125,-0.322265625
29520,1.220703125,1.23046875,-0.361328125,-0.3125
29521,1.2109375,1.171875,-0.2734375,-0.126953125
29522,1.376953125,1.181640625,-0.1953125,-0.146484375
29523,1.25,1.23046875,-0.234375,-0.341796875
29524,1.201171875,1.123046875,-0.37109375,-0.44921875
29525,1.220703125,1.162109375,-0.234375,-0.21484375
29526,1.2109375,1.240234375,-0.29296875,-0.3125
29527,1.240234375,1.171875,-0.1171875,-0.09765625
29528,1.376953125,1.0546875,-0.322265625,-0.419921875
29529,1.201171875,1.181640625,-0.283203125,-0.244140625
29530,1.181640625,1.201171875,-0.17578125,-0.244140625
29531,1.25,1.171875,-0.244140625,-0.244140625
29532,1.142578125,1.2109375,-0.41015625,-0.244140625
29533,1.240234375,1.15234375,-0.302734375,-0.263671875
29534,1.240234375,1.123046875,-0.234375,-0.3515625
29535,1.171875,1.1328125,-0.17578125,-0.29296875
29536,1.220703125,1.005859375,-0.21484375,-0.25390625
29537,1.2890625,1.19140625,-0.244140625,-0.3125
29538,1.220703125,1.083984375,-0.224609375,-0.29296875
29539,1.2109375,1.11328125,-0.302734375,-0.3515625
29540,1.171875,1.15234375,-0.25390625,-0.283203125
29541,1.201171875,1.11328125,-0.2734375,-0.224609375
29542,1.240234375,1.34765625,-0.224609375,-0.263671875
29543,1.259765625,1.181640625,-0.263671875,-0.13671875
29544,1.240234375,1.25,-0.3125,-0.2734375
29545,1.279296875,1.0546875,-0.205078125,-0.087890625
29546,1.30859375,1.181640625,-0.2734375,-0.361328125
29547,1.23046875,1.240234375,-0.17578125,-0.2734375
29548,1.240234375,1.171875,-0.302734375,-0.263671875
29549,1.318359375,1.201171875,-0.21484375,-0.1953125
29550,1.26953125,1.171875,-0.29296875,-0.2734375
29551,1.259765625,1.19140625,-0.29296875,-0.341796875
29552,1.220703125,1.201171875,-0.25390625,-0.46875
29553,1.337890625,1.279296875,-0.234375,-0.263671875
29554,1.2890625,1.2890625,-0.380859375,-0.302734375
29555,1.240234375,1.240234375,-0.263671875,-0.224609375
29556,1.220703125,1.2109375,-0.302734375,-0.2734375
29557,1.2890625,1.30859375,-0.185546875,-0.224609375
29558,1.220703125,1.181640625,-0.25390625,-0.01953125
29559,1.26953125,1.142578125,-0.17578125,-0.2734375
29560,1.396484375,1.19140625,-0.166015625,-0.322265625
29561,1.3671875,1.19140625,-0.263671875,-0.048828125
29562,1.42578125,1.2109375,-0.25390625,-0.25390625
29563,1.38671875,1.015625,-0.185546875,-0.2734375
29564,1.181640625,1.26953125,-0.17578125,-0.302734375
29565,1.318359375,1.298828125,-0.263671875,-0.29296875
29566,1.416015625,1.259765625,-0.21484375,-0.263671875
29567,1.376953125,1.25,-0.3125,-0.4296875
29568,1.337890625,1.279296875,-0.29296875,-0.2734375
29569,1.42578125,1.3671875,-0.15625,-0.341796875
29570,1.376953125,1.2109375,-0.25390625,-0.234375
29571,1.3671875,1.259765625,-0.283203125,-0.21484375
29572,1.279296875,1.2890625,-0.322265625,-0.234375
29573,1.328125,1.25,-0.29296875,-0.361328125
29574,1.23046875,1.298828125,-0.2734375,-0.341796875
29575,1.298828125,1.15234375,-0.09765625,-0.390625
29576,1.259765625,1.26953125,-0.13671875,-0.25390625
29577,1.220703125,1.26953125,-0.234375,-0.146484375
29578,1.25,1.259765625,-0.15625,-0.44921875
29579,1.259765625,1.3671875,-0.1953125,-0.380859375
29580,1.26953125,1.25,-0.205078125,-0.13671875
29581,1.26953125,1.09375,-0.126953125,-0.400390625
29582,1.26953125,1.2109375,-0.185546875,-0.400390625
29583,1.279296875,1.25,-0.283203125,-0.3125
29584,1.279296875,1.19140625,-0.21484375,-0.361328125
29585,1.357421875,1.171875,-0.15625,-0.41015625
29586,1.181640625,1.26953125,-0.17578125,-0.361328125
29587,1.279296875,1.220703125,-0.33203125,-0.37109375
29588,1.357421875,1.25,-0.1953125,-0.302734375
29589,1.2890625,1.25,-0.234375,-0.390625
29590,1.279296875,1.2109375,-0.15625,-0.341796875
29591,1.2890625,1.162109375,-0.263671875,-0.29296875
29592,1.162109375,1.2109375,-0.166015625,-0.458984375
29593,1.201171875,1.201171875,-0.3125,-0.29296875
29594,1.25,1.162109375,-0.1171875,-0.361328125
29595,1.30859375,1.26953125,-0.17578125,-0.322265625
29596,1.25,1.142578125,-0.166015625,-0.33203125
29597,1.318359375,1.19140625,-0.205078125,-0.37109375
29598,1.30859375,1.240234375,-0.25390625,-0.380859375
29599,1.240234375,1.142578125,-0.17578125,-0.419921875
29600,1.30859375,1.2109375,-0.166015625,-0.341796875
29601,1.376953125,1.259765625,-0.234375,-0.400390625
29602,1.240234375,1.064453125,-0.302734375,-0.341796875
29603,1.337890625,1.328125,-0.283203125,-0.25390625
29604,1.26953125,1.240234375,-0.234375,-0.244140625
29605,1.34765625,1.03515625,-0.205078125,-0.3125
29606,1.26953125,1.240234375,-0.361328125,-0.283203125
29607,1.318359375,1.25,-0.25390625,-0.3125
29608,1.40625,1.298828125,-0.283203125,-0.2734375
29609,1.2890625,1.298828125,-0.302734375,-0.380859375
29610,1.1328125,1.23046875,-0.3125,-0.517578125
29611,1.396484375,1.279296875,-0.29296875,-0.3515625
29612,1.318359375,1.240234375,-0.322265625,-0.3125
29613,1.357421875,1.162109375,-0.33203125,-0.3125
29614,1.328125,1.318359375,-0.322265625,-0.41015625
29615,1.181640625,1.2890625,-0.400390625,-0.341796875
29616,1.220703125,1.171875,-0.3125,-0.3515625
29617,1.19140625,1.0546875,-0.2734375,-0.341796875
29618,1.220703125,1.337890625,-0.33203125,-0.546875
29619,1.337890625,1.201171875,-0.33203125,-0.341796875
29620,1.279296875,1.07421875,-0.29296875,-0.380859375
29621,1.23046875,1.259765625,-0.244140625,-0.4296875
29622,1.30859375,1.19140625,-0.205078125,-0.46875
29623,1.279296875,1.26953125,-0.048828125,-0.283203125
29624,1.25,1.103515625,-0.21484375,-0.37109375
29625,1.26953125,1.2109375,-0.2734375,-0.419921875
29626,1.279296875,1.30859375,-0.234375,-0.3515625
29627,1.2109375,1.240234375,-0.283203125,-0.341796875
29628,1.240234375,1.19140625,-0.263671875,-0.361328125
29629,1.181640625,1.181640625,-0.234375,-0.341796875
29630,1.259765625,1.279296875,-0.244140625,-0.3515625
29631,1.23046875,1.15234375,-0.283203125,-0.302734375
29632,1.337890625,1.25,-0.244140625,-0.3125
29633,1.25,0.849609375,-0.390625,-0.3125
29634,1.25,1.201171875,-0.21484375,-0.224609375
29635,1.240234375,1.201171875,-0.15625,-0.576171875
29636,1.25,1.2109375,-0.361328125,-0.263671875
29637,1.259765625,1.201171875,-0.244140625,-0.419921875
29638,1.162109375,1.162109375,-0.3125,-0.322265625
29639,1.19140625,1.240234375,-0.234375,-0.25390625
29640,1.201171875,1.1328125,-0.185546875,-0.380859375
29641,1.298828125,1.220703125,-0.3125,-0.439453125
29642,1.220703125,1.083984375,-0.185546875,-0.29296875
29643,1.142578125,1.2109375,-0.1953125,-0.498046875
29644,1.171875,1.162109375,-0.2734375,-0.283203125
29645,1.26953125,1.1328125,-0.37109375,-0.390625
29646,1.201171875,1.220703125,-0.224609375,-0.380859375
29647,1.142578125,1.181640625,-0.283203125,-0.44921875
29648,1.19140625,1.25,-0.1953125,-0.380859375
29649,1.19140625,1.2109375,-0.224609375,-0.390625
29650,1.3671875,1.181640625,-0.185546875,-0.380859375
29651,1.26953125,1.025390625,-0.33203125,-0.302734375
29652,1.220703125,1.19140625,-0.126953125,-0.263671875
29653,1.19140625,1.123046875,-0.205078125,-0.390625
29654,1.171875,1.220703125,-0.185546875,-0.3125
29655,1.15234375,1.181640625,-0.205078125,-0.361328125
29656,1.26953125,1.142578125,-0.205078125,-0.380859375
29657,1.240234375,1.328125,-0.1953125,-0.41015625
29658,1.25,0.9765625,-0.185546875,-0.322265625
29659,1.25,1.103515625,-0.234375,-0.361328125
29660,1.162109375,1.0546875,-0.283203125,-0.33203125
29661,1.19140625,1.1328125,-0.29296875,-0.380859375
29662,1.171875,1.083984375,-0.2734375,-0.244140625
29663,1.279296875,0.947265625,-0.302734375,-0.3515625
29664,1.23046875,1.083984375,-0.25390625,-0.3515625
29665,1.064453125,1.064453125,-0.283203125,-0.33203125
29666,1.201171875,0.830078125,-0.33203125,-0.4296875
29667,1.259765625,0.966796875,-0.3125,-0.3515625
29668,1.15234375,1.11328125,-0.322265625,-0.380859375
29669,1.201171875,1.09375,-0.224609375,-0.341796875
29670,1.25,1.015625,-0.341796875,-0.302734375
29671,1.07421875,1.064453125,-0.29296875,-0.361328125
29672,1.357421875,1.03515625,-0.234375,-0.3515625
29673,1.30859375,1.1328125,-0.263671875,-0.29296875
29674,1.23046875,1.064453125,-0.224609375,-0.5078125
29675,1.279296875,1.083984375,-0.25390625,-0.361328125
29676,1.26953125,1.23046875,-0.166015625,-0.380859375
29677,1.26953125,1.162109375,-0.17578125,-0.33203125
29678,1.318359375,1.09375,-0.25390625,-0.33203125
29679,1.259765625,1.083984375,-0.13671875,-0.37109375
29680,1.23046875,1.142578125,-0.17578125,-0.400390625
29681,1.2109375,1.123046875,-0.205078125,-0.41015625
29682,1.25,1.1328125,-0.185546875,-0.41015625
29683,1.25,1.0546875,-0.146484375,-0.37109375
29684,1.201171875,1.11328125,-0.224609375,-0.3125
29685,1.23046875,1.044921875,-0.205078125,-0.33203125
29686,1.318359375,1.064453125,-0.0390625,-0.185546875
29687,1.279296875,0.9765625,-0.146484375,-0.29296875
29688,1.25,0.99609375,-0.185546875,-0.3125
29689,1.337890625,0.947265625,-0.341796875,-0.185546875
29690,1.2890625,1.09375,-0.244140625,-0.322265625
29691,1.201171875,0.9375,-0.2734375,-0.283203125
29692,1.240234375,1.064453125,-0.25390625,-0.2734375
29693,1.26953125,0.966796875,-0.21484375,-0.322265625
29694,1.2890625,1.025390625,-0.13671875,-0.37109375
29695,1.279296875,0.947265625,-0.1953125,-0.390625
29696,1.26953125,1.0546875,-0.25390625,-0.37109375
29697,1.19140625,1.025390625,-0.2734375,-0.302734375
29698,1.2109375,1.005859375,-0.263671875,-0.283203125
29699,1.15234375,1.025390625,-0.185546875,-0.44921875
29700,1.2109375,1.083984375,-0.126953125,-0.302734375
29701,1.171875,0.9765625,-0.234375,-0.29296875
29702,1.15234375,1.03515625,-0.205078125,-0.3125
29703,1.240234375,0.9375,-0.205078125,-0.341796875
29704,1.171875,0.966796875,-0.283203125,-0.390625
29705,1.2109375,0.966796875,-0.205078125,-0.37109375
29706,1.259765625,1.044921875,-0.2734375,-0.234375
29707,1.181640625,1.005859375,-0.283203125,-0.3125
29708,1.0546875,1.09375,-0.205078125,-0.205078125
29709,1.220703125,0.966796875,-0.244140625,-0.302734375
29710,1.26953125,1.083984375,-0.21484375,-0.146484375
29711,1.181640625,1.005859375,-0.224609375,-0.33203125
29712,1.240234375,0.986328125,-0.322265625,-0.244140625
29713,1.25,0.859375,-0.29296875,-0.29296875
29714,1.376953125,1.0546875,-0.302734375,-0.2734375
29715,1.240234375,0.80078125,-0.2734375,-0.302734375
29716,1.259765625,0.849609375,-0.302734375,-0.458984375
29717,1.25,1.03515625,-0.25390625,-0.4296875
29718,1.2109375,0.908203125,-0.234375,-0.244140625
29719,1.298828125,1.15234375,-0.146484375,-0.21484375
29720,1.19140625,0.947265625,-0.234375,-0.41015625
29721,1.318359375,1.34765625,-0.25390625,-0.341796875
29722,1.26953125,1.103515625,-0.2734375,-0.244140625
29723,1.26953125,0.9765625,-0.25390625,-0.205078125
29724,1.23046875,1.0546875,-0.2734375,-0.224609375
29725,1.26953125,0.712890625,-0.107421875,-0.390625
29726,1.2890625,0.99609375,-0.21484375,-0.37109375
29727,1.064453125,1.2109375,-0.322265625,-0.41015625
29728,1.11328125,1.025390625,-0.205078125,-0.2734375
29729,1.15234375,1.015625,-0.2734375,-0.244140625
29730,1.181640625,0.95703125,-0.21484375,-0.3125
29731,1.23046875,0.91796875,-0.37109375,-0.419921875
29732,0.95703125,1.064453125,-0.263671875,-0.341796875
29733,1.30859375,1.005859375,-0.224609375,-0.361328125
29734,1.171875,0.87890625,-0.13671875,-0.361328125
29735,1.044921875,0.95703125,-0.224609375,-0.41015625
29736,1.142578125,0.99609375,-0.263671875,-0.3515625
29737,1.240234375,1.015625,-0.25390625,-0.234375
29738,1.2109375,1.015625,-0.087890625,-0.37109375
29739,1.025390625,0.927734375,-0.224609375,-0.380859375
29740,1.2109375,0.986328125,-0.244140625,-0.234375
29741,1.25,1.025390625,-0.17578125,-0.33203125
29742,1.2109375,0.986328125,-0.205078125,-0.33203125
29743,1.240234375,0.947265625,-0.21484375,-0.322265625
29744,1.15234375,1.005859375,-0.283203125,-0.224609375
29745,1.30859375,0.9375,-0.33203125,-0.3125
29746,1.2109375,1.220703125,-0.224609375,-0.341796875
29747,1.171875,1.044921875,-0.3125,-0.244140625
29748,1.23046875,0.966796875,-0.283203125,-0.29296875
29749,1.259765625,0.986328125,-0.244140625,-0.33203125
29750,1.2109375,1.07421875,-0.3125,-0.390625
29751,1.220703125,1.064453125,-0.2734375,-0.517578125
29752,1.220703125,0.9375,-0.29296875,-0.29296875
29753,1.26953125,1.0546875,-0.234375,-0.087890625
29754,1.171875,1.0546875,-0.13671875,-0.205078125
29755,1.220703125,1.11328125,-0.25390625,-0.361328125
29756,1.240234375,1.083984375,-0.2734375,-0.21484375
29757,1.26953125,1.03515625,-0.302734375,-0.234375
29758,1.201171875,1.09375,-0.21484375,-0.302734375
29759,1.2890625,1.005859375,-0.341796875,-0.2734375
29760,1.240234375,1.07421875,-0.1953125,-0.37109375
29761,1.2109375,1.142578125,-0.224609375,-0.283203125
29762,1.181640625,1.064453125,-0.185546875,-0.283203125
29763,1.201171875,1.07421875,-0.1953125,-0.458984375
29764,1.279296875,0.888671875,-0.283203125,-0.25390625
29765,1.30859375,0.87890625,-0.234375,-0.37109375
29766,1.328125,1.064453125,-0.224609375,-0.390625
29767,1.19140625,1.123046875,-0.126953125,-0.224609375
29768,1.2109375,1.064453125,-0.21484375,-0.205078125
29769,1.181640625,1.0546875,-0.205078125,-0.263671875
29770,1.201171875,1.083984375,-0.2734375,-0.33203125
29771,1.181640625,1.064453125,-0.21484375,-0.29296875
29772,1.142578125,1.103515625,-0.166015625,-0.234375
29773,1.220703125,1.083984375,-0.283203125,-0.2734375
29774,1.2109375,1.044921875,-0.17578125,-0.3125
29775,1.318359375,1.0546875,-0.185546875,-0.46875
29776,1.23046875,0.966796875,-0.15625,-0.263671875
29777,1.2109375,1.07421875,-0.224609375,-0.341796875
29778,1.103515625,1.044921875,-0.166015625,-0.29296875
29779,1.09375,1.103515625,-0.166015625,-0.25390625
29780,1.19140625,1.123046875,-0.087890625,-0.302734375
29781,1.19140625,1.03515625,-0.1953125,-0.283203125
29782,1.240234375,1.181640625,-0.185546875,-0.244140625
29783,1.162109375,1.005859375,-0.13671875,-0.2734375
29784,1.103515625,1.0546875,-0.166015625,-0.29296875
29785,1.201171875,1.044921875,-0.234375,-0.322265625
29786,1.23046875,1.005859375,-0.126953125,-0.33203125
29787,1.240234375,1.025390625,-0.283203125,-0.3515625
29788,1.19140625,1.044921875,-0.1953125,-0.283203125
29789,1.19140625,1.015625,-0.263671875,-0.322265625
29790,1.123046875,1.0546875,-0.2734375,-0.302734375
29791,1.201171875,1.07421875,-0.205078125,-0.244140625
29792,1.19140625,1.064453125,-0.234375,-0.302734375
29793,1.11328125,1.083984375,-0.25390625,-0.302734375
29794,1.162109375,1.201171875,-0.29296875,-0.3125
29795,1.201171875,1.123046875,-0.224609375,-0.1953125
29796,1.162109375,1.103515625,-0.302734375,-0.146484375
29797,1.103515625,1.15234375,-0.244140625,-0.21484375
29798,1.25,1.083984375,-0.244140625,-0.15625
29799,1.162109375,1.0546875,-0.29296875,-0.166015625
29800,1.298828125,1.11328125,-0.263671875,-0.166015625
29801,1.318359375,1.015625,-0.224609375,-0.205078125
29802,1.298828125,1.025390625,-0.244140625,-0.263671875
29803,1.201171875,1.044921875,-0.21484375,-0.224609375
29804,1.259765625,1.005859375,-0.234375,-0.185546875
29805,1.26953125,1.015625,-0.185546875,-0.126953125
29806,1.318359375,1.083984375,-0.234375,-0.185546875
29807,1.240234375,1.0546875,-0.146484375,-0.25390625
29808,1.23046875,1.07421875,-0.224609375,-0.1171875
29809,1.337890625,1.083984375,-0.2734375,-0.302734375
29810,1.15234375,1.064453125,-0.15625,-0.21484375
29811,1.15234375,1.005859375,-0.1953125,-0.205078125
29812,1.19140625,1.07421875,-0.234375,-0.17578125
29813,1.181640625,1.025390625,-0.390625,-0.322265625
29814,1.279296875,1.1328125,-0.1953125,-0.33203125
29815,1.1328125,1.103515625,-0.3125,-0.205078125
29816,1.171875,0.99609375,-0.224609375,-0.341796875
29817,1.26953125,1.064453125,-0.33203125,-0.234375
29818,1.123046875,1.044921875,-0.263671875,-0.185546875
29819,1.19140625,1.03515625,-0.439453125,-0.244140625
29820,1.171875,1.259765625,-0.05859375,-0.263671875
29821,1.240234375,1.09375,-0.25390625,-0.25390625
29822,1.201171875,1.103515625,-0.283203125,-0.25390625
29823,1.171875,1.07421875,-0.390625,-0.234375
29824,1.455078125,1.0546875,-0.33203125,-0.224609375
29825,1.25,0.99609375,-0.3515625,-0.21484375
29826,1.279296875,1.103515625,-0.322265625,-0.21484375
29827,1.279296875,1.07421875,-0.2734375,-0.322265625
29828,1.25,1.044921875,-0.224609375,-0.1953125
29829,1.2890625,1.07421875,-0.3125,-0.263671875
29830,1.171875,1.025390625,-0.205078125,-0.15625
29831,1.23046875,1.03515625,-0.361328125,-0.25390625
29832,1.2890625,1.083984375,-0.234375,-0.2734375
29833,1.2109375,1.103515625,-0.302734375,-0.1953125
29834,1.25,1.171875,-0.3515625,-0.341796875
29835,1.19140625,1.181640625,-0.185546875,-0.25390625
29836,1.279296875,1.0546875,-0.283203125,-0.185546875
29837,1.171875,1.025390625,-0.21484375,-0.25390625
29838,1.240234375,1.07421875,-0.400390625,-0.283203125
29839,1.162109375,1.07421875,-0.37109375,-0.13671875
29840,1.279296875,1.07421875,-0.2734375,-0.283203125
29841,1.240234375,0.966796875,-0.21484375,-0.2734375
29842,1.181640625,1.03515625,-0.1953125,-0.0390625
29843,1.328125,0.91796875,-0.25390625,-0.234375
29844,1.19140625,0.99609375,-0.283203125,-0.21484375
29845,1.19140625,1.103515625,-0.2734375,-0.21484375
29846,1.30859375,1.015625,-0.224609375,-0.224609375
29847,1.2109375,0.9375,-0.263671875,-0.126953125
29848,1.201171875,1.025390625,-0.244140625,-0.283203125
29849,1.23046875,0.927734375,-0.15625,-0.224609375
29850,1.123046875,0.947265625,-0.224609375,-0.185546875
29851,1.142578125,1.07421875,-0.3125,-0.205078125
29852,1.1328125,0.986328125,-0.17578125,-0.185546875
29853,1.123046875,1.015625,-0.1953125,-0.224609375
29854,1.142578125,1.0546875,-0.283203125,-0.13671875
29855,1.259765625,0.986328125,-0.263671875,-0.263671875
29856,1.15234375,1.07421875,-0.234375,-0.234375
29857,1.162109375,1.123046875,-0.1953125,-0.25390625
29858,1.103515625,1.064453125,-0.263671875,-0.13671875
29859,1.15234375,1.298828125,-0.17578125,-0.302734375
29860,1.25,1.11328125,-0.234375,-0.21484375
29861,1.19140625,1.03515625,-0.0390625,-0.33203125
29862,1.171875,1.11328125,-0.234375,-0.3515625
29863,1.15234375,1.1328125,-0.205078125,-0.1953125
29864,1.1328125,1.123046875,-0.244140625,-0.263671875
29865,1.171875,1.25,-0.078125,-0.263671875
29866,1.142578125,1.1328125,-0.234375,-0.205078125
29867,1.11328125,1.123046875,-0.224609375,-0.3125
29868,1.171875,0.9765625,-0.126953125,-0.283203125
29869,1.11328125,1.181640625,-0.15625,-0.3515625
29870,1.044921875,1.103515625,-0.263671875,-0.37109375
29871,1.1328125,1.15234375,-0.244140625,-0.1953125
29872,1.142578125,1.162109375,-0.263671875,-0.2734375
29873,1.181640625,1.103515625,-0.21484375,-0.2734375
29874,1.171875,1.23046875,-0.322265625,-0.302734375
29875,1.1328125,1.162109375,-0.263671875,-0.322265625
29876,1.25,1.103515625,-0.185546875,-0.17578125
29877,1.19140625,0.9375,-0.17578125,-0.283203125
29878,1.09375,1.0546875,-0.244140625,-0.224609375
29879,1.25,1.123046875,-0.263671875,-0.166015625
29880,1.220703125,1.181640625,-0.205078125,-0.244140625
29881,1.23046875,1.1328125,-0.25390625,-0.1953125
29882,1.162109375,1.181640625,-0.263671875,-0.3125
29883,1.162109375,1.171875,-0.302734375,-0.29296875
29884,1.19140625,1.181640625,-0.17578125,-0.380859375
29885,1.298828125,1.171875,-0.234375,-0.234375
29886,1.162109375,1.123046875,-0.1171875,-0.3515625
29887,1.19140625,1.318359375,-0.234375,-0.1953125
29888,1.171875,1.142578125,-0.244140625,-0.107421875
29889,1.2109375,1.2109375,-0.29296875,-0.25390625
29890,1.19140625,1.11328125,-0.25390625,-0.390625
29891,1.103515625,1.15234375,-0.17578125,-0.234375
29892,1.171875,1.07421875,-0.166015625,-0.283203125
29893,1.201171875,0.908203125,-0.05859375,-0.234375
29894,1.26953125,1.171875,-0.17578125,-0.263671875
29895,1.279296875,1.26953125,-0.234375,-0.37109375
29896,1.259765625,0.947265625,-0.244140625,-0.3515625
29897,1.2890625,1.25,-0.21484375,-0.419921875
29898,1.318359375,1.259765625,-0.166015625,-0.263671875
29899,1.23046875,1.181640625,-0.224609375,-0.244140625
29900,1.162109375,1.07421875,-0.205078125,-0.302734375
29901,1.34765625,1.26953125,-0.107421875,-0.29296875
29902,1.19140625,1.07421875,-0.244140625,-0.3125
29903,1.181640625,1.103515625,-0.205078125,-0.44921875
29904,1.25,1.15234375,-0.224609375,-0.263671875
29905,1.201171875,1.19140625,-0.234375,-0.1953125
29906,1.23046875,1.083984375,-0.302734375,-0.361328125
29907,1.240234375,1.201171875,-0.283203125,-0.3125
29908,1.23046875,1.162109375,-0.1171875,-0.126953125
29909,1.240234375,1.19140625,-0.166015625,-0.2734375
29910,1.15234375,1.2890625,-0.1953125,-0.234375
29911,1.1328125,1.123046875,-0.166015625,-0.2734375
29912,1.064453125,1.1328125,-0.205078125,-0.41015625
29913,1.279296875,1.279296875,-0.263671875,-0.341796875
29914,1.181640625,1.1328125,-0.21484375,-0.361328125
29915,1.2890625,1.171875,-0.205078125,-0.13671875
29916,1.142578125,1.103515625,-0.224609375,-0.322265625
29917,1.19140625,1.142578125,-0.185546875,-0.25390625
29918,1.328125,1.181640625,-0.224609375,-0.341796875
29919,1.25,1.11328125,-0.166015625,-0.2734375
29920,1.25,1.07421875,-0.234375,-0.244140625
29921,1.044921875,1.201171875,-0.1171875,-0.244140625
29922,1.25,1.142578125,-0.263671875,-0.33203125
29923,1.25,1.2109375,-0.234375,-0.302734375
29924,1.19140625,1.09375,-0.244140625,-0.3125
29925,1.259765625,1.19140625,-0.166015625,-0.341796875
29926,1.220703125,1.396484375,-0.29296875,-0.33203125
29927,1.240234375,1.2109375,-0.17578125,-0.380859375
29928,1.328125,1.240234375,-0.166015625,-0.263671875
29929,1.181640625,1.23046875,-0.17578125,-0.21484375
29930,1.09375,1.171875,-0.322265625,-0.439453125
29931,1.181640625,1.19140625,-0.205078125,-0.263671875
29932,1.19140625,1.162109375,-0.361328125,-0.419921875
29933,1.23046875,1.162109375,-0.322265625,-0.3125
29934,1.240234375,1.181640625,-0.2734375,-0.224609375
29935,1.279296875,1.162109375,-0.166015625,-0.3125
29936,1.201171875,1.162109375,-0.126953125,-0.17578125
29937,1.171875,1.201171875,-0.1953125,-0.25390625
29938,1.201171875,1.201171875,-0.21484375,-0.322265625
29939,1.2109375,1.162109375,-0.166015625,-0.29296875
29940,1.181640625,1.15234375,-0.302734375,-0.29296875
29941,1.26953125,1.09375,-0.390625,-0.361328125
29942,1.298828125,1.171875,-0.263671875,-0.224609375
29943,1.2890625,1.2109375,-0.3125,-0.3125
29944,1.25,1.19140625,-0.185546875,-0.322265625
29945,1.259765625,1.23046875,-0.234375,-0.2734375
29946,1.298828125,1.171875,-0.283203125,-0.341796875
29947,1.23046875,1.09375,-0.37109375,-0.263671875
29948,1.30859375,1.162109375,-0.283203125,-0.322265625
29949,1.279296875,1.181640625,-0.283203125,-0.322265625
29950,1.181640625,1.2109375,-0.400390625,-0.3125
29951,1.25,1.162109375,-0.25390625,-0.380859375
29952,1.15234375,1.09375,-0.263671875,-0.283203125
29953,1.201171875,1.005859375,-0.3515625,-0.29296875
29954,1.25,1.2109375,-0.166015625,-0.33203125
29955,1.259765625,1.142578125,-0.224609375,-0.15625
29956,1.201171875,1.240234375,-0.146484375,-0.322265625
29957,1.1328125,1.23046875,-0.302734375,-0.302734375
29958,1.240234375,1.123046875,-0.224609375,-0.25390625
29959,1.201171875,1.25,-0.29296875,-0.244140625
29960,1.201171875,1.005859375,-0.244140625,-0.29296875
29961,1.11328125,1.171875,-0.166015625,-0.25390625
29962,1.220703125,1.09375,-0.15625,-0.341796875
29963,1.2109375,1.201171875,-0.33203125,-0.33203125
29964,1.09375,1.171875,-0.2734375,-0.2734375
29965,1.162109375,1.240234375,-0.185546875,-0.380859375
29966,1.26953125,1.298828125,-0.341796875,-0.390625
29967,1.30859375,1.19140625,-0.37109375,-0.322265625
29968,0.99609375,1.40625,-0.390625,-0.380859375
29969,1.201171875,1.23046875,-0.322265625,-0.380859375
29970,1.15234375,1.162109375,-0.322265625,-0.3125
29971,1.328125,1.162109375,-0.25390625,-0.3515625
29972,1.2890625,1.201171875,-0.263671875,-0.29296875
29973,1.220703125,1.2109375,-0.25390625,-0.46875
29974,1.171875,1.162109375,-0.185546875,-0.322265625
29975,1.298828125,1.220703125,-0.3125,-0.283203125
29976,1.19140625,1.15234375,-0.283203125,-0.3515625
29977,1.328125,1.220703125,-0.302734375,-0.302734375
29978,1.328125,1.298828125,-0.244140625,-0.322265625
29979,1.328125,1.171875,-0.263671875,-0.390625
29980,1.298828125,1.337890625,-0.263671875,-0.3515625
29981,1.2890625,1.201171875,-0.322265625,-0.3515625
29982,1.40625,1.19140625,-0.234375,-0.15625
29983,1.42578125,1.103515625,-0.25390625,-0.341796875
29984,1.337890625,1.2890625,-0.2734375,-0.380859375
29985,1.19140625,1.201171875,-0.126953125,-0.283203125
29986,1.328125,1.19140625,-0.234375,-0.205078125
29987,1.259765625,1.2109375,-0.283203125,-0.3125
29988,1.30859375,1.2109375,-0.185546875,-0.244140625
29989,1.337890625,1.318359375,-0.17578125,-0.400390625
29990,1.416015625,1.435546875,-0.29296875,-0.25390625
29991,1.4453125,1.240234375,-0.234375,-0.263671875
29992,1.337890625,1.23046875,-0.15625,-0.341796875
29993,1.396484375,1.279296875,-0.283203125,-0.33203125
29994,1.318359375,1.23046875,-0.068359375,-0.244140625
29995,1.494140625,1.19140625,-0.302734375,-0.185546875
29996,1.34765625,1.103515625,-0.322265625,-0.283203125
29997,1.328125,1.240234375,-0.244140625,-0.283203125
29998,1.42578125,1.19140625,-0.322265625,-0.29296875
29999,1.3671875,1.142578125,-0.29296875,-0.302734375
30000,1.376953125,1.23046875,-0.302734375,-0.25390625
30001,1.23046875,1.26953125,-0.29296875,-0.3125
30002,1.34765625,1.34765625,-0.244140625,-0.283203125
30003,1.34765625,1.25,-0.21484375,-0.263671875
30004,1.162109375,1.201171875,-0.244140625,-0.25390625
30005,1.376953125,1.2890625,-0.25390625,-0.361328125
30006,1.2890625,1.1328125,-0.205078125,-0.37109375
30007,1.3671875,1.279296875,-0.2734375,-0.390625
30008,1.34765625,1.3671875,-0.29296875,-0.37109375
30009,1.3671875,1.259765625,-0.3515625,-0.419921875
30010,1.298828125,1.279296875,-0.21484375,-0.33203125
30011,1.2890625,1.3671875,-0.166015625,-0.2734375
30012,1.3671875,1.298828125,-0.25390625,-0.302734375
30013,1.298828125,1.240234375,-0.302734375,-0.4296875
30014,1.298828125,1.1328125,-0.146484375,-0.37109375
30015,1.328125,1.23046875,-0.146484375,-0.234375
30016,1.298828125,1.318359375,-0.29296875,-0.33203125
30017,1.26953125,1.09375,-0.166015625,-0.322265625
30018,1.26953125,1.2890625,-0.166015625,-0.3515625
30019,1.083984375,1.201171875,-0.25390625,-0.615234375
30020,1.3671875,1.181640625,-0.185546875,-0.3515625
30021,1.279296875,1.03515625,-0.21484375,-0.302734375
30022,1.25,1.2890625,-0.263671875,-0.361328125
30023,1.220703125,1.181640625,-0.244140625,-0.3515625
30024,1.240234375,1.07421875,-0.17578125,-0.361328125
30025,1.044921875,1.162109375,-0.234375,-0.37109375
30026,1.279296875,0.99609375,-0.380859375,-0.4296875
30027,1.23046875,1.15234375,-0.21484375,-0.302734375
30028,1.25,1.142578125,-0.205078125,-0.44921875
30029,1.30859375,1.26953125,-0.205078125,-0.3515625
30030,1.30859375,1.26953125,-0.263671875,-0.41015625
30031,1.23046875,1.162109375,-0.234375,-0.302734375
30032,1.220703125,1.318359375,-0.185546875,-0.361328125
30033,1.396484375,1.201171875,-0.205078125,-0.302734375
30034,1.171875,1.142578125,-0.234375,-0.361328125
30035,1.34765625,1.123046875,-0.29296875,-0.322265625
30036,1.259765625,1.19140625,-0.419921875,-0.2734375
30037,1.2890625,1.19140625,-0.263671875,-0.3515625
30038,1.26953125,1.171875,-0.25390625,-0.322265625
30039,1.3671875,1.1328125,-0.21484375,-0.341796875
30040,1.259765625,1.2109375,-0.302734375,-0.3515625
30041,1.201171875,1.2109375,-0.244140625,-0.322265625
30042,1.298828125,1.279296875,-0.361328125,-0.3515625
30043,1.123046875,1.123046875,-0.244140625,-0.361328125
30044,1.171875,1.181640625,-0.224609375,-0.380859375
30045,1.2890625,1.083984375,-0.1953125,-0.400390625
30046,1.298828125,1.201171875,-0.224609375,-0.37109375
30047,1.2109375,1.23046875,-0.1953125,-0.341796875
30048,1.171875,1.279296875,-0.25390625,-0.302734375
30049,1.240234375,1.220703125,-0.15625,-0.3125
30050,1.279296875,1.23046875,-0.283203125,-0.390625
30051,1.259765625,1.064453125,-0.29296875,-0.44921875
30052,1.25,1.181640625,-0.2734375,-0.380859375
30053,1.337890625,1.181640625,-0.224609375,-0.380859375
30054,1.23046875,1.328125,-0.224609375,-0.3515625
30055,1.25,1.181640625,-0.126953125,-0.322265625
30056,1.240234375,1.19140625,-0.234375,-0.21484375
30057,1.318359375,1.279296875,-0.244140625,-0.439453125
30058,1.26953125,1.220703125,-0.263671875,-0.3125
30059,1.298828125,1.171875,-0.283203125,-0.380859375
30060,1.240234375,1.09375,-0.25390625,-0.37109375
30061,1.26953125,1.220703125,-0.078125,-0.283203125
30062,1.25,1.162109375,-0.234375,-0.419921875
30063,1.259765625,1.19140625,-0.087890625,-0.37109375
30064,1.240234375,1.171875,-0.322265625,-0.458984375
30065,1.34765625,1.162109375,-0.244140625,-0.3125
30066,1.240234375,1.11328125,-0.224609375,-0.48828125
30067,1.259765625,1.07421875,-0.1953125,-0.341796875
30068,1.26953125,1.15234375,-0.3125,-0.361328125
30069,1.181640625,1.181640625,-0.224609375,-0.46875
30070,1.240234375,1.11328125,-0.205078125,-0.400390625
30071,1.26953125,1.171875,-0.2734375,-0.400390625
30072,1.220703125,1.181640625,-0.29296875,-0.341796875
30073,1.2109375,1.162109375,-0.322265625,-0.390625
30074,1.240234375,1.123046875,-0.244140625,-0.4296875
30075,1.15234375,1.09375,-0.244140625,-0.390625
30076,1.240234375,1.11328125,-0.3515625,-0.41015625
30077,1.26953125,1.2109375,-0.29296875,-0.400390625
30078,1.07421875,1.25,-0.15625,-0.380859375
30079,1.181640625,1.03515625,-0.185546875,-0.458984375
30080,1.26953125,1.142578125,-0.1953125,-0.25390625
30081,1.19140625,1.0546875,-0.224609375,-0.361328125
30082,1.171875,1.220703125,-0.13671875,-0.458984375
30083,1.083984375,1.171875,-0.17578125,-0.48828125
30084,1.220703125,1.123046875,-0.185546875,-0.302734375
30085,1.2109375,1.142578125,-0.244140625,-0.3515625
30086,1.279296875,1.15234375,-0.17578125,-0.400390625
30087,1.2109375,0.927734375,-0.205078125,-0.3515625
30088,1.201171875,1.220703125,-0.21484375,-0.33203125
30089,1.298828125,1.123046875,-0.21484375,-0.4296875
30090,1.279296875,1.03515625,-0.244140625,-0.400390625
30091,1.2109375,1.25,-0.25390625,-0.29296875
30092,1.171875,1.1328125,-0.234375,-0.439453125
30093,1.2890625,1.044921875,-0.25390625,-0.400390625
30094,1.259765625,1.083984375,-0.341796875,-0.37109375
30095,1.298828125,1.142578125,-0.25390625,-0.33203125
30096,1.42578125,1.0546875,-0.185546875,-0.29296875
30097,1.25,1.064453125,-0.380859375,-0.44921875
30098,1.181640625,1.07421875,-0.21484375,-0.3515625
30099,1.1328125,1.123046875,-0.205078125,-0.361328125
30100,1.2890625,1.0546875,-0.1171875,-0.25390625
30101,1.2890625,1.1328125,-0.283203125,-0.33203125
30102,1.357421875,1.15234375,-0.25390625,-0.341796875
30103,1.30859375,1.19140625,-0.17578125,-0.322265625
30104,1.240234375,1.025390625,-0.2734375,-0.37109375
30105,1.337890625,1.044921875,-0.17578125,-0.2734375
30106,1.23046875,1.0546875,-0.419921875,-0.400390625
30107,1.279296875,1.09375,-0.21484375,-0.244140625
30108,1.201171875,1.1328125,-0.234375,-0.205078125
30109,1.26953125,1.064453125,-0.17578125,-0.361328125
30110,1.279296875,1.064453125,-0.17578125,-0.185546875
30111,1.298828125,0.91796875,-0.224609375,-0.302734375
30112,1.279296875,0.966796875,-0.400390625,-0.4296875
30113,1.318359375,1.044921875,-0.146484375,-0.29296875
30114,1.2890625,0.99609375,-0.25390625,-0.37109375
30115,1.201171875,1.103515625,-0.17578125,-0.302734375
30116,1.240234375,1.083984375,-0.205078125,-0.37109375
30117,1.298828125,1.0546875,-0.185546875,-0.341796875
30118,1.2109375,1.09375,-0.205078125,-0.419921875
30119,1.23046875,1.025390625,-0.146484375,-0.390625
30120,1.19140625,1.044921875,-0.283203125,-0.400390625
30121,1.220703125,0.8984375,-0.341796875,-0.322265625
30122,1.318359375,1.005859375,-0.15625,-0.322265625
30123,1.220703125,1.07421875,-0.205078125,-0.380859375
30124,1.25,1.005859375,-0.224609375,-0.361328125
30125,1.25,1.064453125,-0.361328125,-0.1953125
30126,1.30859375,1.005859375,-0.263671875,-0.33203125
30127,1.15234375,0.966796875,-0.234375,-0.322265625
30128,1.279296875,1.005859375,-0.224609375,-0.4296875
30129,1.11328125,1.044921875,-0.224609375,-0.3125
30130,1.220703125,0.9375,-0.13671875,-0.283203125
30131,1.240234375,1.03515625,-0.244140625,-0.2734375
30132,1.162109375,1.03515625,-0.234375,-0.341796875
30133,1.11328125,1.005859375,-0.3125,-0.25390625
30134,1.181640625,0.966796875,-0.25390625,-0.224609375
30135,1.15234375,1.005859375,-0.234375,-0.234375
30136,1.201171875,0.87890625,-0.3515625,-0.2734375
30137,1.103515625,1.064453125,-0.185546875,-0.283203125
30138,1.2109375,0.869140625,-0.283203125,-0.146484375
30139,1.19140625,1.005859375,-0.205078125,-0.2734375
30140,1.181640625,1.30859375,-0.263671875,-0.361328125
30141,1.025390625,0.99609375,-0.234375,-0.361328125
30142,1.19140625,1.1328125,-0.322265625,-0.263671875
30143,1.2109375,1.005859375,-0.33203125,-0.3125
30144,1.171875,0.986328125,-0.283203125,-0.234375
30145,1.123046875,1.1328125,-0.17578125,-0.33203125
30146,1.23046875,0.9765625,-0.2734375,-0.3125
30147,1.23046875,0.966796875,-0.390625,-0.33203125
30148,1.220703125,1.064453125,-0.380859375,-0.3125
30149,1.220703125,0.966796875,-0.15625,-0.3515625
30150,1.044921875,1.005859375,-0.205078125,-0.517578125
30151,1.23046875,0.927734375,-0.205078125,-0.3125
30152,1.15234375,1.015625,-0.17578125,-0.29296875
30153,1.2109375,1.005859375,-0.185546875,-0.185546875
30154,1.38671875,1.07421875,-0.2734375,-0.263671875
30155,1.2109375,1.064453125,-0.13671875,-0.302734375
30156,1.142578125,1.03515625,-0.224609375,-0.48828125
30157,1.298828125,0.8203125,-0.166015625,-0.29296875
30158,1.142578125,0.986328125,-0.25390625,-0.3125
30159,1.328125,1.015625,-0.185546875,-0.25390625
30160,1.328125,1.025390625,-0.2734375,-0.361328125
30161,1.19140625,1.07421875,-0.263671875,-0.302734375
30162,1.23046875,1.07421875,-0.2734375,-0.29296875
30163,1.162109375,0.91796875,-0.185546875,-0.29296875
30164,1.162109375,0.99609375,-0.21484375,-0.361328125
30165,1.26953125,1.005859375,-0.166015625,-0.37109375
30166,1.34765625,0.986328125,-0.283203125,-0.29296875
30167,1.25,1.03515625,-0.13671875,-0.3125
30168,1.455078125,0.986328125,-0.234375,-0.166015625
30169,1.171875,0.99609375,-0.302734375,-0.244140625
30170,1.19140625,1.0546875,-0.17578125,-0.33203125
30171,1.162109375,1.015625,-0.234375,-0.390625
30172,1.162109375,0.99609375,-0.1953125,-0.302734375
30173,1.201171875,1.123046875,-0.13671875,-0.302734375
30174,1.11328125,0.99609375,-0.322265625,-0.15625
30175,1.15234375,1.025390625,-0.146484375,-0.48828125
30176,1.240234375,1.201171875,-0.21484375,-0.390625
30177,1.15234375,0.9375,-0.302734375,-0.380859375
30178,1.162109375,1.064453125,-0.263671875,-0.361328125
30179,1.19140625,0.986328125,-0.13671875,-0.341796875
30180,1.201171875,1.181640625,-0.29296875,-0.29296875
30181,1.30859375,1.11328125,-0.21484375,-0.341796875
30182,1.259765625,0.966796875,-0.185546875,-0.3125
30183,1.19140625,1.03515625,-0.17578125,-0.37109375
30184,1.11328125,1.03515625,-0.185546875,-0.302734375
30185,1.201171875,1.044921875,-0.185546875,-0.224609375
30186,1.181640625,1.064453125,-0.322265625,-0.3515625
30187,1.2109375,1.064453125,-0.3515625,-0.21484375
30188,1.201171875,1.1328125,-0.1953125,-0.33203125
30189,1.181640625,1.07421875,-0.302734375,-0.283203125
30190,1.26953125,1.03515625,-0.21484375,-0.25390625
30191,1.220703125,1.083984375,-0.185546875,-0.3125
30192,1.181640625,1.083984375,-0.146484375,-0.380859375
30193,1.07421875,1.07421875,-0.1953125,-0.205078125
30194,1.259765625,1.064453125,-0.224609375,-0.302734375
30195,1.201171875,1.064453125,-0.205078125,-0.4296875
30196,1.25,1.064453125,-0.1953125,-0.3125
30197,1.240234375,0.751953125,-0.185546875,-0.283203125
30198,1.19140625,1.015625,-0.17578125,-0.41015625
30199,1.19140625,1.123046875,-0.087890625,-0.25390625
30200,1.2109375,1.083984375,-0.185546875,-0.283203125
30201,1.201171875,1.171875,-0.146484375,-0.29296875
30202,1.240234375,1.03515625,-0.21484375,-0.15625
30203,1.19140625,1.03515625,-0.205078125,-0.25390625
30204,1.201171875,1.171875,-0.166015625,-0.25390625
30205,1.015625,1.064453125,-0.185546875,-0.5078125
30206,1.103515625,0.99609375,-0.2734375,-0.224609375
30207,1.181640625,0.9375,-0.087890625,-0.29296875
30208,1.044921875,1.15234375,-0.21484375,-0.126953125
30209,1.142578125,1.2109375,-0.166015625,-0.205078125
30210,1.19140625,1.103515625,-0.126953125,-0.2734375
30211,1.34765625,1.083984375,-0.15625,-0.341796875
30212,1.23046875,1.064453125,-0.244140625,-0.283203125
30213,1.162109375,1.064453125,-0.107421875,-0.2734375
30214,1.19140625,1.07421875,-0.1953125,-0.283203125
30215,1.123046875,1.181640625,-0.224609375,-0.29296875
30216,1.201171875,0.9765625,-0.224609375,-0.3515625
30217,1.19140625,1.044921875,-0.205078125,-0.29296875
30218,1.23046875,1.015625,-0.21484375,-0.244140625
30219,1.201171875,1.07421875,-0.146484375,-0.283203125
30220,1.181640625,1.103515625,-0.244140625,-0.263671875
30221,1.259765625,1.064453125,-0.322265625,-0.0390625
30222,1.2109375,1.03515625,-0.1953125,-0.205078125
30223,1.23046875,1.142578125,-0.078125,-0.3125
30224,1.240234375,0.99609375,-0.146484375,-0.322265625
30225,1.26953125,1.07421875,-0.234375,-0.224609375
30226,1.25,1.07421875,-0.234375,-0.322265625
30227,1.357421875,1.044921875,-0.185546875,-0.25390625
30228,1.259765625,1.09375,-0.21484375,-0.390625
30229,1.279296875,1.083984375,-0.17578125,-0.37109375
30230,1.2890625,1.083984375,-0.17578125,-0.322265625
30231,1.259765625,1.2109375,-0.2734375,-0.322265625
30232,1.19140625,1.103515625,-0.224609375,-0.17578125
30233,1.376953125,1.015625,-0.15625,-0.419921875
30234,1.337890625,1.142578125,-0.146484375,-0.380859375
30235,1.2890625,1.103515625,-0.05859375,-0.3125
30236,1.259765625,1.103515625,-0.224609375,-0.380859375
30237,1.19140625,1.123046875,-0.205078125,-0.3515625
30238,1.328125,1.142578125,-0.205078125,-0.2734375
30239,1.23046875,1.1328125,-0.2734375,-0.17578125
30240,1.220703125,1.015625,-0.185546875,-0.234375
30241,1.103515625,1.083984375,-0.146484375,-0.048828125
30242,1.171875,1.064453125,-0.224609375,-0.17578125
30243,1.162109375,1.07421875,-0.13671875,-0.17578125
30244,1.201171875,1.142578125,-0.244140625,-0.107421875
30245,1.201171875,1.103515625,-0.3515625,-0.283203125
30246,1.123046875,0.986328125,-0.2734375,-0.244140625
30247,1.220703125,1.1328125,-0.3125,-0.224609375
30248,1.181640625,1.07421875,-0.29296875,-0.25390625
30249,1.181640625,1.26953125,-0.283203125,-0.1953125
30250,1.2109375,1.005859375,-0.400390625,-0.400390625
30251,1.38671875,1.103515625,-0.322265625,-0.21484375
30252,1.0546875,1.0546875,-0.263671875,-0.21484375
30253,1.220703125,1.083984375,-0.341796875,-0.17578125
30254,1.357421875,1.15234375,-0.29296875,-0.185546875
30255,1.11328125,1.09375,-0.400390625,-0.263671875
30256,1.26953125,1.09375,-0.224609375,-0.234375
30257,1.484375,1.123046875,-0.283203125,-0.419921875
30258,1.328125,1.015625,-0.263671875,-0.21484375
30259,1.220703125,1.07421875,-0.21484375,-0.3125
30260,1.11328125,1.064453125,-0.2734375,-0.263671875
30261,1.162109375,1.1328125,-0.234375,-0.263671875
30262,1.19140625,0.83984375,-0.29296875,-0.21484375
30263,1.181640625,1.103515625,-0.283203125,-0.166015625
30264,1.220703125,1.09375,-0.302734375,-0.234375
30265,1.2109375,1.07421875,-0.29296875,-0.37109375
30266,1.103515625,1.064453125,-0.224609375,-0.2734375
30267,1.2890625,1.162109375,-0.25390625,-0.25390625
30268,1.220703125,1.005859375,-0.341796875,-0.33203125
30269,1.23046875,1.044921875,-0.322265625,-0.126953125
30270,1.181640625,1.15234375,-0.205078125,-0.283203125
30271,1.181640625,1.025390625,-0.2734375,-0.17578125
30272,1.30859375,1.09375,-0.234375,-0.322265625
30273,1.23046875,1.0546875,-0.302734375,-0.21484375
30274,1.240234375,1.064453125,-0.17578125,-0.166015625
30275,1.103515625,1.1328125,-0.244140625,-0.458984375
30276,1.123046875,1.015625,-0.400390625,-0.263671875
30277,1.25,1.15234375,-0.146484375,-0.1953125
30278,1.2890625,1.123046875,-0.1953125,-0.234375
30279,1.201171875,1.1328125,-0.33203125,-0.263671875
30280,1.09375,1.240234375,-0.244140625,-0.13671875
30281,1.259765625,1.015625,-0.1953125,-0.283203125
30282,1.123046875,1.162109375,-0.3125,-0.3515625
30283,1.1328125,0.9765625,-0.341796875,-0.1953125
30284,1.11328125,1.025390625,-0.244140625,-0.302734375
30285,1.15234375,1.0546875,-0.185546875,-0.29296875
30286,1.15234375,1.03515625,-0.087890625,-0.234375
30287,1.142578125,1.1328125,-0.224609375,-0.29296875
30288,1.142578125,1.09375,-0.17578125,-0.3515625
30289,1.162109375,1.240234375,-0.1171875,-0.166015625
30290,1.162109375,1.103515625,-0.244140625,-0.322265625
30291,1.09375,1.015625,-0.146484375,-0.283203125
30292,1.044921875,1.064453125,-0.21484375,-0.263671875
30293,1.171875,1.083984375,-0.361328125,-0.087890625
30294,1.123046875,1.123046875,-0.17578125,-0.21484375
30295,1.123046875,1.09375,-0.29296875,-0.15625
30296,1.171875,1.083984375,-0.224609375,-0.322265625
30297,1.201171875,1.11328125,-0.146484375,-0.2734375
30298,1.103515625,1.064453125,0,-0.29296875
30299,1.15234375,1.11328125,-0.244140625,-0.234375
30300,1.1328125,1.11328125,-0.25390625,-0.1171875
30301,1.1328125,1.15234375,-0.263671875,-0.3125
30302,1.220703125,1.123046875,-0.322265625,-0.322265625
30303,1.15234375,1.1328125,-0.25390625,-0.37109375
30304,1.171875,0.9765625,-0.302734375,-0.234375
30305,1.162109375,1.1328125,-0.263671875,-0.29296875
30306,1.15234375,1.15234375,-0.2734375,-0.283203125
30307,1.171875,1.123046875,-0.302734375,-0.302734375
30308,1.171875,1.025390625,-0.263671875,-0.283203125
30309,1.23046875,1.142578125,-0.234375,-0.33203125
30310,1.23046875,0.966796875,-0.17578125,-0.29296875
30311,1.15234375,1.142578125,-0.1953125,-0.33203125
30312,1.201171875,1.181640625,-0.185546875,-0.322265625
30313,1.220703125,1.03515625,-0.146484375,-0.244140625
30314,1.181640625,1.15234375,-0.2734375,-0.244140625
30315,1.1328125,1.201171875,-0.234375,-0.283203125
30316,1.26953125,1.11328125,-0.166015625,-0.1953125
30317,1.259765625,1.171875,-0.263671875,-0.166015625
30318,1.123046875,1.15234375,-0.166015625,-0.3125
30319,1.15234375,1.11328125,-0.126953125,-0.263671875
30320,1.220703125,1.15234375,-0.087890625,-0.185546875
30321,1.34765625,1.15234375,-0.15625,-0.068359375
30322,1.103515625,1.142578125,-0.283203125,-0.234375
30323,1.26953125,1.09375,-0.263671875,-0.205078125
30324,1.279296875,1.1328125,-0.1953125,-0.224609375
30325,1.259765625,0.9765625,-0.224609375,-0.263671875
30326,1.220703125,1.0546875,-0.05859375,-0.341796875
30327,1.337890625,1.220703125,-0.224609375,-0.29296875
30328,1.171875,1.259765625,-0.205078125,-0.224609375
30329,1.19140625,1.2109375,-0.283203125,-0.21484375
30330,1.240234375,1.171875,-0.29296875,-0.25390625
30331,1.38671875,1.142578125,-0.17578125,-0.107421875
30332,1.2109375,1.123046875,-0.185546875,-0.302734375
30333,1.181640625,1.162109375,-0.224609375,-0.078125
30334,1.23046875,1.181640625,-0.322265625,-0.25390625
30335,1.240234375,1.083984375,-0.283203125,-0.283203125
30336,1.240234375,1.181640625,-0.205078125,-0.302734375
30337,1.201171875,1.09375,-0.185546875,-0.2734375
30338,1.171875,1.142578125,-0.2734375,-0.2734375
30339,1.083984375,1.19140625,-0.234375,-0.234375
30340,1.26953125,1.19140625,-0.2734375,-0.3125
30341,1.15234375,1.162109375,-0.234375,-0.3515625
30342,1.240234375,1.11328125,-0.25390625,-0.400390625
30343,1.083984375,1.1328125,-0.25390625,-0.390625
30344,1.09375,1.171875,-0.244140625,-0.322265625
30345,1.1328125,1.201171875,-0.341796875,-0.3125
30346,1.279296875,1.09375,-0.185546875,-0.33203125
30347,1.09375,1.34765625,-0.322265625,-0.2734375
30348,1.142578125,1.220703125,-0.3125,-0.2734375
30349,1.2109375,1.19140625,-0.234375,-0.400390625
30350,1.201171875,1.220703125,-0.1953125,-0.361328125
30351,1.15234375,1.171875,-0.234375,-0.3125
30352,1.298828125,1.2109375,-0.234375,-0.283203125
30353,1.23046875,1.279296875,-0.3125,-0.283203125
30354,1.181640625,1.181640625,-0.302734375,-0.263671875
30355,1.240234375,1.123046875,-0.283203125,-0.2734375
30356,1.220703125,1.298828125,-0.3125,-0.244140625
30357,1.201171875,1.220703125,-0.1953125,-0.087890625
30358,1.220703125,1.123046875,-0.263671875,-0.546875
30359,1.259765625,1.03515625,-0.361328125,-0.3125
30360,1.162109375,1.171875,-0.234375,-0.21484375
30361,1.220703125,1.103515625,-0.302734375,-0.15625
30362,1.220703125,1.201171875,-0.380859375,-0.234375
30363,1.26953125,1.181640625,-0.21484375,-0.322265625
30364,1.328125,1.181640625,-0.224609375,-0.4296875
30365,1.23046875,1.181640625,-0.25390625,-0.283203125
30366,1.25,1.201171875,-0.146484375,-0.322265625
30367,1.201171875,1.181640625,-0.341796875,-0.29296875
30368,1.2109375,1.23046875,-0.244140625,-0.322265625
30369,1.240234375,1.2109375,-0.283203125,-0.3515625
30370,1.240234375,1.142578125,-0.234375,-0.3515625
30371,1.220703125,1.005859375,-0.17578125,-0.283203125
30372,1.15234375,1.142578125,-0.29296875,-0.283203125
30373,1.162109375,1.162109375,-0.21484375,-0.302734375
30374,1.259765625,1.19140625,-0.185546875,-0.302734375
30375,1.25,1.0546875,-0.44921875,-0.244140625
30376,1.181640625,1.19140625,-0.283203125,-0.33203125
30377,1.220703125,1.15234375,-0.3125,-0.302734375
30378,1.240234375,1.15234375,-0.283203125,-0.33203125
30379,1.23046875,1.142578125,-0.205078125,-0.361328125
30380,1.23046875,1.07421875,-0.244140625,-0.33203125
30381,1.220703125,1.15234375,-0.29296875,-0.29296875
30382,1.103515625,1.15234375,-0.25390625,-0.263671875
30383,1.1328125,1.123046875,-0.25390625,-0.283203125
30384,1.220703125,0.87890625,-0.2734375,-0.322265625
30385,1.30859375,1.11328125,-0.2734375,-0.37109375
30386,1.11328125,1.083984375,-0.302734375,-0.33203125
30387,1.181640625,1.23046875,-0.166015625,-0.29296875
30388,1.30859375,1.162109375,-0.224609375,-0.078125
30389,1.15234375,1.26953125,-0.380859375,-0.29296875
30390,1.240234375,1.005859375,-0.224609375,-0.234375
30391,1.142578125,1.1328125,-0.283203125,-0.3125
30392,1.162109375,1.25,-0.244140625,-0.33203125
30393,1.23046875,1.11328125,-0.224609375,-0.322265625
30394,1.279296875,1.19140625,-0.244140625,-0.3515625
30395,1.142578125,1.171875,-0.244140625,-0.322265625
30396,1.240234375,1.181640625,-0.283203125,-0.37109375
30397,1.259765625,1.171875,-0.25390625,-0.3125
30398,1.2109375,1.005859375,-0.341796875,-0.244140625
30399,1.318359375,1.2109375,-0.400390625,-0.25390625
30400,1.328125,1.23046875,-0.244140625,-0.25390625
30401,1.337890625,1.103515625,-0.2734375,-0.322265625
30402,1.337890625,1.19140625,-0.29296875,-0.224609375
30403,1.25,1.19140625,-0.29296875,-0.361328125
30404,1.1328125,1.171875,-0.244140625,-0.52734375
30405,1.328125,0.986328125,-0.322265625,-0.37109375
30406,1.23046875,1.279296875,-0.380859375,-0.263671875
30407,1.34765625,1.220703125,-0.234375,-0.29296875
30408,1.3671875,1.2890625,-0.21484375,-0.29296875
30409,1.2109375,1.220703125,-0.41015625,-0.390625
30410,1.34765625,1.220703125,-0.244140625,-0.283203125
30411,1.34765625,1.318359375,-0.09765625,-0.3125
30412,1.337890625,1.25,-0.1953125,-0.419921875
30413,1.26953125,1.279296875,-0.1953125,-0.166015625
30414,1.328125,1.240234375,-0.166015625,-0.400390625
30415,1.318359375,1.279296875,-0.166015625,-0.341796875
30416,1.259765625,1.298828125,-0.234375,-0.283203125
30417,1.337890625,1.162109375,-0.1171875,-0.29296875
30418,1.318359375,1.279296875,-0.17578125,-0.361328125
30419,1.318359375,1.201171875,-0.33203125,-0.361328125
30420,1.357421875,1.044921875,-0.205078125,-0.400390625
30421,1.40625,1.25,-0.1953125,-0.517578125
30422,1.328125,1.1328125,-0.21484375,-0.390625
30423,1.376953125,1.181640625,-0.263671875,-0.37109375
30424,1.38671875,1.240234375,-0.283203125,-0.361328125
30425,1.357421875,1.25,-0.29296875,-0.46875
30426,1.337890625,1.181640625,-0.4296875,-0.29296875
30427,1.3671875,1.181640625,-0.25390625,-0.4296875
30428,1.26953125,1.2109375,-0.302734375,-0.37109375
30429,1.357421875,1.220703125,-0.3515625,-0.4296875
30430,1.279296875,1.240234375,-0.41015625,-0.263671875
30431,1.435546875,1.23046875,-0.244140625,-0.390625
30432,1.416015625,1.376953125,-0.380859375,-0.25390625
30433,1.30859375,1.181640625,-0.234375,-0.33203125
30434,1.23046875,1.240234375,-0.25390625,-0.322265625
30435,1.38671875,1.142578125,-0.2734375,-0.33203125
30436,1.357421875,1.171875,-0.2734375,-0.302734375
30437,1.2890625,1.23046875,-0.283203125,-0.3515625
30438,1.298828125,1.15234375,-0.33203125,-0.341796875
30439,1.357421875,1.23046875,-0.419921875,-0.263671875
30440,1.201171875,1.181640625,-0.205078125,-0.41015625
30441,1.337890625,1.240234375,-0.205078125,-0.322265625
30442,1.34765625,1.044921875,-0.234375,-0.302734375
30443,1.25,1.2109375,-0.146484375,-0.29296875
30444,1.357421875,1.201171875,-0.234375,-0.361328125
30445,1.337890625,1.181640625,-0.439453125,-0.400390625
30446,1.416015625,1.25,-0.322265625,-0.3515625
30447,1.416015625,1.328125,-0.283203125,-0.380859375
30448,1.2890625,1.318359375,-0.21484375,-0.302734375
30449,1.376953125,1.298828125,-0.21484375,-0.390625
30450,1.279296875,1.298828125,-0.1953125,-0.361328125
30451,1.26953125,1.15234375,-0.322265625,-0.46875
30452,1.181640625,1.279296875,-0.2734375,-0.41015625
30453,1.11328125,1.181640625,-0.302734375,-0.3515625
30454,1.259765625,1.34765625,-0.439453125,-0.3515625
30455,1.337890625,1.142578125,-0.302734375,-0.390625
30456,1.396484375,1.142578125,-0.302734375,-0.361328125
30457,1.162109375,1.1328125,-0.33203125,-0.400390625
30458,1.40625,1.19140625,-0.205078125,-0.41015625
30459,1.19140625,1.1328125,-0.244140625,-0.33203125
30460,1.259765625,1.162109375,-0.361328125,-0.4296875
30461,1.25,1.15234375,-0.29296875,-0.419921875
30462,1.26953125,1.11328125,-0.234375,-0.44921875
30463,1.240234375,1.171875,-0.205078125,-0.322265625
30464,1.25,1.23046875,-0.283203125,-0.3515625
30465,1.11328125,1.25,-0.2734375,-0.400390625
30466,1.240234375,1.26953125,-0.263671875,-0.2734375
30467,1.279296875,1.2890625,-0.234375,-0.302734375
30468,1.30859375,1.298828125,-0.25390625,-0.29296875
30469,1.26953125,1.2109375,-0.283203125,-0.380859375
30470,1.26953125,1.201171875,-0.205078125,-0.4296875
30471,1.171875,1.25,-0.33203125,-0.361328125
30472,1.279296875,1.19140625,-0.2734375,-0.4296875
30473,1.26953125,1.171875,-0.2734375,-0.302734375
30474,1.11328125,1.2109375,-0.25390625,-0.3125
30475,1.220703125,0.99609375,-0.283203125,-0.37109375
30476,1.240234375,1.19140625,-0.2734375,-0.283203125
30477,1.240234375,1.15234375,-0.302734375,-0.390625
30478,1.30859375,1.103515625,-0.302734375,-0.400390625
30479,1.25,1.1328125,-0.205078125,-0.419921875
30480,1.23046875,1.171875,-0.205078125,-0.283203125
30481,1.23046875,1.181640625,-0.1171875,-0.361328125
30482,1.23046875,1.181640625,-0.166015625,-0.419921875
30483,1.328125,1.123046875,-0.29296875,-0.37109375
30484,1.25,1.162109375,-0.283203125,-0.380859375
30485,1.25,1.15234375,-0.17578125,-0.458984375
30486,1.318359375,1.171875,-0.302734375,-0.3515625
30487,1.240234375,1.201171875,-0.25390625,-0.361328125
30488,1.220703125,1.220703125,-0.2734375,-0.283203125
30489,1.123046875,1.162109375,-0.234375,-0.322265625
30490,0.986328125,1.142578125,-0.361328125,-0.439453125
30491,1.240234375,1.25,-0.17578125,-0.380859375
30492,1.171875,1.162109375,-0.29296875,-0.390625
30493,1.162109375,1.07421875,-0.21484375,-0.361328125
30494,1.1328125,1.171875,-0.322265625,-0.44921875
30495,1.11328125,1.181640625,-0.224609375,-0.224609375
30496,1.171875,1.181640625,-0.41015625,-0.390625
30497,1.23046875,1.15234375,-0.1953125,-0.302734375
30498,1.11328125,1.15234375,-0.205078125,-0.41015625
30499,1.162109375,1.11328125,-0.244140625,-0.380859375
30500,1.171875,1.181640625,-0.15625,-0.400390625
30501,1.09375,1.181640625,-0.322265625,-0.400390625
30502,1.171875,1.181640625,-0.234375,-0.361328125
30503,1.171875,1.181640625,-0.21484375,-0.29296875
30504,1.1328125,1.15234375,-0.17578125,-0.361328125
30505,1.1328125,1.201171875,-0.302734375,-0.390625
30506,1.19140625,1.0546875,-0.21484375,-0.390625
30507,1.123046875,1.083984375,-0.302734375,-0.29296875
30508,1.26953125,1.2109375,-0.13671875,-0.37109375
30509,1.2109375,1.181640625,-0.224609375,-0.33203125
30510,1.259765625,1.1328125,-0.224609375,-0.37109375
30511,1.123046875,1.201171875,-0.146484375,-0.33203125
30512,1.162109375,1.1328125,-0.2734375,-0.380859375
30513,1.181640625,1.123046875,-0.2734375,-0.37109375
30514,1.279296875,1.123046875,-0.234375,-0.37109375
30515,1.181640625,1.15234375,-0.224609375,-0.341796875
30516,1.15234375,1.09375,-0.146484375,-0.390625
30517,1.259765625,1.1328125,-0.224609375,-0.380859375
30518,1.298828125,1.181640625,-0.0390625,-0.37109375
30519,1.357421875,1.123046875,-0.2734375,-0.224609375
30520,1.26953125,1.0546875,-0.263671875,-0.3515625
30521,1.23046875,1.181640625,-0.3125,-0.46875
30522,1.318359375,1.09375,-0.1953125,-0.478515625
30523,1.220703125,1.1328125,-0.3125,-0.400390625
30524,1.259765625,1.07421875,-0.0390625,-0.361328125
30525,1.26953125,1.044921875,-0.25390625,-0.458984375
30526,1.318359375,0.9765625,-0.21484375,-0.302734375
30527,1.279296875,1.07421875,-0.17578125,-0.302734375
30528,1.220703125,1.025390625,-0.3125,-0.283203125
30529,1.142578125,1.03515625,-0.224609375,-0.302734375
30530,1.240234375,1.103515625,-0.361328125,-0.3515625
30531,1.279296875,1.015625,-0.29296875,-0.400390625
30532,1.23046875,1.025390625,-0.2734375,-0.361328125
30533,1.337890625,1.0546875,-0.263671875,-0.419921875
30534,1.298828125,0.966796875,-0.126953125,-0.29296875
30535,1.298828125,1.025390625,-0.234375,-0.3515625
30536,1.240234375,0.8984375,-0.322265625,-0.3515625
30537,1.259765625,1.025390625,-0.224609375,-0.283203125
30538,1.201171875,1.044921875,-0.185546875,-0.1953125
30539,1.26953125,1.015625,-0.283203125,-0.3125
30540,1.171875,1.044921875,-0.361328125,-0.361328125
30541,1.171875,1.0546875,-0.244140625,-0.458984375
30542,1.259765625,1.123046875,-0.283203125,-0.341796875
30543,1.26953125,1.015625,-0.224609375,-0.29296875
30544,1.298828125,1.0546875,-0.185546875,-0.390625
30545,1.259765625,1.015625,-0.1953125,-0.380859375
30546,1.220703125,1.005859375,-0.107421875,-0.361328125
30547,1.2890625,1.03515625,-0.322265625,-0.439453125
30548,1.240234375,0.966796875,-0.185546875,-0.29296875
30549,1.279296875,1.015625,-0.078125,-0.33203125
30550,1.337890625,0.966796875,-0.15625,-0.4296875
30551,1.240234375,1.103515625,-0.166015625,-0.33203125
30552,1.240234375,1.240234375,-0.33203125,-0.2734375
30553,1.40625,1.044921875,-0.21484375,-0.21484375
30554,1.26953125,1.09375,-0.224609375,-0.3515625
30555,1.259765625,1.015625,-0.078125,-0.33203125
30556,1.23046875,1.03515625,-0.15625,-0.244140625
30557,1.181640625,0.99609375,-0.126953125,-0.33203125
30558,1.220703125,1.09375,-0.244140625,-0.400390625
30559,1.1328125,0.9765625,-0.15625,-0.3515625
30560,1.298828125,0.791015625,-0.1953125,-0.3515625
30561,1.240234375,1.025390625,-0.185546875,-0.361328125
30562,1.1328125,0.986328125,-0.224609375,-0.263671875
30563,1.2890625,1.171875,-0.25390625,-0.322265625
30564,1.201171875,0.8984375,-0.302734375,-0.244140625
30565,1.123046875,1.03515625,-0.263671875,-0.400390625
30566,1.279296875,1.318359375,-0.17578125,-0.341796875
30567,1.220703125,0.947265625,-0.185546875,-0.322265625
30568,1.171875,1.025390625,-0.341796875,-0.2734375
30569,1.240234375,0.95703125,-0.302734375,-0.33203125
30570,1.201171875,0.986328125,-0.283203125,-0.3125
30571,1.25,0.9765625,-0.283203125,-0.478515625
30572,1.328125,0.927734375,-0.25390625,-0.390625
30573,1.171875,0.87890625,-0.107421875,-0.29296875
30574,1.2109375,0.927734375,-0.25390625,-0.341796875
30575,1.201171875,0.8984375,-0.21484375,-0.302734375
30576,1.171875,1.201171875,-0.146484375,-0.33203125
30577,1.15234375,1.103515625,-0.263671875,-0.48828125
30578,1.337890625,1.005859375,-0.224609375,-0.37109375
30579,1.171875,1.005859375,-0.2734375,-0.2734375
30580,1.25,1.005859375,-0.234375,-0.400390625
30581,1.025390625,0.8984375,-0.205078125,-0.166015625
30582,1.2109375,1.15234375,-0.29296875,-0.458984375
30583,1.142578125,0.95703125,-0.17578125,-0.4296875
30584,1.2109375,1.064453125,-0.21484375,-0.380859375
30585,1.19140625,0.888671875,-0.15625,-0.390625
30586,1.279296875,0.99609375,-0.224609375,-0.390625
30587,1.064453125,0.99609375,-0.263671875,-0.263671875
30588,1.25,0.966796875,-0.185546875,-0.3125
30589,1.15234375,1.025390625,-0.244140625,-0.21484375
30590,1.40625,0.927734375,-0.25390625,-0.302734375
30591,1.220703125,0.9765625,-0.244140625,-0.341796875
30592,1.19140625,0.9375,-0.283203125,-0.41015625
30593,1.279296875,0.95703125,-0.244140625,-0.1171875
30594,1.25,1.0546875,-0.244140625,-0.263671875
30595,1.171875,0.9765625,-0.234375,-0.41015625
30596,1.30859375,1.03515625,-0.185546875,-0.25390625
30597,1.171875,1.11328125,-0.244140625,-0.3125
30598,1.171875,1.025390625,-0.224609375,-0.33203125
30599,1.2109375,1.07421875,-0.21484375,-0.29296875
30600,1.162109375,1.03515625,-0.126953125,-0.302734375
30601,1.15234375,1.005859375,-0.185546875,-0.302734375
30602,1.328125,0.99609375,-0.13671875,-0.380859375
30603,1.2109375,0.927734375,-0.224609375,-0.29296875
30604,1.171875,1.025390625,-0.126953125,-0.46875
30605,1.240234375,1.0546875,-0.283203125,-0.3515625
30606,1.201171875,0.99609375,-0.2734375,-0.302734375
30607,1.142578125,0.986328125,-0.244140625,-0.322265625
30608,1.2890625,1.03515625,-0.283203125,-0.21484375
30609,1.25,0.95703125,-0.322265625,-0.3515625
30610,1.25,1.025390625,-0.25390625,-0.390625
30611,1.1328125,1.064453125,-0.25390625,-0.361328125
30612,1.240234375,1.07421875,-0.185546875,-0.341796875
30613,1.171875,1.07421875,-0.2734375,-0.41015625
30614,1.26953125,1.015625,-0.25390625,-0.361328125
30615,1.23046875,1.015625,-0.302734375,-0.263671875
30616,1.083984375,1.07421875,-0.390625,-0.3125
30617,1.0546875,1.044921875,-0.2734375,-0.498046875
30618,1.23046875,1.025390625,-0.2734375,-0.322265625
30619,1.23046875,0.95703125,-0.205078125,-0.322265625
30620,1.171875,1.044921875,-0.244140625,-0.205078125
30621,1.2109375,1.09375,-0.205078125,-0.234375
30622,1.15234375,1.064453125,-0.302734375,-0.322265625
30623,1.142578125,1.064453125,-0.185546875,-0.341796875
30624,1.171875,1.201171875,-0.234375,-0.29296875
30625,1.171875,1.09375,-0.3125,-0.185546875
30626,1.23046875,1.103515625,-0.21484375,-0.244140625
30627,1.25,1.03515625,-0.185546875,-0.322265625
30628,1.201171875,0.810546875,-0.234375,-0.33203125
30629,1.3671875,1.083984375,-0.224609375,-0.498046875
30630,1.103515625,1.162109375,-0.25390625,-0.341796875
30631,1.240234375,0.966796875,-0.205078125,-0.234375
30632,1.1328125,1.0546875,-0.15625,-0.224609375
30633,1.181640625,1.09375,-0.146484375,-0.33203125
30634,1.181640625,0.947265625,-0.185546875,-0.25390625
30635,1.34765625,1.09375,-0.126953125,-0.263671875
30636,1.201171875,1.064453125,-0.09765625,-0.25390625
30637,1.201171875,1.11328125,-0.1953125,-0.25390625
30638,1.103515625,1.0546875,-0.25390625,-0.17578125
30639,1.26953125,1.07421875,-0.1171875,-0.29296875
30640,1.25,1.1328125,-0.1953125,-0.29296875
30641,1.259765625,1.123046875,-0.224609375,-0.126953125
30642,1.103515625,1.142578125,-0.1953125,-0.244140625
30643,1.171875,0.927734375,-0.21484375,-0.3125
30644,1.2109375,1.083984375,-0.185546875,-0.224609375
30645,1.19140625,1.025390625,-0.107421875,-0.2734375
30646,1.201171875,1.025390625,-0.283203125,-0.224609375
30647,1.123046875,1.0546875,-0.21484375,-0.15625
30648,1.19140625,1.064453125,-0.21484375,-0.361328125
30649,1.220703125,1.09375,-0.068359375,-0.2734375
30650,1.171875,1.162109375,-0.166015625,-0.146484375
30651,1.162109375,1.09375,-0.185546875,-0.2734375
30652,1.15234375,1.142578125,-0.263671875,-0.3125
30653,1.3671875,1.015625,-0.078125,-0.05859375
30654,1.2109375,1.083984375,-0.244140625,-0.2734375
30655,1.240234375,0.83984375,-0.01953125,-0.234375
30656,1.298828125,1.0546875,-0.107421875,-0.25390625
30657,1.26953125,1.064453125,-0.1171875,-0.263671875
30658,1.259765625,0.986328125,-0.15625,-0.2734375
30659,1.201171875,1.025390625,-0.21484375,-0.25390625
30660,1.2109375,1.083984375,-0.205078125,-0.21484375
30661,1.298828125,1.123046875,-0.146484375,-0.25390625
30662,1.26953125,1.064453125,-0.283203125,-0.205078125
30663,1.26953125,1.064453125,-0.244140625,-0.2734375
30664,1.279296875,1.064453125,-0.126953125,-0.1953125
30665,1.26953125,0.9765625,-0.17578125,-0.29296875
30666,1.25,1.064453125,-0.234375,-0.09765625
30667,1.240234375,1.025390625,-0.322265625,-0.302734375
30668,1.2109375,0.99609375,-0.2734375,-0.302734375
30669,1.2109375,1.064453125,-0.205078125,-0.33203125
30670,1.201171875,1.005859375,-0.33203125,-0.263671875
30671,1.25,1.123046875,-0.29296875,-0.29296875
30672,1.259765625,1.015625,-0.25390625,-0.3515625
30673,1.19140625,0.947265625,-0.3515625,-0.263671875
30674,1.201171875,1.0546875,-0.3515625,-0.2734375
30675,1.201171875,1.0546875,-0.263671875,-0.17578125
30676,1.2890625,1.005859375,-0.37109375,-0.234375
30677,1.181640625,1.015625,-0.33203125,-0.2734375
30678,1.26953125,0.99609375,-0.3125,-0.1953125
30679,1.142578125,0.9375,-0.37109375,-0.13671875
30680,1.201171875,1.162109375,-0.341796875,-0.3125
30681,1.220703125,1.064453125,-0.3125,-0.1953125
30682,1.142578125,1.09375,-0.37109375,-0.234375
30683,1.240234375,1.279296875,-0.244140625,-0.107421875
30684,1.162109375,1.015625,-0.3125,-0.29296875
30685,1.103515625,0.927734375,-0.185546875,-0.146484375
30686,1.240234375,1.103515625,-0.29296875,-0.263671875
30687,1.38671875,1.07421875,-0.3125,-0.166015625
30688,1.240234375,0.830078125,-0.283203125,-0.21484375
30689,1.19140625,1.005859375,-0.205078125,-0.185546875
30690,1.181640625,1.0546875,-0.25390625,-0.244140625
30691,1.171875,0.927734375,-0.21484375,-0.205078125
30692,1.162109375,1.103515625,-0.244140625,-0.1953125
30693,1.26953125,1.083984375,-0.185546875,-0.166015625
30694,1.19140625,0.95703125,-0.380859375,-0.146484375
30695,1.220703125,1.09375,-0.29296875,-0.21484375
30696,1.25,1.09375,-0.234375,-0.458984375
30697,1.07421875,1.083984375,-0.244140625,-0.234375
30698,1.123046875,1.25,-0.1171875,-0.224609375
30699,1.337890625,1.03515625,-0.2734375,-0.21484375
30700,1.181640625,1.03515625,-0.21484375,-0.224609375
30701,1.15234375,1.015625,-0.166015625,-0.283203125
30702,1.19140625,1.064453125,-0.224609375,-0.244140625
30703,1.171875,1.044921875,-0.13671875,-0.13671875
30704,1.240234375,1.09375,-0.302734375,-0.185546875
30705,1.123046875,1.09375,-0.146484375,-0.224609375
30706,1.171875,1.15234375,-0.029296875,-0.244140625
30707,1.240234375,1.103515625,-0.322265625,-0.33203125
30708,1.171875,1.123046875,-0.13671875,-0.41015625
30709,1.19140625,1.044921875,-0.263671875,-0.3515625
30710,1.201171875,1.25,-0.15625,-0.2734375
30711,1.279296875,1.09375,-0.2734375,-0.263671875
30712,1.181640625,1.15234375,-0.244140625,-0.33203125
30713,1.171875,0.99609375,-0.2734375,-0.25390625
30714,1.2109375,1.09375,-0.13671875,-0.166015625
30715,1.171875,1.083984375,-0.1953125,-0.283203125
30716,1.15234375,1.1328125,-0.234375,-0.234375
30717,1.15234375,1.083984375,-0.205078125,-0.33203125
30718,1.064453125,1.103515625,-0.25390625,-0.341796875
30719,1.103515625,1.0546875,-0.244140625,-0.25390625
30720,1.162109375,1.03515625,-0.087890625,-0.29296875
30721,1.15234375,1.11328125,-0.205078125,-0.166015625
30722,1.171875,1.11328125,-0.17578125,-0.25390625
30723,1.162109375,1.11328125,-0.21484375,-0.224609375
30724,1.103515625,1.19140625,-0.244140625,-0.361328125
30725,1.2109375,1.162109375,-0.166015625,-0.283203125
30726,1.220703125,1.103515625,-0.09765625,-0.087890625
30727,1.181640625,1.171875,-0.244140625,-0.25390625
30728,1.220703125,1.09375,-0.234375,-0.17578125
30729,1.123046875,1.103515625,-0.302734375,-0.166015625
30730,1.064453125,1.123046875,-0.25390625,-0.361328125
30731,1.11328125,0.9765625,-0.3515625,-0.302734375
30732,1.181640625,1.103515625,-0.263671875,-0.3515625
30733,1.11328125,1.142578125,-0.29296875,-0.322265625
30734,1.11328125,1.11328125,-0.3125,-0.29296875
30735,1.162109375,1.171875,-0.29296875,-0.17578125
30736,1.171875,1.162109375,-0.234375,-0.2734375
30737,1.240234375,1.171875,-0.244140625,-0.283203125
30738,1.201171875,1.123046875,-0.25390625,-0.185546875
30739,1.171875,1.220703125,-0.263671875,-0.185546875
30740,1.26953125,1.2109375,-0.244140625,-0.2734375
30741,1.220703125,1.26953125,-0.25390625,-0.244140625
30742,1.240234375,1.171875,-0.302734375,-0.361328125
30743,1.318359375,1.376953125,-0.2734375,-0.302734375
30744,1.171875,1.2109375,-0.15625,-0.302734375
30745,1.03515625,1.15234375,-0.263671875,-0.3125
30746,1.142578125,1.220703125,-0.2734375,-0.283203125
30747,1.19140625,0.986328125,-0.05859375,-0.263671875
30748,1.337890625,1.15234375,-0.126953125,-0.13671875
30749,1.2109375,1.064453125,-0.380859375,-0.25390625
30750,1.181640625,1.0546875,-0.1953125,-0.3125
30751,1.064453125,1.103515625,-0.25390625,-0.224609375
30752,1.123046875,1.083984375,-0.087890625,-0.263671875
30753,1.23046875,1.162109375,-0.166015625,-0.244140625
30754,1.2109375,1.1328125,-0.1953125,-0.078125
30755,1.25,1.240234375,-0.17578125,-0.2734375
30756,1.26953125,0.95703125,-0.13671875,-0.29296875
30757,1.30859375,1.15234375,-0.17578125,-0.439453125
30758,1.23046875,1.1328125,-0.17578125,-0.25390625
30759,1.19140625,1.171875,-0.2734375,-0.380859375
30760,1.171875,1.162109375,-0.3125,-0.048828125
30761,1.23046875,1.0546875,-0.21484375,-0.341796875
30762,1.201171875,1.26953125,-0.224609375,-0.419921875
30763,1.259765625,1.123046875,-0.146484375,-0.322265625
30764,1.30859375,1.123046875,-0.1953125,-0.29296875
30765,1.220703125,1.025390625,-0.13671875,-0.05859375
30766,1.19140625,1.15234375,-0.244140625,-0.244140625
30767,1.11328125,1.171875,-0.283203125,-0.283203125
30768,1.15234375,1.162109375,-0.166015625,-0.29296875
30769,1.181640625,1.123046875,-0.263671875,-0.3515625
30770,1.123046875,1.083984375,-0.234375,-0.244140625
30771,1.162109375,1.142578125,-0.3125,-0.322265625
30772,1.09375,1.1328125,-0.234375,-0.21484375
30773,1.0546875,1.23046875,-0.2734375,-0.244140625
30774,1.181640625,1.201171875,-0.302734375,-0.33203125
30775,1.09375,1.318359375,-0.283203125,-0.2734375
30776,1.162109375,1.201171875,-0.244140625,-0.283203125
30777,1.220703125,1.15234375,-0.15625,-0.21484375
30778,1.1328125,1.171875,-0.078125,-0.263671875
30779,1.162109375,1.15234375,-0.302734375,-0.185546875
30780,1.142578125,1.201171875,-0.21484375,-0.3515625
30781,1.162109375,1.162109375,-0.205078125,-0.390625
30782,1.34765625,1.25,-0.1953125,-0.302734375
30783,1.259765625,1.025390625,-0.21484375,-0.2734375
30784,1.23046875,1.23046875,-0.185546875,-0.341796875
30785,1.181640625,1.15234375,-0.244140625,-0.419921875
30786,1.26953125,1.2109375,-0.205078125,-0.224609375
30787,1.279296875,1.26953125,-0.29296875,-0.25390625
30788,1.11328125,1.201171875,-0.283203125,-0.390625
30789,1.25,1.103515625,-0.224609375,-0.322265625
30790,1.240234375,1.1328125,-0.29296875,-0.361328125
30791,1.26953125,1.15234375,-0.283203125,-0.37109375
30792,1.2109375,1.181640625,-0.33203125,-0.322265625
30793,1.15234375,1.11328125,-0.361328125,-0.224609375
30794,1.2890625,1.15234375,-0.234375,-0.185546875
30795,1.19140625,1.103515625,-0.21484375,-0.361328125
30796,1.25,1.23046875,-0.361328125,-0.400390625
30797,1.19140625,1.171875,-0.29296875,-0.419921875
30798,1.162109375,1.171875,-0.322265625,-0.302734375
30799,1.181640625,0.908203125,-0.3515625,-0.302734375
30800,1.220703125,1.181640625,-0.25390625,-0.263671875
30801,1.201171875,1.30859375,-0.185546875,-0.283203125
30802,1.142578125,1.25,-0.37109375,-0.3125
30803,1.142578125,1.11328125,-0.283203125,-0.33203125
30804,1.162109375,1.26953125,-0.263671875,-0.33203125
30805,1.220703125,1.123046875,-0.3125,-0.2734375
30806,1.201171875,1.162109375,-0.322265625,-0.322265625
30807,1.142578125,1.2109375,-0.33203125,-0.302734375
30808,1.19140625,1.201171875,-0.3125,-0.41015625
30809,1.2109375,1.162109375,-0.361328125,-0.21484375
30810,1.240234375,0.9765625,-0.33203125,-0.2734375
30811,1.220703125,1.083984375,-0.21484375,-0.322265625
30812,1.11328125,1.1328125,-0.3125,-0.29296875
30813,1.220703125,1.171875,-0.3125,-0.33203125
30814,1.142578125,1.162109375,-0.380859375,-0.322265625
30815,1.171875,1.162109375,-0.25390625,-0.263671875
30816,1.23046875,1.1328125,-0.234375,-0.29296875
30817,1.201171875,1.025390625,-0.3125,-0.29296875
30818,1.30859375,1.171875,-0.283203125,-0.234375
30819,1.11328125,1.162109375,-0.244140625,-0.15625
30820,1.259765625,1.19140625,-0.205078125,-0.283203125
30821,1.19140625,1.1328125,-0.29296875,-0.439453125
30822,1.220703125,1.103515625,-0.224609375,-0.37109375
30823,1.26953125,1.142578125,-0.263671875,-0.3125
30824,1.34765625,1.15234375,-0.244140625,-0.234375
30825,1.23046875,1.1328125,-0.166015625,-0.3125
30826,1.2890625,1.19140625,-0.2734375,-0.302734375
30827,1.26953125,1.171875,-0.25390625,-0.166015625
30828,1.162109375,1.123046875,-0.322265625,-0.283203125
30829,1.298828125,1.201171875,-0.205078125,-0.25390625
30830,1.30859375,1.25,-0.2734375,-0.302734375
30831,1.42578125,1.162109375,-0.25390625,-0.146484375
30832,1.279296875,1.162109375,-0.322265625,-0.322265625
30833,1.279296875,1.25,-0.2734375,-0.3515625
30834,1.26953125,1.25,-0.302734375,-0.234375
30835,1.25,1.26953125,-0.33203125,-0.322265625
30836,1.26953125,1.181640625,-0.29296875,-0.29296875
30837,1.318359375,1.11328125,-0.3125,-0.224609375
30838,1.30859375,1.279296875,-0.087890625,-0.341796875
30839,1.328125,1.220703125,-0.263671875,-0.244140625
30840,1.328125,1.240234375,-0.29296875,-0.166015625
30841,1.298828125,1.220703125,-0.185546875,-0.25390625
30842,1.2890625,1.201171875,-0.263671875,-0.390625
30843,1.2890625,1.220703125,-0.185546875,-0.390625
30844,1.259765625,1.298828125,-0.1953125,-0.33203125
30845,1.26953125,1.2109375,-0.126953125,-0.390625
30846,1.328125,1.240234375,-0.224609375,-0.263671875
30847,1.30859375,1.19140625,-0.341796875,-0.29296875
30848,1.181640625,1.279296875,-0.205078125,-0.3515625
30849,1.279296875,1.2890625,-0.25390625,-0.341796875
30850,1.23046875,1.26953125,-0.146484375,-0.390625
30851,1.279296875,1.220703125,-0.25390625,-0.341796875
30852,1.25,1.259765625,-0.234375,-0.390625
30853,1.201171875,1.38671875,-0.205078125,-0.25390625
30854,1.376953125,1.42578125,-0.21484375,-0.44921875
30855,1.259765625,1.26953125,-0.234375,-0.341796875
30856,1.328125,1.396484375,-0.1953125,-0.400390625
30857,1.240234375,1.259765625,-0.185546875,-0.37109375
30858,1.26953125,1.2109375,-0.341796875,-0.390625
30859,1.328125,1.181640625,-0.234375,-0.361328125
30860,1.26953125,1.015625,-0.263671875,-0.380859375
30861,1.23046875,1.26953125,-0.3125,-0.33203125
30862,1.318359375,1.240234375,-0.3515625,-0.380859375
30863,1.328125,1.19140625,-0.322265625,-0.341796875
30864,1.416015625,1.201171875,-0.322265625,-0.302734375
30865,1.318359375,1.30859375,-0.302734375,-0.380859375
30866,1.30859375,1.259765625,-0.107421875,-0.3125
30867,1.279296875,1.240234375,-0.25390625,-0.33203125
30868,1.2890625,1.34765625,-0.15625,-0.37109375
30869,1.2890625,1.19140625,-0.33203125,-0.33203125
30870,1.2109375,1.171875,-0.244140625,-0.60546875
30871,1.40625,1.181640625,-0.341796875,-0.37109375
30872,1.337890625,1.279296875,-0.146484375,-0.390625
30873,1.40625,1.1328125,-0.2734375,-0.48828125
30874,1.40625,1.142578125,-0.2734375,-0.380859375
30875,1.34765625,1.171875,-0.3125,-0.3515625
30876,1.34765625,1.240234375,-0.2734375,-0.4296875
30877,1.298828125,1.26953125,-0.283203125,-0.380859375
30878,1.11328125,1.162109375,-0.2734375,-0.400390625
30879,1.318359375,1.201171875,-0.302734375,-0.439453125
30880,1.318359375,1.171875,-0.25390625,-0.419921875
30881,1.2890625,1.1328125,-0.322265625,-0.458984375
30882,1.259765625,1.181640625,-0.341796875,-0.5078125
30883,1.181640625,1.1328125,-0.244140625,-0.185546875
30884,1.240234375,1.259765625,-0.224609375,-0.380859375
30885,1.1328125,1.201171875,-0.15625,-0.185546875
30886,1.30859375,1.171875,-0.302734375,-0.322265625
30887,1.240234375,1.19140625,-0.21484375,-0.4296875
30888,1.2109375,1.201171875,-0.3125,-0.29296875
30889,1.298828125,1.171875,-0.29296875,-0.390625
30890,1.2109375,1.2890625,-0.3125,-0.302734375
30891,1.2109375,1.220703125,-0.15625,-0.46875
30892,1.162109375,1.220703125,-0.25390625,-0.439453125
30893,1.2890625,1.357421875,-0.1953125,-0.46875
30894,1.26953125,1.201171875,-0.29296875,-0.400390625
30895,1.2890625,1.220703125,-0.224609375,-0.3515625
30896,1.259765625,1.142578125,-0.3515625,-0.25390625
30897,1.25,1.240234375,-0.244140625,-0.46875
30898,1.2109375,1.19140625,-0.2734375,-0.46875
30899,1.220703125,1.064453125,-0.146484375,-0.37109375
30900,1.171875,1.142578125,-0.25390625,-0.341796875
30901,1.318359375,1.2109375,-0.302734375,-0.33203125
30902,1.220703125,1.201171875,-0.361328125,-0.37109375
30903,1.259765625,1.162109375,-0.322265625,-0.341796875
30904,1.103515625,1.19140625,-0.224609375,-0.224609375
30905,1.259765625,1.201171875,-0.283203125,-0.419921875
30906,1.25,1.181640625,-0.41015625,-0.302734375
30907,1.181640625,1.103515625,-0.3125,-0.3125
30908,1.201171875,1.171875,-0.3125,-0.41015625
30909,1.240234375,1.3671875,-0.21484375,-0.439453125
30910,1.23046875,1.083984375,-0.234375,-0.517578125
30911,1.23046875,1.171875,-0.380859375,-0.4296875
30912,1.19140625,1.240234375,-0.244140625,-0.390625
30913,1.279296875,1.162109375,-0.234375,-0.37109375
30914,1.26953125,1.2109375,-0.244140625,-0.361328125
30915,1.279296875,1.19140625,-0.185546875,-0.390625
30916,1.46484375,1.1328125,-0.3515625,-0.205078125
30917,1.298828125,1.181640625,-0.21484375,-0.400390625
30918,1.240234375,0.966796875,-0.3515625,-0.2734375
30919,1.25,1.162109375,-0.302734375,-0.380859375
30920,1.15234375,1.083984375,-0.263671875,-0.33203125
30921,1.171875,1.1328125,-0.25390625,-0.37109375
30922,1.318359375,1.15234375,-0.3125,-0.3515625
30923,1.220703125,0.9765625,-0.283203125,-0.3515625
30924,1.11328125,1.15234375,-0.17578125,-0.400390625
30925,1.15234375,1.171875,-0.205078125,-0.439453125
30926,1.1328125,0.849609375,-0.29296875,-0.390625
30927,1.25,1.083984375,-0.205078125,-0.361328125
30928,1.220703125,1.11328125,-0.21484375,-0.3125
30929,1.0546875,1.259765625,-0.234375,-0.41015625
30930,1.201171875,1.083984375,-0.1953125,-0.37109375
30931,1.201171875,1.162109375,-0.146484375,-0.341796875
30932,1.23046875,1.220703125,-0.126953125,-0.439453125
30933,1.142578125,1.103515625,-0.185546875,-0.439453125
30934,1.25,1.142578125,-0.21484375,-0.556640625
30935,1.1328125,1.279296875,-0.146484375,-0.361328125
30936,1.142578125,1.171875,-0.15625,-0.361328125
30937,1.2890625,1.142578125,-0.17578125,-0.654296875
30938,1.220703125,1.162109375,-0.322265625,-0.56640625
30939,1.171875,1.201171875,-0.302734375,-0.390625
30940,1.30859375,1.142578125,-0.244140625,-0.37109375
30941,1.2109375,1.09375,-0.205078125,-0.4296875
30942,1.171875,1.07421875,-0.1953125,-0.3515625
30943,1.25,1.0546875,-0.263671875,-0.302734375
30944,1.26953125,1.142578125,-0.322265625,-0.146484375
30945,1.2890625,1.171875,-0.17578125,-0.478515625
30946,1.220703125,1.0546875,-0.361328125,-0.400390625
30947,1.259765625,1.0546875,-0.283203125,-0.244140625
30948,1.26953125,0.99609375,-0.1953125,-0.3515625
30949,1.259765625,1.0546875,-0.302734375,-0.41015625
30950,1.201171875,1.123046875,-0.341796875,-0.4296875
30951,1.2109375,1.005859375,-0.234375,-0.400390625
30952,1.201171875,1.064453125,-0.205078125,-0.44921875
30953,1.240234375,1.03515625,-0.29296875,-0.25390625
30954,1.162109375,1.279296875,-0.234375,-0.33203125
30955,1.19140625,1.083984375,-0.21484375,-0.21484375
30956,1.25,1.171875,-0.29296875,-0.390625
30957,1.23046875,1.07421875,-0.244140625,-0.390625
30958,1.357421875,1.162109375,-0.283203125,-0.361328125
30959,1.201171875,1.015625,-0.234375,-0.25390625
30960,1.220703125,0.99609375,-0.390625,-0.400390625
30961,1.201171875,1.083984375,-0.17578125,-0.439453125
30962,1.25,1.09375,-0.283203125,-0.439453125
30963,1.279296875,1.103515625,-0.234375,-0.380859375
30964,1.25,1.15234375,-0.244140625,-0.322265625
30965,1.220703125,1.064453125,-0.29296875,-0.3515625
30966,1.162109375,1.103515625,-0.37109375,-0.41015625
30967,1.201171875,1.044921875,-0.1953125,-0.283203125
30968,1.171875,1.11328125,-0.17578125,-0.283203125
30969,1.201171875,1.07421875,-0.2734375,-0.283203125
30970,1.240234375,0.95703125,-0.205078125,-0.380859375
30971,1.23046875,1.103515625,-0.244140625,-0.126953125
30972,1.2890625,0.99609375,-0.283203125,-0.341796875
30973,1.25,1.015625,-0.244140625,-0.46875
30974,1.259765625,1.005859375,-0.25390625,-0.322265625
30975,1.181640625,0.986328125,-0.244140625,-0.3515625
30976,1.2109375,1.044921875,-0.25390625,-0.361328125
30977,1.201171875,1.015625,-0.166015625,-0.341796875
30978,1.259765625,1.005859375,-0.1953125,-0.390625
30979,1.171875,0.9765625,-0.302734375,-0.263671875
30980,1.318359375,0.9765625,-0.302734375,-0.302734375
30981,1.1328125,1.103515625,-0.17578125,-0.302734375
30982,1.181640625,0.986328125,-0.1171875,-0.400390625
30983,1.25,1.005859375,-0.13671875,-0.390625
30984,1.240234375,0.986328125,-0.166015625,-0.205078125
30985,1.220703125,0.947265625,-0.09765625,-0.244140625
30986,1.2109375,1.064453125,-0.17578125,-0.205078125
30987,1.259765625,1.03515625,-0.146484375,-0.322265625
30988,1.2109375,0.966796875,-0.263671875,-0.3515625
30989,1.1328125,0.966796875,-0.205078125,-0.302734375
30990,1.30859375,1.11328125,-0.234375,-0.322265625
30991,1.2109375,0.8984375,-0.25390625,-0.302734375
30992,1.11328125,1.044921875,-0.185546875,-0.302734375
30993,1.19140625,0.95703125,-0.234375,-0.302734375
30994,1.23046875,0.888671875,-0.244140625,-0.380859375
30995,1.103515625,0.95703125,-0.2734375,-0.3515625
30996,1.19140625,0.99609375,-0.234375,-0.302734375
30997,1.2109375,1.015625,-0.283203125,-0.341796875
30998,1.201171875,0.99609375,-0.185546875,-0.46875
30999,1.357421875,0.95703125,-0.302734375,-0.3125
31000,1.220703125,0.966796875,-0.341796875,-0.37109375
31001,1.23046875,0.986328125,-0.2734375,-0.25390625
31002,1.064453125,0.986328125,-0.234375,-0.380859375
31003,1.19140625,0.888671875,-0.341796875,-0.390625
31004,1.09375,1.025390625,-0.29296875,-0.283203125
31005,1.123046875,0.888671875,-0.234375,-0.37109375
31006,1.142578125,1.025390625,-0.29296875,-0.341796875
31007,1.015625,0.9765625,-0.322265625,-0.3515625
31008,1.23046875,0.99609375,-0.166015625,-0.3125
31009,1.171875,0.95703125,-0.2734375,-0.29296875
31010,1.142578125,1.005859375,-0.263671875,-0.166015625
31011,1.171875,0.966796875,-0.29296875,-0.419921875
31012,1.162109375,0.9375,-0.1171875,-0.33203125
31013,1.19140625,1.0546875,-0.087890625,-0.29296875
31014,1.123046875,0.9375,-0.234375,-0.37109375
31015,1.11328125,1.0546875,-0.185546875,-0.3125
31016,1.103515625,0.986328125,-0.224609375,-0.302734375
31017,1.09375,0.9765625,-0.25390625,-0.25390625
31018,1.11328125,1.07421875,-0.25390625,-0.341796875
31019,1.25,0.99609375,-0.283203125,-0.400390625
31020,1.15234375,0.9765625,-0.322265625,-0.3515625
31021,1.19140625,1.03515625,-0.126953125,-0.302734375
31022,1.240234375,0.99609375,-0.17578125,-0.44921875
31023,1.259765625,0.9765625,-0.224609375,-0.60546875
31024,1.25,0.966796875,-0.146484375,-0.419921875
31025,1.25,0.869140625,-0.1953125,-0.48828125
31026,1.220703125,1.005859375,-0.2734375,-0.44921875
31027,1.2890625,1.025390625,-0.166015625,-0.390625
31028,1.162109375,1.025390625,-0.224609375,-0.390625
31029,1.19140625,0.9375,-0.15625,-0.29296875
31030,1.259765625,1.03515625,-0.185546875,-0.41015625
31031,1.11328125,1.015625,-0.2734375,-0.3515625
31032,1.123046875,1.0546875,-0.234375,-0.46875
31033,1.2109375,1.064453125,-0.25390625,-0.3515625
31034,1.162109375,0.869140625,-0.09765625,-0.41015625
31035,1.025390625,0.9765625,-0.17578125,-0.341796875
31036,1.0546875,0.9375,-0.1171875,-0.390625
31037,1.1328125,0.95703125,-0.302734375,-0.361328125
31038,1.2109375,0.966796875,-0.283203125,-0.146484375
31039,1.09375,1.025390625,-0.21484375,-0.29296875
31040,1.201171875,0.908203125,0,-0.244140625
31041,1.171875,1.025390625,-0.29296875,-0.29296875
31042,1.09375,1.025390625,-0.21484375,-0.302734375
31043,1.162109375,1.03515625,-0.13671875,-0.33203125
31044,1.2890625,1.123046875,-0.244140625,-0.390625
31045,1.279296875,1.171875,-0.13671875,-0.283203125
31046,1.2109375,1.005859375,-0.146484375,-0.2734375
31047,1.19140625,1.015625,-0.21484375,-0.322265625
31048,1.220703125,1.083984375,-0.322265625,-0.302734375
31049,1.181640625,1.09375,-0.224609375,-0.341796875
31050,1.1328125,1.0546875,-0.224609375,-0.166015625
31051,1.171875,0.99609375,-0.224609375,-0.322265625
31052,1.181640625,1.015625,-0.2734375,-0.283203125
31053,1.15234375,1.044921875,-0.244140625,-0.380859375
31054,1.259765625,1.07421875,-0.37109375,-0.322265625
31055,1.2109375,1.0546875,-0.1953125,-0.224609375
31056,1.11328125,0.95703125,-0.205078125,-0.390625
31057,1.25,0.99609375,-0.244140625,-0.1953125
31058,1.240234375,1.044921875,-0.244140625,-0.33203125
31059,1.220703125,0.9765625,-0.224609375,-0.37109375
31060,1.25,1.015625,-0.25390625,-0.29296875
31061,1.26953125,1.0546875,-0.166015625,-0.302734375
31062,1.181640625,1.025390625,-0.21484375,-0.322265625
31063,1.2890625,1.015625,-0.1953125,-0.341796875
31064,1.2109375,0.986328125,-0.361328125,-0.283203125
31065,1.23046875,1.005859375,-0.166015625,-0.478515625
31066,1.181640625,1.015625,-0.146484375,-0.263671875
31067,1.26953125,1.09375,-0.2734375,-0.302734375
31068,1.2109375,1.044921875,-0.185546875,-0.322265625
31069,1.298828125,1.103515625,-0.33203125,-0.322265625
31070,1.240234375,1.064453125,-0.29296875,-0.263671875
31071,1.259765625,1.103515625,-0.234375,-0.185546875
31072,1.201171875,1.044921875,-0.1171875,-0.244140625
31073,1.142578125,1.142578125,-0.224609375,-0.3125
31074,1.103515625,1.09375,-0.263671875,-0.41015625
31075,1.11328125,1.07421875,-0.3125,-0.361328125
31076,1.15234375,0.986328125,-0.13671875,-0.302734375
31077,1.11328125,1.005859375,-0.166015625,-0.25390625
31078,1.181640625,1.083984375,-0.244140625,-0.1953125
31079,1.123046875,1.083984375,-0.302734375,-0.244140625
31080,1.11328125,1.044921875,-0.234375,-0.263671875
31081,1.03515625,0.99609375,-0.25390625,-0.244140625
31082,1.1328125,1.015625,-0.2734375,-0.224609375
31083,1.2109375,1.005859375,-0.361328125,-0.234375
31084,1.162109375,1.064453125,-0.21484375,-0.224609375
31085,1.11328125,1.103515625,-0.244140625,-0.21484375
31086,1.220703125,1.03515625,-0.234375,-0.1953125
31087,1.15234375,1.09375,-0.205078125,-0.205078125
31088,1.1328125,1.064453125,-0.1953125,-0.244140625
31089,1.279296875,1.0546875,-0.234375,-0.33203125
31090,1.19140625,1.07421875,-0.068359375,-0.1953125
31091,1.201171875,0.986328125,-0.205078125,-0.25390625
31092,1.171875,1.015625,-0.244140625,-0.2734375
31093,1.142578125,1.005859375,-0.29296875,0.048828125
31094,1.26953125,0.966796875,-0.322265625,-0.341796875
31095,1.201171875,1.181640625,-0.244140625,-0.33203125
31096,1.318359375,1.005859375,-0.21484375,-0.205078125
31097,1.181640625,1.0546875,-0.29296875,-0.283203125
31098,1.2109375,1.064453125,-0.380859375,-0.341796875
31099,1.25,1.07421875,-0.263671875,-0.1953125
31100,1.162109375,1.03515625,-0.15625,-0.244140625
31101,1.2109375,1.11328125,-0.3125,-0.21484375
31102,1.064453125,1.083984375,-0.302734375,-0.224609375
31103,1.25,1.103515625,-0.263671875,-0.283203125
31104,1.23046875,1.083984375,-0.390625,-0.283203125
31105,1.318359375,1.0546875,-0.2734375,-0.263671875
31106,1.259765625,0.859375,-0.21484375,-0.322265625
31107,1.19140625,0.927734375,-0.234375,-0.283203125
31108,1.240234375,1.044921875,-0.302734375,-0.361328125
31109,1.015625,1.181640625,-0.283203125,-0.283203125
31110,1.171875,1.23046875,-0.322265625,-0.224609375
31111,1.15234375,1.103515625,-0.21484375,-0.21484375
31112,1.03515625,1.07421875,-0.3125,-0.244140625
31113,1.201171875,1.123046875,-0.44921875,-0.263671875
31114,1.09375,1.015625,-0.2734375,-0.25390625
31115,1.181640625,0.99609375,-0.3125,-0.224609375
31116,1.171875,1.015625,-0.263671875,-0.341796875
31117,1.07421875,1.044921875,-0.263671875,-0.126953125
31118,1.09375,1.03515625,-0.1953125,-0.244140625
31119,1.220703125,1.015625,-0.283203125,-0.224609375
31120,1.30859375,1.03515625,-0.29296875,-0.224609375
31121,1.25,1.015625,-0.244140625,-0.15625
31122,1.171875,1.123046875,-0.283203125,-0.15625
31123,1.2890625,1.064453125,-0.185546875,-0.234375
31124,1.044921875,0.99609375,-0.234375,-0.263671875
31125,1.162109375,1.15234375,-0.17578125,-0.185546875
31126,1.1328125,1.064453125,-0.146484375,-0.185546875
31127,1.25,0.9765625,-0.126953125,-0.244140625
31128,1.123046875,1.11328125,-0.087890625,-0.205078125
31129,1.23046875,1.064453125,-0.234375,-0.2734375
31130,1.15234375,1.044921875,-0.25390625,-0.302734375
31131,1.162109375,1.0546875,-0.283203125,-0.205078125
31132,1.1328125,1.09375,-0.283203125,-0.078125
31133,1.162109375,1.03515625,-0.224609375,-0.3125
31134,1.103515625,1.044921875,-0.361328125,-0.185546875
31135,1.2109375,1.142578125,-0.244140625,-0.302734375
31136,1.09375,1.103515625,-0.263671875,-0.29296875
31137,1.103515625,1.005859375,-0.087890625,-0.2734375
31138,1.103515625,1.171875,-0.234375,-0.2734375
31139,1.1328125,1.083984375,-0.322265625,-0.166015625
31140,1.15234375,1.0546875,-0.205078125,-0.21484375
31141,1.103515625,1.1328125,-0.13671875,-0.2734375
31142,1.123046875,1.064453125,-0.234375,-0.15625
31143,1.171875,1.328125,-0.29296875,-0.224609375
31144,1.142578125,1.123046875,-0.3125,-0.322265625
31145,1.142578125,1.11328125,-0.1953125,-0.25390625
31146,1.23046875,1.064453125,-0.1953125,-0.283203125
31147,1.15234375,1.142578125,-0.1171875,-0.283203125
31148,1.07421875,1.03515625,-0.205078125,-0.283203125
31149,1.123046875,1.11328125,-0.21484375,-0.234375
31150,1.162109375,1.38671875,-0.166015625,-0.234375
31151,1.171875,1.15234375,-0.185546875,-0.205078125
31152,1.083984375,1.396484375,-0.13671875,-0.263671875
31153,1.162109375,1.15234375,-0.13671875,-0.3125
31154,1.123046875,1.171875,-0.234375,-0.21484375
31155,1.15234375,1.171875,-0.21484375,-0.302734375
31156,1.181640625,1.376953125,-0.1953125,-0.244140625
31157,1.240234375,1.201171875,-0.17578125,-0.48828125
31158,1.318359375,1.083984375,-0.283203125,-0.224609375
31159,1.279296875,1.240234375,-0.1953125,-0.205078125
31160,1.2890625,1.162109375,-0.1953125,-0.234375
31161,1.240234375,1.11328125,-0.185546875,-0.21484375
31162,1.259765625,1.25,-0.126953125,-0.302734375
31163,1.25,1.15234375,-0.3125,-0.29296875
31164,1.220703125,1.083984375,-0.25390625,-0.2734375
31165,1.240234375,1.15234375,-0.341796875,-0.17578125
31166,1.220703125,1.142578125,-0.25390625,-0.322265625
31167,1.162109375,1.181640625,-0.302734375,-0.283203125
31168,1.2109375,1.123046875,-0.322265625,-0.234375
31169,1.220703125,1.15234375,-0.2734375,-0.234375
31170,1.07421875,0.966796875,-0.224609375,-0.263671875
31171,1.25,1.220703125,-0.205078125,-0.21484375
31172,1.123046875,1.181640625,-0.15625,-0.107421875
31173,1.171875,1.103515625,-0.21484375,-0.234375
31174,1.2109375,1.11328125,-0.33203125,-0.2734375
31175,1.23046875,1.162109375,-0.234375,-0.361328125
31176,1.09375,1.220703125,-0.166015625,-0.439453125
31177,1.181640625,1.15234375,-0.302734375,-0.361328125
31178,1.23046875,1.142578125,-0.224609375,-0.3125
31179,1.19140625,1.279296875,-0.205078125,-0.302734375
31180,1.171875,1.064453125,-0.1953125,-0.400390625
31181,1.15234375,1.123046875,-0.21484375,-0.244140625
31182,1.19140625,1.044921875,-0.224609375,-0.2734375
31183,1.259765625,0.95703125,-0.1171875,-0.2734375
31184,1.2109375,1.064453125,-0.224609375,-0.09765625
31185,1.26953125,1.123046875,-0.15625,-0.390625
31186,1.240234375,1.09375,-0.244140625,-0.341796875
31187,1.19140625,1.1328125,-0.1953125,-0.126953125
31188,1.03515625,1.103515625,-0.29296875,-0.107421875
31189,1.240234375,1.11328125,-0.25390625,-0.283203125
31190,1.25,1.142578125,-0.166015625,-0.3125
31191,1.25,1.181640625,-0.15625,-0.263671875
31192,1.201171875,1.142578125,-0.21484375,-0.244140625
31193,1.201171875,1.123046875,-0.283203125,-0.244140625
31194,1.30859375,1.142578125,-0.17578125,-0.361328125
31195,1.240234375,1.162109375,-0.21484375,-0.2734375
31196,1.181640625,1.162109375,-0.126953125,-0.3125
31197,1.201171875,1.09375,-0.15625,-0.205078125
31198,1.19140625,1.38671875,-0.15625,-0.2734375
31199,1.142578125,1.15234375,-0.234375,-0.2734375
31200,1.171875,1.2109375,-0.244140625,-0.3125
31201,1.220703125,1.171875,-0.234375,-0.263671875
31202,1.1328125,1.15234375,-0.302734375,-0.400390625
31203,1.1328125,1.201171875,-0.205078125,-0.283203125
31204,1.1328125,1.25,-0.29296875,-0.25390625
31205,1.162109375,1.181640625,-0.126953125,-0.25390625
31206,1.15234375,1.171875,-0.244140625,-0.1953125
31207,1.201171875,1.220703125,-0.263671875,-0.2734375
31208,1.1328125,1.181640625,-0.3515625,-0.29296875
31209,1.240234375,1.1328125,-0.2734375,-0.302734375
31210,1.171875,1.201171875,-0.234375,-0.29296875
31211,1.171875,1.240234375,-0.244140625,-0.1953125
31212,1.201171875,1.162109375,-0.205078125,-0.37109375
31213,1.220703125,1.123046875,-0.29296875,-0.244140625
31214,1.201171875,1.142578125,-0.126953125,-0.263671875
31215,1.30859375,1.1328125,-0.2734375,-0.390625
31216,1.064453125,1.259765625,-0.244140625,-0.21484375
31217,1.23046875,1.298828125,-0.25390625,-0.25390625
31218,1.181640625,1.162109375,-0.15625,-0.380859375
31219,1.240234375,1.34765625,-0.09765625,-0.283203125
31220,1.25,1.142578125,-0.25390625,-0.33203125
31221,1.19140625,1.142578125,-0.283203125,-0.283203125
31222,1.328125,1.2109375,-0.322265625,-0.263671875
31223,1.19140625,1.19140625,-0.146484375,-0.3515625
31224,1.19140625,1.162109375,-0.29296875,-0.224609375
31225,1.171875,1.171875,-0.361328125,-0.244140625
31226,1.23046875,1.30859375,-0.44921875,-0.263671875
31227,1.083984375,1.19140625,-0.380859375,-0.322265625
31228,1.2109375,1.2109375,-0.1171875,-0.33203125
31229,1.279296875,1.25,-0.25390625,-0.244140625
31230,1.26953125,1.1328125,-0.283203125,-0.185546875
31231,1.123046875,1.1328125,-0.322265625,-0.29296875
31232,1.201171875,1.19140625,-0.341796875,-0.29296875
31233,1.171875,1.1328125,-0.244140625,-0.166015625
31234,1.015625,1.259765625,-0.322265625,-0.302734375
31235,1.162109375,1.220703125,-0.419921875,-0.341796875
31236,1.337890625,1.259765625,-0.302734375,-0.41015625
31237,1.25,1.0546875,-0.13671875,-0.25390625
31238,1.171875,1.083984375,-0.380859375,-0.361328125
31239,1.259765625,1.19140625,-0.234375,-0.3125
31240,1.220703125,1.162109375,-0.2734375,-0.29296875
31241,1.23046875,0.99609375,-0.478515625,-0.29296875
31242,1.25,1.162109375,-0.263671875,-0.244140625
31243,1.142578125,1.162109375,-0.25390625,-0.33203125
31244,1.23046875,1.201171875,-0.29296875,-0.33203125
31245,1.318359375,1.171875,-0.302734375,-0.400390625
31246,1.2109375,1.171875,-0.3125,-0.41015625
31247,1.201171875,1.044921875,-0.185546875,-0.2734375
31248,1.15234375,1.083984375,-0.224609375,-0.21484375
31249,1.19140625,1.2890625,-0.302734375,-0.166015625
31250,1.240234375,1.171875,-0.3515625,-0.37109375
31251,1.2109375,1.25,-0.33203125,-0.33203125
31252,1.181640625,1.181640625,-0.3125,-0.322265625
31253,1.19140625,1.25,-0.205078125,-0.302734375
31254,1.26953125,1.025390625,-0.224609375,-0.322265625
31255,1.2890625,1.171875,-0.361328125,-0.3515625
31256,1.337890625,1.044921875,-0.390625,-0.380859375
31257,1.25,1.19140625,-0.13671875,-0.380859375
31258,1.23046875,1.15234375,-0.302734375,-0.2734375
31259,1.298828125,1.220703125,-0.302734375,-0.302734375
31260,1.259765625,1.19140625,-0.2734375,-0.439453125
31261,1.38671875,1.171875,-0.25390625,-0.048828125
31262,1.2890625,1.142578125,-0.146484375,-0.322265625
31263,1.298828125,1.083984375,-0.244140625,-0.302734375
31264,1.376953125,1.181640625,-0.2734375,-0.2734375
31265,1.2890625,1.064453125,-0.1171875,-0.234375
31266,1.318359375,1.181640625,-0.224609375,-0.322265625
31267,1.259765625,1.279296875,-0.244140625,-0.400390625
31268,1.357421875,1.171875,-0.234375,-0.322265625
31269,1.2890625,1.064453125,-0.244140625,-0.380859375
31270,1.318359375,1.23046875,-0.263671875,-0.283203125
31271,1.298828125,1.2890625,-0.244140625,-0.33203125
31272,1.2890625,1.19140625,-0.234375,-0.46875
31273,1.25,1.201171875,-0.2734375,-0.439453125
31274,1.279296875,1.142578125,-0.33203125,-0.244140625
31275,1.328125,1.2109375,-0.263671875,-0.361328125
31276,1.328125,1.23046875,-0.322265625,-0.390625
31277,1.171875,1.064453125,-0.3125,-0.37109375
31278,1.2890625,1.328125,-0.302734375,-0.380859375
31279,1.4453125,1.142578125,-0.33203125,-0.224609375
31280,1.220703125,1.181640625,-0.322265625,-0.4296875
31281,1.259765625,1.23046875,-0.2734375,-0.25390625
31282,1.259765625,1.240234375,-0.244140625,-0.4296875
31283,1.34765625,1.279296875,-0.29296875,-0.302734375
31284,1.240234375,1.337890625,-0.44921875,-0.341796875
31285,1.1328125,1.07421875,-0.224609375,-0.4296875
31286,1.220703125,1.240234375,-0.361328125,-0.341796875
31287,1.23046875,1.416015625,-0.361328125,-0.3125
31288,1.220703125,1.171875,-0.29296875,-0.205078125
31289,1.328125,1.240234375,-0.29296875,-0.37109375
31290,1.240234375,1.15234375,-0.283203125,-0.302734375
31291,1.259765625,1.15234375,-0.302734375,-0.44921875
31292,1.30859375,1.2109375,-0.234375,-0.390625
31293,1.25,1.19140625,-0.29296875,-0.390625
31294,1.19140625,1.171875,-0.3125,-0.4296875
31295,1.26953125,1.240234375,-0.41015625,-0.41015625
31296,1.318359375,1.2890625,-0.25390625,-0.33203125
31297,1.337890625,1.201171875,-0.2734375,-0.322265625
31298,1.435546875,1.11328125,-0.302734375,-0.322265625
31299,1.337890625,1.162109375,-0.29296875,-0.46875
31300,1.34765625,1.19140625,-0.283203125,-0.25390625
31301,1.357421875,1.03515625,-0.13671875,-0.41015625
31302,1.30859375,1.103515625,-0.25390625,-0.234375
31303,1.25,1.19140625,-0.21484375,-0.419921875
31304,1.2890625,1.11328125,-0.3125,-0.361328125
31305,1.357421875,1.015625,-0.4296875,-0.390625
31306,1.318359375,1.162109375,-0.3125,-0.341796875
31307,1.3671875,1.123046875,-0.2734375,-0.29296875
31308,1.23046875,1.11328125,-0.224609375,-0.400390625
31309,1.19140625,1.07421875,-0.263671875,-0.458984375
31310,1.38671875,1.083984375,-0.263671875,-0.322265625
31311,1.30859375,1.279296875,-0.13671875,-0.419921875
31312,1.240234375,1.142578125,-0.25390625,-0.341796875
31313,1.30859375,1.162109375,-0.390625,-0.3515625
31314,1.26953125,1.181640625,-0.341796875,-0.400390625
31315,1.30859375,1.1328125,-0.25390625,-0.498046875
31316,1.181640625,1.15234375,-0.2734375,-0.244140625
31317,1.181640625,1.19140625,-0.1953125,-0.41015625
31318,1.220703125,1.064453125,-0.25390625,-0.478515625
31319,1.2890625,1.162109375,-0.244140625,-0.46875
31320,1.30859375,1.09375,-0.244140625,-0.361328125
31321,1.26953125,1.07421875,-0.224609375,-0.400390625
31322,1.15234375,1.123046875,-0.302734375,-0.37109375
31323,1.162109375,1.1328125,-0.302734375,-0.322265625
31324,1.19140625,1.181640625,-0.29296875,-0.29296875
31325,1.11328125,1.123046875,-0.283203125,-0.21484375
31326,1.2109375,1.220703125,0.01953125,-0.33203125
31327,1.259765625,1.11328125,-0.263671875,-0.361328125
31328,1.181640625,1.11328125,-0.17578125,-0.13671875
31329,1.11328125,0.986328125,-0.185546875,-0.3515625
31330,1.19140625,1.142578125,-0.1953125,-0.37109375
31331,1.171875,1.201171875,-0.283203125,-0.41015625
31332,1.298828125,1.201171875,-0.3125,-0.390625
31333,1.220703125,1.142578125,-0.25390625,-0.33203125
31334,1.19140625,1.162109375,-0.224609375,-0.302734375
31335,1.240234375,1.142578125,-0.166015625,-0.400390625
31336,1.201171875,1.1328125,-0.2734375,-0.341796875
31337,1.11328125,1.103515625,-0.21484375,-0.3515625
31338,1.298828125,1.07421875,-0.21484375,-0.380859375
31339,1.2109375,1.09375,-0.185546875,-0.341796875
31340,1.220703125,1.240234375,-0.224609375,-0.380859375
31341,1.2109375,1.279296875,-0.244140625,-0.361328125
31342,1.259765625,1.123046875,-0.341796875,-0.439453125
31343,1.240234375,1.15234375,-0.29296875,-0.654296875
31344,1.201171875,1.201171875,-0.21484375,-0.380859375
31345,1.240234375,1.083984375,-0.29296875,-0.41015625
31346,1.162109375,1.1328125,-0.244140625,-0.390625
31347,1.162109375,1.279296875,-0.2734375,-0.41015625
31348,1.23046875,1.201171875,-0.2734375,-0.419921875
31349,1.1328125,1.142578125,-0.244140625,-0.390625
31350,1.083984375,1.03515625,-0.283203125,-0.41015625
31351,1.2109375,1.19140625,-0.3125,-0.341796875
31352,1.044921875,1.15234375,-0.263671875,-0.2734375
31353,1.123046875,1.201171875,-0.29296875,-0.361328125
31354,1.1328125,1.181640625,-0.244140625,-0.419921875
31355,1.03515625,1.142578125,-0.185546875,-0.400390625
31356,1.298828125,1.220703125,-0.234375,-0.439453125
31357,1.171875,1.123046875,-0.263671875,-0.3125
31358,1.162109375,1.15234375,-0.146484375,-0.439453125
31359,1.220703125,1.171875,-0.13671875,-0.37109375
31360,1.19140625,1.123046875,-0.15625,-0.224609375
31361,1.2890625,1.064453125,-0.29296875,-0.341796875
31362,1.23046875,1.11328125,-0.126953125,-0.390625
31363,1.1328125,1.03515625,-0.166015625,-0.33203125
31364,1.15234375,1.09375,-0.224609375,-0.400390625
31365,1.259765625,1.07421875,-0.234375,-0.41015625
31366,1.19140625,1.025390625,-0.205078125,-0.341796875
31367,1.2109375,1.103515625,-0.244140625,-0.361328125
31368,1.240234375,1.083984375,-0.21484375,-0.478515625
31369,1.220703125,1.07421875,-0.185546875,-0.361328125
31370,1.298828125,1.15234375,-0.3125,-0.546875
31371,1.2890625,1.103515625,-0.224609375,-0.3515625
31372,1.2109375,0.99609375,-0.17578125,-0.302734375
31373,1.23046875,1.103515625,-0.302734375,-0.29296875
31374,1.09375,1.0546875,-0.283203125,-0.1953125
31375,1.26953125,1.07421875,-0.33203125,-0.3125
31376,1.201171875,0.99609375,-0.361328125,-0.2734375
31377,1.240234375,1.09375,-0.244140625,-0.361328125
31378,1.201171875,0.95703125,-0.166015625,-0.400390625
31379,1.15234375,1.09375,-0.33203125,-0.41015625
31380,1.181640625,1.064453125,-0.224609375,-0.3515625
31381,1.201171875,1.11328125,-0.244140625,-0.390625
31382,1.19140625,1.07421875,-0.234375,-0.439453125
31383,1.11328125,1.015625,-0.2734375,-0.419921875
31384,1.220703125,0.87890625,-0.29296875,-0.361328125
31385,1.259765625,1.03515625,-0.1953125,-0.29296875
31386,1.318359375,1.044921875,-0.29296875,-0.341796875
31387,1.2109375,0.99609375,-0.322265625,-0.380859375
31388,1.181640625,0.99609375,-0.244140625,-0.3125
31389,1.220703125,1.015625,-0.283203125,-0.21484375
31390,1.142578125,1.0546875,-0.263671875,-0.37109375
31391,1.279296875,1.025390625,-0.302734375,-0.3125
31392,1.2109375,1.064453125,-0.25390625,-0.361328125
31393,1.19140625,1.09375,-0.341796875,-0.3125
31394,1.201171875,0.966796875,-0.21484375,-0.263671875
31395,1.298828125,1.025390625,-0.205078125,-0.322265625
31396,1.201171875,1.025390625,-0.15625,-0.361328125
31397,1.220703125,0.869140625,-0.3515625,-0.419921875
31398,1.181640625,1.044921875,-0.205078125,-0.41015625
31399,1.376953125,1.03515625,-0.263671875,-0.33203125
31400,1.2109375,1.142578125,-0.234375,-0.361328125
31401,1.181640625,1.03515625,-0.224609375,-0.478515625
31402,1.1328125,0.9765625,-0.09765625,-0.361328125
31403,1.240234375,0.966796875,-0.224609375,-0.390625
31404,1.0546875,1.03515625,-0.21484375,-0.41015625
31405,1.07421875,1.03515625,-0.126953125,-0.439453125
31406,1.181640625,0.859375,-0.341796875,-0.37109375
31407,1.376953125,1.015625,-0.1171875,-0.380859375
31408,1.220703125,1.005859375,-0.341796875,-0.341796875
31409,1.279296875,0.87890625,-0.1953125,-0.341796875
31410,1.279296875,0.986328125,-0.283203125,-0.341796875
31411,1.103515625,1.11328125,-0.25390625,-0.4296875
31412,1.181640625,1.162109375,-0.37109375,-0.29296875
31413,1.19140625,0.947265625,-0.234375,-0.25390625
31414,1.279296875,0.80078125,-0.146484375,-0.302734375
31415,1.23046875,0.947265625,-0.185546875,-0.302734375
31416,1.083984375,1.064453125,-0.185546875,-0.21484375
31417,1.337890625,0.947265625,-0.244140625,-0.390625
31418,1.25,1.1328125,-0.224609375,-0.302734375
31419,1.220703125,0.966796875,-0.166015625,-0.322265625
31420,1.181640625,0.966796875,-0.25390625,-0.25390625
31421,1.220703125,0.888671875,-0.244140625,-0.322265625
31422,1.26953125,0.966796875,-0.205078125,-0.17578125
31423,1.26953125,0.869140625,-0.21484375,-0.068359375
31424,1.279296875,1.005859375,-0.224609375,-0.21484375
31425,1.123046875,0.9375,-0.283203125,-0.205078125
31426,1.40625,0.859375,-0.322265625,-0.244140625
31427,1.259765625,1.103515625,-0.29296875,-0.263671875
31428,1.23046875,0.947265625,-0.234375,-0.15625
31429,1.30859375,0.888671875,-0.25390625,-0.33203125
31430,1.240234375,0.83984375,-0.37109375,-0.341796875
31431,1.23046875,0.91796875,-0.283203125,-0.498046875
31432,1.11328125,0.99609375,-0.25390625,-0.52734375
31433,1.15234375,0.8984375,-0.2734375,-0.361328125
31434,1.171875,0.9765625,-0.263671875,-0.400390625
31435,1.083984375,0.8984375,-0.25390625,-0.33203125
31436,1.171875,0.986328125,-0.361328125,-0.341796875
31437,1.181640625,0.9765625,-0.25390625,-0.361328125
31438,1.298828125,0.986328125,-0.25390625,-0.322265625
31439,1.171875,0.986328125,-0.1953125,-0.361328125
31440,1.201171875,0.99609375,-0.1953125,-0.41015625
31441,1.19140625,0.966796875,-0.2734375,-0.087890625
31442,1.181640625,0.966796875,-0.21484375,-0.400390625
31443,1.220703125,1.03515625,-0.244140625,-0.1171875
31444,1.15234375,0.947265625,-0.244140625,-0.302734375
31445,1.11328125,0.9765625,-0.17578125,-0.283203125
31446,1.23046875,0.9765625,-0.234375,-0.302734375
31447,1.30859375,0.99609375,-0.2734375,-0.439453125
31448,1.220703125,1.015625,-0.1953125,-0.283203125
31449,1.240234375,0.9765625,-0.15625,-0.283203125
31450,1.25,0.9765625,-0.224609375,-0.205078125
31451,1.23046875,0.986328125,-0.1953125,-0.283203125
31452,1.259765625,0.9765625,-0.25390625,-0.234375
31453,1.357421875,0.95703125,-0.13671875,-0.33203125
31454,1.025390625,0.95703125,-0.302734375,-0.33203125
31455,1.30859375,1.064453125,-0.234375,-0.283203125
31456,1.1328125,0.9375,-0.224609375,-0.33203125
31457,1.23046875,1.03515625,-0.21484375,-0.361328125
31458,1.279296875,0.9765625,-0.205078125,-0.361328125
31459,1.38671875,0.99609375,-0.33203125,-0.3125
31460,1.07421875,1.201171875,-0.126953125,-0.322265625
31461,1.11328125,1.142578125,-0.283203125,-0.3515625
31462,1.162109375,0.9765625,-0.2734375,-0.400390625
31463,1.11328125,0.9375,-0.3125,-0.341796875
31464,1.15234375,0.87890625,-0.17578125,-0.283203125
31465,1.19140625,0.9375,-0.244140625,-0.25390625
31466,1.123046875,0.830078125,-0.25390625,-0.2734375
31467,1.1328125,0.8984375,-0.205078125,-0.419921875
31468,1.123046875,0.986328125,-0.234375,-0.205078125
31469,1.181640625,1.083984375,-0.3515625,-0.322265625
31470,1.201171875,0.927734375,-0.2734375,-0.29296875
31471,1.07421875,0.99609375,-0.302734375,-0.322265625
31472,1.240234375,0.986328125,-0.33203125,-0.33203125
31473,1.1328125,1.142578125,-0.224609375,-0.37109375
31474,1.26953125,1.083984375,-0.205078125,-0.33203125
31475,1.259765625,1.064453125,-0.185546875,-0.341796875
31476,1.123046875,1.11328125,-0.419921875,-0.341796875
31477,1.240234375,1.015625,-0.205078125,-0.13671875
31478,1.181640625,1.123046875,-0.244140625,-0.33203125
31479,1.201171875,1.11328125,-0.29296875,-0.341796875
31480,1.103515625,1.015625,-0.224609375,-0.25390625
31481,1.07421875,0.99609375,-0.205078125,-0.33203125
31482,1.142578125,1.171875,-0.234375,-0.29296875
31483,1.181640625,1.03515625,-0.15625,-0.29296875
31484,1.2890625,1.142578125,-0.1953125,-0.322265625
31485,1.201171875,1.171875,-0.13671875,-0.41015625
31486,1.19140625,1.07421875,-0.13671875,-0.1953125
31487,1.19140625,1.11328125,-0.263671875,-0.322265625
31488,1.162109375,1.171875,-0.205078125,-0.3125
31489,1.2890625,1.0546875,-0.126953125,-0.390625
31490,1.103515625,1.123046875,-0.185546875,-0.234375
31491,1.2890625,1.123046875,-0.3515625,-0.2734375
31492,1.220703125,1.07421875,-0.146484375,-0.185546875
31493,1.279296875,1.0546875,-0.1953125,-0.390625
31494,1.201171875,1.083984375,-0.224609375,-0.3515625
31495,1.171875,1.1328125,-0.185546875,-0.224609375
31496,1.044921875,1.07421875,-0.205078125,-0.29296875
31497,1.23046875,1.19140625,-0.283203125,-0.263671875
31498,1.19140625,1.11328125,-0.29296875,-0.3125
31499,1.2109375,1.09375,-0.2734375,-0.283203125
31500,1.19140625,1.34765625,-0.166015625,-0.234375
31501,1.162109375,1.11328125,-0.2734375,-0.46875
31502,1.23046875,1.083984375,-0.234375,-0.3515625
31503,1.181640625,0.966796875,-0.126953125,-0.341796875
31504,1.181640625,1.1328125,-0.205078125,-0.1953125
31505,1.298828125,1.064453125,-0.283203125,-0.419921875
31506,1.171875,1.015625,-0.126953125,-0.29296875
31507,1.162109375,1.064453125,-0.087890625,-0.283203125
31508,1.181640625,1.064453125,-0.185546875,-0.41015625
31509,1.23046875,1.11328125,-0.21484375,-0.3125
31510,1.15234375,1.03515625,-0.283203125,-0.33203125
31511,1.044921875,1.123046875,-0.244140625,-0.341796875
31512,1.201171875,1.064453125,-0.05859375,-0.29296875
31513,1.23046875,0.986328125,-0.1953125,-0.17578125
31514,1.30859375,1.083984375,-0.185546875,-0.3125
31515,1.1328125,0.9765625,-0.166015625,-0.234375
31516,1.279296875,1.07421875,-0.25390625,-0.2734375
31517,1.279296875,1.015625,-0.166015625,-0.283203125
31518,1.23046875,1.201171875,-0.21484375,-0.2734375
31519,1.240234375,1.005859375,-0.15625,-0.302734375
31520,1.181640625,1.0546875,-0.146484375,-0.263671875
31521,1.2890625,1.11328125,-0.3125,-0.29296875
31522,1.181640625,0.9375,-0.244140625,-0.244140625
31523,1.064453125,1.0546875,-0.205078125,-0.3515625
31524,1.220703125,0.87890625,-0.341796875,-0.2734375
31525,1.1328125,1.0546875,-0.3125,-0.244140625
31526,1.279296875,1.0546875,-0.283203125,-0.263671875
31527,1.25,1.103515625,-0.2734375,-0.185546875
31528,1.19140625,1.201171875,-0.25390625,-0.2734375
31529,1.220703125,1.044921875,-0.263671875,-0.17578125
31530,1.142578125,1.19140625,-0.185546875,-0.1953125
31531,1.201171875,1.03515625,-0.224609375,-0.185546875
31532,1.2109375,1.09375,-0.322265625,-0.146484375
31533,1.494140625,0.9765625,-0.224609375,-0.205078125
31534,1.259765625,1.025390625,-0.205078125,-0.205078125
31535,1.25,1.0546875,-0.322265625,-0.263671875
31536,1.26953125,0.947265625,-0.068359375,-0.234375
31537,1.2109375,1.1328125,-0.234375,-0.224609375
31538,1.259765625,1.083984375,-0.3125,-0.146484375
31539,1.220703125,1.015625,-0.37109375,-0.29296875
31540,1.19140625,0.99609375,-0.166015625,-0.33203125
31541,1.2890625,1.0546875,-0.185546875,-0.1953125
31542,1.240234375,1.123046875,-0.205078125,-0.283203125
31543,1.25,1.025390625,-0.3125,-0.283203125
31544,1.2109375,1.064453125,-0.25390625,-0.283203125
31545,1.34765625,1.15234375,-0.302734375,-0.244140625
31546,1.25,1.0546875,-0.21484375,-0.244140625
31547,1.220703125,1.064453125,-0.341796875,-0.37109375
31548,1.162109375,1.07421875,-0.1953125,-0.263671875
31549,1.25,1.23046875,-0.322265625,-0.205078125
31550,1.123046875,1.103515625,-0.283203125,-0.01953125
31551,1.083984375,1.064453125,-0.283203125,-0.44921875
31552,1.19140625,1.03515625,-0.1171875,-0.263671875
31553,1.2109375,1.07421875,-0.21484375,-0.205078125
31554,1.3671875,1.083984375,-0.166015625,-0.263671875
31555,1.201171875,0.947265625,-0.126953125,-0.2734375
31556,1.259765625,1.044921875,-0.244140625,-0.244140625
31557,1.19140625,0.986328125,-0.205078125,-0.25390625
31558,1.201171875,1.142578125,-0.263671875,-0.21484375
31559,1.181640625,1.025390625,-0.244140625,-0.166015625
31560,0.947265625,1.03515625,-0.234375,-0.283203125
31561,1.240234375,1.083984375,-0.25390625,-0.322265625
31562,1.123046875,1.11328125,-0.29296875,-0.21484375
31563,1.19140625,1.064453125,-0.224609375,-0.17578125
31564,1.201171875,1.0546875,-0.13671875,-0.17578125
31565,1.171875,1.064453125,-0.1953125,-0.3125
31566,1.2109375,1.103515625,-0.107421875,-0.15625
31567,1.220703125,1.044921875,-0.185546875,-0.205078125
31568,1.25,1.09375,-0.1171875,-0.13671875
31569,1.1328125,1.07421875,-0.146484375,-0.3125
31570,1.171875,1.142578125,-0.126953125,-0.224609375
31571,1.09375,1.044921875,-0.185546875,-0.15625
31572,1.181640625,1.123046875,-0.166015625,-0.185546875
31573,1.1328125,1.1328125,-0.146484375,-0.283203125
31574,1.1328125,1.103515625,-0.2734375,-0.224609375
31575,1.1328125,1.005859375,-0.166015625,-0.2734375
31576,1.25,1.0546875,-0.13671875,-0.322265625
31577,1.162109375,1.015625,-0.13671875,-0.205078125
31578,1.23046875,1.1328125,-0.234375,-0.29296875
31579,1.220703125,0.95703125,-0.224609375,-0.302734375
31580,1.15234375,0.986328125,-0.25390625,-0.166015625
31581,1.318359375,1.09375,-0.185546875,-0.234375
31582,1.103515625,1.1328125,-0.205078125,-0.29296875
31583,1.162109375,1.083984375,-0.25390625,-0.224609375
31584,1.171875,1.15234375,-0.166015625,-0.244140625
31585,1.25,1.07421875,-0.185546875,-0.1953125
31586,1.298828125,1.15234375,-0.126953125,-0.302734375
31587,1.259765625,1.11328125,-0.21484375,-0.29296875
31588,1.123046875,1.0546875,-0.068359375,-0.283203125
31589,1.240234375,1.142578125,-0.1953125,-0.25390625
31590,1.298828125,1.220703125,-0.263671875,-0.25390625
31591,1.337890625,1.083984375,-0.2734375,-0.2734375
31592,1.259765625,1.25,-0.41015625,-0.29296875
31593,1.34765625,1.181640625,-0.21484375,-0.244140625
31594,1.220703125,1.11328125,-0.224609375,-0.2734375
31595,1.259765625,1.064453125,-0.1953125,-0.1953125
31596,1.19140625,1.142578125,-0.21484375,-0.283203125
31597,1.15234375,1.19140625,-0.1953125,-0.244140625
31598,1.298828125,1.025390625,-0.380859375,-0.244140625
31599,1.181640625,1.15234375,-0.25390625,-0.33203125
31600,1.15234375,1.123046875,-0.224609375,-0.283203125
31601,1.220703125,1.171875,-0.2734375,-0.1171875
31602,1.103515625,1.162109375,-0.185546875,-0.224609375
31603,1.064453125,1.123046875,-0.2734375,-0.185546875
31604,1.162109375,1.318359375,-0.458984375,-0.25390625
31605,1.2109375,1.201171875,-0.263671875,-0.37109375
31606,1.318359375,1.083984375,-0.25390625,-0.166015625
31607,1.240234375,1.083984375,-0.341796875,-0.25390625
31608,1.11328125,1.1328125,-0.21484375,-0.29296875
31609,1.38671875,1.171875,-0.166015625,-0.234375
31610,1.19140625,1.171875,-0.263671875,-0.283203125
31611,1.240234375,1.162109375,-0.302734375,-0.205078125
31612,1.220703125,1.19140625,-0.3125,-0.166015625
31613,1.181640625,1.15234375,-0.166015625,-0.341796875
31614,1.23046875,1.201171875,-0.166015625,-0.341796875
31615,1.181640625,1.171875,-0.1953125,-0.44921875
31616,1.162109375,1.11328125,-0.322265625,-0.166015625
31617,1.19140625,1.005859375,-0.224609375,-0.234375
31618,1.38671875,1.181640625,-0.15625,-0.46875
31619,1.181640625,1.26953125,-0.166015625,-0.263671875
31620,1.240234375,1.142578125,-0.17578125,-0.17578125
31621,1.1328125,1.220703125,-0.166015625,-0.0390625
31622,1.19140625,1.26953125,-0.185546875,-0.25390625
31623,1.279296875,0.9765625,-0.2734375,-0.234375
31624,1.23046875,1.171875,-0.185546875,-0.419921875
31625,1.19140625,1.1328125,-0.302734375,-0.2734375
31626,1.1328125,1.044921875,-0.244140625,-0.29296875
31627,1.1328125,1.123046875,-0.185546875,-0.17578125
31628,1.15234375,1.09375,-0.15625,-0.283203125
31629,1.181640625,1.15234375,-0.224609375,-0.37109375
31630,1.15234375,1.1328125,-0.234375,-0.322265625
31631,1.259765625,1.19140625,-0.205078125,-0.244140625
31632,1.19140625,1.11328125,-0.283203125,-0.3125
31633,1.2890625,1.181640625,-0.224609375,-0.185546875
31634,1.2109375,1.298828125,-0.234375,-0.3125
31635,1.171875,1.103515625,-0.263671875,-0.3515625
31636,1.201171875,1.25,-0.25390625,-0.3125
31637,1.25,1.23046875,-0.302734375,-0.25390625
31638,1.201171875,1.337890625,-0.25390625,-0.341796875
31639,0.99609375,1.103515625,-0.29296875,-0.146484375
31640,1.181640625,1.181640625,-0.1953125,-0.25390625
31641,1.19140625,1.26953125,-0.3515625,-0.224609375
31642,1.19140625,1.162109375,-0.25390625,-0.1953125
31643,1.23046875,1.15234375,-0.3125,-0.25390625
31644,1.15234375,1.1328125,-0.3515625,-0.205078125
31645,1.123046875,1.083984375,-0.322265625,-0.244140625
31646,1.181640625,1.25,-0.3515625,-0.3125
31647,1.259765625,1.0546875,-0.439453125,-0.205078125
31648,1.259765625,1.201171875,-0.29296875,-0.25390625
31649,1.181640625,0.947265625,-0.3515625,-0.25390625
31650,1.201171875,1.083984375,-0.390625,-0.3125
31651,1.103515625,1.181640625,-0.21484375,-0.341796875
31652,1.201171875,1.23046875,-0.400390625,-0.29296875
31653,1.181640625,1.083984375,-0.3515625,-0.361328125
31654,1.142578125,1.103515625,-0.302734375,-0.3125
31655,1.142578125,1.23046875,-0.29296875,-0.3125
31656,1.19140625,1.23046875,-0.283203125,-0.322265625
31657,1.220703125,1.162109375,-0.302734375,-0.419921875
31658,1.181640625,1.07421875,-0.3515625,-0.302734375
31659,1.201171875,1.171875,-0.1953125,-0.322265625
31660,1.220703125,1.123046875,-0.234375,-0.341796875
31661,1.2890625,1.201171875,-0.25390625,-0.302734375
31662,1.15234375,0.99609375,-0.29296875,-0.283203125
31663,1.103515625,1.103515625,-0.21484375,-0.3125
31664,1.162109375,1.259765625,-0.234375,-0.224609375
31665,1.19140625,1.171875,-0.17578125,-0.380859375
31666,1.23046875,1.181640625,-0.234375,-0.25390625
31667,1.30859375,1.2109375,-0.224609375,-0.3125
31668,1.220703125,1.220703125,-0.361328125,-0.25390625
31669,1.2109375,1.15234375,-0.3125,-0.146484375
31670,1.220703125,1.201171875,-0.224609375,-0.234375
31671,1.171875,1.1328125,-0.185546875,-0.3515625
31672,1.26953125,1.142578125,-0.244140625,0.01953125
31673,1.298828125,1.220703125,-0.1953125,-0.2734375
31674,1.240234375,1.220703125,-0.205078125,-0.341796875
31675,1.23046875,1.142578125,-0.205078125,-0.37109375
31676,1.240234375,1.23046875,-0.29296875,-0.283203125
31677,1.181640625,1.162109375,-0.21484375,-0.322265625
31678,1.2109375,1.142578125,-0.166015625,-0.390625
31679,1.240234375,1.171875,-0.21484375,-0.244140625
31680,1.298828125,1.3671875,-0.244140625,-0.33203125
31681,1.279296875,1.240234375,-0.302734375,-0.1171875
31682,1.142578125,1.220703125,-0.341796875,-0.341796875
31683,1.26953125,1.220703125,-0.341796875,-0.283203125
31684,1.279296875,1.23046875,-0.25390625,-0.29296875
31685,1.25,1.15234375,-0.29296875,-0.37109375
31686,1.2109375,1.416015625,-0.21484375,-0.29296875
31687,1.259765625,1.142578125,-0.2734375,-0.283203125
31688,1.26953125,1.201171875,-0.283203125,-0.302734375
31689,1.26953125,1.26953125,-0.33203125,-0.2734375
31690,1.25,1.23046875,-0.185546875,-0.263671875
31691,1.23046875,1.181640625,-0.283203125,-0.322265625
31692,1.23046875,1.19140625,-0.322265625,-0.3125
31693,1.259765625,1.220703125,-0.1953125,-0.380859375
31694,1.171875,1.220703125,-0.17578125,-0.244140625
31695,1.19140625,1.1328125,-0.1953125,-0.361328125
31696,1.328125,1.220703125,-0.283203125,-0.41015625
31697,1.279296875,1.2890625,-0.29296875,-0.3125
31698,1.484375,1.19140625,-0.234375,-0.3125
31699,1.38671875,1.19140625,-0.185546875,-0.283203125
31700,1.23046875,1.25,-0.380859375,-0.33203125
31701,1.220703125,1.259765625,-0.2734375,-0.302734375
31702,1.328125,1.19140625,-0.37109375,-0.322265625
31703,1.376953125,1.220703125,-0.21484375,-0.361328125
31704,1.396484375,1.09375,-0.1953125,-0.3125
31705,1.328125,1.201171875,-0.17578125,-0.361328125
31706,1.279296875,1.220703125,-0.234375,-0.41015625
31707,1.42578125,1.064453125,-0.205078125,-0.3125
31708,1.396484375,1.23046875,-0.21484375,-0.302734375
31709,1.46484375,1.2109375,-0.224609375,-0.263671875
31710,1.318359375,1.103515625,-0.390625,-0.3125
31711,1.25,1.201171875,-0.146484375,-0.263671875
31712,1.30859375,1.2109375,-0.29296875,-0.302734375
31713,1.337890625,1.259765625,-0.205078125,-0.3125
31714,1.23046875,1.11328125,-0.205078125,-0.400390625
31715,1.103515625,1.220703125,-0.09765625,-0.25390625
31716,1.220703125,1.142578125,-0.21484375,-0.380859375
31717,1.259765625,1.1328125,-0.234375,-0.234375
31718,1.2890625,1.2890625,-0.166015625,-0.400390625
31719,1.220703125,1.162109375,-0.263671875,-0.322265625
31720,1.23046875,1.181640625,-0.21484375,-0.283203125
31721,1.19140625,1.2109375,-0.234375,-0.390625
31722,1.279296875,1.259765625,-0.185546875,-0.3515625
31723,1.171875,1.19140625,-0.322265625,-0.283203125
31724,1.318359375,1.240234375,-0.21484375,-0.185546875
31725,1.25,1.259765625,-0.146484375,-0.21484375
31726,1.34765625,1.201171875,-0.09765625,-0.341796875
31727,1.26953125,1.23046875,-0.263671875,-0.244140625
31728,1.376953125,1.318359375,-0.263671875,-0.390625
31729,1.279296875,1.220703125,-0.29296875,-0.33203125
31730,1.298828125,1.1328125,-0.21484375,-0.205078125
31731,1.40625,1.23046875,-0.17578125,-0.322265625
31732,1.279296875,1.201171875,-0.1953125,-0.33203125
31733,1.25,1.2109375,-0.1953125,-0.341796875
31734,1.279296875,1.201171875,-0.244140625,-0.390625
31735,1.318359375,1.2109375,-0.166015625,-0.3515625
31736,1.23046875,1.19140625,-0.3515625,-0.458984375
31737,1.357421875,1.25,-0.234375,-0.4296875
31738,1.298828125,1.298828125,-0.17578125,-0.4296875
31739,1.23046875,1.26953125,-0.166015625,-0.390625
31740,1.474609375,1.15234375,-0.302734375,-0.41015625
31741,1.26953125,1.044921875,0,-0.44921875
31742,1.23046875,1.162109375,-0.234375,-0.4296875
31743,1.38671875,1.1328125,-0.146484375,-0.390625
31744,1.279296875,1.162109375,-0.205078125,-0.458984375
31745,1.26953125,1.142578125,-0.37109375,-0.400390625
31746,1.46484375,1.09375,-0.29296875,-0.361328125
31747,1.30859375,1.09375,-0.33203125,-0.361328125
31748,1.337890625,1.015625,-0.322265625,-0.3125
31749,1.26953125,1.201171875,-0.244140625,-0.107421875
31750,1.279296875,1.064453125,-0.263671875,-0.390625
31751,1.25,1.328125,-0.322265625,-0.33203125
31752,1.30859375,1.142578125,-0.263671875,-0.205078125
31753,1.26953125,1.201171875,-0.302734375,-0.3515625
31754,1.220703125,1.19140625,-0.302734375,-0.302734375
31755,1.240234375,1.19140625,-0.283203125,-0.263671875
31756,1.09375,1.1328125,-0.25390625,-0.380859375
31757,1.2109375,1.1328125,-0.244140625,-0.458984375
31758,1.181640625,1.123046875,-0.17578125,-0.419921875
31759,1.15234375,1.23046875,-0.25390625,-0.361328125
31760,1.2109375,1.11328125,-0.263671875,-0.322265625
31761,1.171875,1.162109375,-0.1953125,-0.21484375
31762,1.30859375,1.3671875,-0.234375,-0.3125
31763,1.2109375,0.9375,-0.166015625,-0.341796875
31764,1.337890625,1.162109375,-0.205078125,-0.3125
31765,1.181640625,1.201171875,-0.224609375,-0.283203125
31766,1.220703125,1.142578125,-0.244140625,-0.419921875
31767,1.328125,1.15234375,-0.1171875,-0.302734375
31768,1.162109375,1.123046875,-0.15625,-0.400390625
31769,1.23046875,1.09375,-0.224609375,-0.302734375
31770,1.2109375,1.220703125,-0.244140625,-0.478515625
31771,1.279296875,1.25,-0.29296875,-0.166015625
31772,1.2890625,1.171875,-0.205078125,-0.29296875
31773,1.2109375,1.201171875,-0.2734375,-0.263671875
31774,1.259765625,1.15234375,-0.29296875,-0.380859375
31775,1.220703125,1.142578125,-0.2734375,-0.322265625
31776,1.11328125,1.19140625,-0.25390625,-0.439453125
31777,1.42578125,1.025390625,-0.33203125,-0.37109375
31778,1.220703125,1.11328125,-0.17578125,-0.322265625
31779,1.201171875,1.09375,-0.341796875,-0.322265625
31780,1.19140625,0.9765625,-0.33203125,-0.33203125
31781,1.181640625,1.0546875,-0.21484375,-0.41015625
31782,1.240234375,1.103515625,-0.21484375,-0.498046875
31783,1.25,1.181640625,-0.224609375,-0.341796875
31784,1.26953125,0.986328125,-0.29296875,-0.33203125
31785,1.220703125,1.1328125,-0.205078125,-0.380859375
31786,1.142578125,1.15234375,-0.37109375,-0.25390625
31787,1.259765625,1.19140625,-0.126953125,-0.4296875
31788,1.25,1.15234375,-0.224609375,-0.283203125
31789,1.19140625,1.123046875,-0.234375,-0.498046875
31790,1.162109375,1.19140625,-0.263671875,-0.224609375
31791,1.318359375,1.11328125,-0.185546875,-0.439453125
31792,1.2109375,1.11328125,-0.263671875,-0.263671875
31793,1.240234375,1.123046875,-0.244140625,-0.4296875
31794,1.181640625,1.07421875,-0.2734375,-0.3515625
31795,1.15234375,1.162109375,-0.1953125,-0.44921875
31796,1.181640625,1.103515625,-0.15625,-0.3515625
31797,1.2109375,1.123046875,-0.126953125,-0.283203125
31798,1.1328125,1.09375,-0.25390625,-0.302734375
31799,1.220703125,1.162109375,-0.341796875,-0.3515625
31800,1.220703125,1.103515625,-0.244140625,-0.458984375
31801,1.19140625,1.171875,-0.21484375,-0.302734375
31802,1.220703125,1.162109375,-0.3125,-0.302734375
31803,1.181640625,1.15234375,-0.3125,-0.2734375
31804,1.1328125,1.103515625,-0.1953125,-0.390625
31805,1.23046875,1.142578125,-0.1953125,-0.3125
31806,1.15234375,1.0546875,-0.1953125,-0.390625
31807,1.220703125,1.103515625,-0.302734375,-0.361328125
31808,1.25,0.9765625,-0.302734375,-0.361328125
31809,1.240234375,1.015625,-0.302734375,-0.185546875
31810,1.123046875,1.0546875,-0.283203125,-0.322265625
31811,1.2109375,0.810546875,-0.224609375,-0.33203125
31812,1.23046875,0.986328125,-0.33203125,-0.341796875
31813,1.044921875,1.064453125,-0.29296875,-0.33203125
31814,1.298828125,1.103515625,-0.15625,-0.3515625
31815,1.162109375,1.015625,-0.2734375,-0.234375
31816,1.220703125,0.99609375,-0.29296875,-0.302734375
31817,1.201171875,1.09375,-0.29296875,-0.361328125
31818,1.19140625,1.09375,-0.29296875,-0.380859375
31819,1.123046875,1.025390625,-0.205078125,-0.341796875
31820,1.181640625,0.986328125,-0.1953125,-0.302734375
31821,1.2109375,0.986328125,-0.166015625,-0.322265625
31822,1.23046875,0.99609375,-0.283203125,-0.21484375
31823,1.279296875,0.87890625,-0.146484375,-0.3515625
31824,1.220703125,1.1328125,-0.205078125,-0.322265625
31825,1.201171875,1.015625,-0.21484375,-0.33203125
31826,1.15234375,1.015625,-0.205078125,-0.3515625
31827,1.259765625,1.07421875,-0.2734375,-0.25390625
31828,1.2890625,1.03515625,-0.2734375,-0.3515625
31829,1.298828125,0.8984375,-0.13671875,-0.3125
31830,1.162109375,1.25,-0.234375,-0.224609375
31831,1.201171875,0.966796875,-0.224609375,-0.302734375
31832,1.259765625,1.015625,-0.244140625,-0.33203125
31833,1.23046875,1.0546875,-0.224609375,-0.380859375
31834,1.2890625,1.044921875,-0.205078125,-0.517578125
31835,1.07421875,1.044921875,-0.244140625,-0.322265625
31836,1.181640625,1.142578125,-0.21484375,-0.2734375
31837,1.03515625,1.015625,-0.263671875,-0.21484375
31838,1.259765625,1.123046875,-0.25390625,-0.283203125
31839,1.162109375,0.966796875,-0.2734375,-0.41015625
31840,1.03515625,0.947265625,-0.15625,-0.1953125
31841,1.396484375,1.03515625,-0.166015625,-0.390625
31842,1.15234375,1.015625,-0.33203125,-0.361328125
31843,1.220703125,1.064453125,-0.224609375,-0.224609375
31844,1.181640625,1.123046875,-0.21484375,-0.3515625
31845,1.171875,1.09375,-0.15625,-0.244140625
31846,1.083984375,1.083984375,-0.126953125,-0.29296875
31847,1.26953125,1.0546875,-0.185546875,-0.166015625
31848,1.1328125,0.9765625,-0.185546875,-0.3515625
31849,1.2109375,0.9375,-0.107421875,-0.25390625
31850,1.26953125,0.986328125,-0.263671875,-0.302734375
31851,1.19140625,0.986328125,-0.068359375,-0.3125
31852,1.201171875,1.025390625,-0.15625,-0.283203125
31853,1.0546875,0.99609375,-0.13671875,-0.263671875
31854,1.259765625,0.87890625,-0.2734375,-0.3125
31855,1.103515625,1.064453125,-0.3125,-0.439453125
31856,1.2109375,0.908203125,-0.302734375,-0.302734375
31857,1.259765625,0.986328125,-0.25390625,-0.3515625
31858,1.23046875,0.9765625,-0.224609375,-0.37109375
31859,1.298828125,0.986328125,-0.205078125,-0.37109375
31860,1.23046875,0.9765625,-0.1953125,-0.380859375
31861,1.23046875,0.927734375,-0.05859375,-0.400390625
31862,1.201171875,1.0546875,-0.224609375,-0.37109375
31863,1.171875,0.810546875,-0.263671875,-0.302734375
31864,1.162109375,1.005859375,-0.185546875,-0.361328125
31865,1.123046875,0.9765625,-0.21484375,-0.244140625
31866,1.1328125,1.044921875,-0.380859375,-0.33203125
31867,1.15234375,0.986328125,-0.17578125,-0.361328125
31868,1.171875,0.95703125,-0.244140625,-0.224609375
31869,1.15234375,0.986328125,-0.078125,-0.33203125
31870,1.19140625,1.015625,-0.25390625,-0.302734375
31871,1.298828125,1.015625,-0.3125,-0.3515625
31872,1.162109375,1.171875,-0.126953125,-0.322265625
31873,1.181640625,1.005859375,-0.234375,-0.244140625
31874,1.220703125,1.005859375,-0.2734375,-0.244140625
31875,1.0546875,1.015625,-0.2734375,-0.3515625
31876,1.15234375,1.07421875,-0.263671875,-0.302734375
31877,1.40625,1.0546875,-0.205078125,-0.234375
31878,1.2109375,0.927734375,-0.400390625,-0.2734375
31879,1.19140625,0.830078125,-0.1953125,-0.205078125
31880,1.162109375,1.03515625,-0.21484375,-0.380859375
31881,1.162109375,1.044921875,-0.15625,-0.263671875
31882,1.240234375,1.015625,-0.361328125,-0.341796875
31883,1.044921875,1.005859375,-0.263671875,-0.205078125
31884,1.220703125,1.005859375,-0.3125,-0.33203125
31885,1.171875,1.064453125,-0.2734375,-0.390625
31886,1.2109375,1.025390625,-0.25390625,-0.341796875
31887,1.162109375,1.123046875,-0.185546875,-0.3125
31888,1.25,0.80078125,-0.33203125,-0.322265625
31889,1.220703125,1.025390625,-0.25390625,-0.390625
31890,1.142578125,1.123046875,-0.3515625,-0.3125
31891,1.11328125,0.927734375,-0.361328125,-0.341796875
31892,1.220703125,1.142578125,-0.2734375,-0.341796875
31893,1.1328125,1.0546875,-0.322265625,-0.3125
31894,1.171875,1.123046875,-0.234375,-0.322265625
31895,1.298828125,1.171875,-0.224609375,-0.361328125
31896,1.103515625,1.083984375,-0.205078125,-0.322265625
31897,1.142578125,0.908203125,-0.3125,-0.41015625
31898,1.201171875,1.03515625,-0.224609375,-0.2734375
31899,1.15234375,1.103515625,-0.166015625,-0.361328125
31900,1.1328125,0.8984375,-0.25390625,-0.263671875
31901,1.171875,1.07421875,-0.244140625,-0.322265625
31902,1.025390625,1.025390625,-0.205078125,-0.322265625
31903,1.142578125,1.03515625,-0.263671875,-0.2734375
31904,1.2109375,1.03515625,-0.17578125,-0.2734375
31905,1.123046875,1.025390625,-0.21484375,-0.322265625
31906,1.15234375,0.888671875,-0.21484375,-0.322265625
31907,1.11328125,1.07421875,-0.185546875,-0.166015625
31908,1.220703125,1.07421875,-0.2734375,-0.21484375
31909,1.181640625,1.07421875,-0.107421875,-0.263671875
31910,1.142578125,1.03515625,-0.166015625,-0.341796875
31911,1.30859375,1.083984375,-0.21484375,-0.56640625
31912,1.171875,1.015625,-0.13671875,-0.302734375
31913,1.1328125,1.044921875,-0.2734375,-0.3125
31914,1.279296875,1.005859375,-0.1953125,-0.380859375
31915,1.181640625,0.908203125,-0.087890625,-0.25390625
31916,1.25,1.064453125,-0.185546875,-0.25390625
31917,1.328125,1.142578125,-0.107421875,-0.15625
31918,1.142578125,1.03515625,-0.048828125,-0.341796875
31919,1.142578125,1.025390625,-0.087890625,-0.3125
31920,1.064453125,1.064453125,-0.146484375,-0.37109375
31921,1.171875,0.986328125,-0.21484375,-0.322265625
31922,1.181640625,1.064453125,-0.205078125,-0.21484375
31923,1.19140625,1.015625,-0.15625,-0.126953125
31924,1.220703125,1.015625,-0.2734375,-0.2734375
31925,1.220703125,0.986328125,-0.21484375,-0.107421875
31926,1.181640625,1.025390625,-0.25390625,-0.439453125
31927,1.181640625,1.07421875,-0.185546875,-0.205078125
31928,1.23046875,1.064453125,-0.21484375,-0.205078125
31929,1.162109375,1.03515625,-0.25390625,-0.283203125
31930,1.279296875,0.986328125,-0.234375,-0.21484375
31931,1.23046875,1.15234375,-0.302734375,-0.126953125
31932,1.1328125,1.015625,-0.205078125,-0.17578125
31933,1.259765625,0.99609375,-0.341796875,-0.283203125
31934,1.181640625,0.947265625,-0.263671875,-0.302734375
31935,1.103515625,1.0546875,-0.283203125,-0.205078125
31936,1.2890625,1.07421875,-0.25390625,-0.2734375
31937,1.220703125,1.025390625,-0.283203125,-0.263671875
31938,1.19140625,1.0546875,-0.263671875,-0.126953125
31939,1.240234375,1.025390625,-0.302734375,-0.2734375
31940,1.171875,0.95703125,-0.146484375,-0.25390625
31941,1.23046875,1.044921875,-0.21484375,-0.361328125
31942,1.25,1.103515625,-0.244140625,-0.25390625
31943,1.220703125,1.064453125,-0.3515625,-0.283203125
31944,1.25,1.11328125,-0.1953125,-0.341796875
31945,1.279296875,1.083984375,-0.302734375,-0.25390625
31946,1.2109375,1.181640625,-0.302734375,-0.25390625
31947,1.337890625,1.064453125,-0.15625,-0.13671875
31948,1.23046875,0.966796875,-0.25390625,-0.263671875
31949,1.19140625,1.044921875,-0.166015625,-0.263671875
31950,1.23046875,1.025390625,-0.3125,-0.17578125
31951,1.171875,0.76171875,-0.263671875,-0.33203125
31952,1.220703125,1.005859375,-0.33203125,-0.3515625
31953,1.220703125,1.025390625,-0.2734375,-0.13671875
31954,1.3671875,1.03515625,-0.390625,-0.3125
31955,1.1328125,1.064453125,-0.2734375,-0.322265625
31956,1.15234375,1.005859375,-0.41015625,-0.380859375
31957,1.328125,1.025390625,-0.302734375,-0.3125
31958,1.1328125,0.8984375,-0.33203125,-0.25390625
31959,1.171875,0.986328125,-0.283203125,-0.244140625
31960,1.220703125,1.123046875,-0.185546875,-0.17578125
31961,1.25,1.103515625,-0.3515625,-0.185546875
31962,1.30859375,0.95703125,-0.322265625,-0.25390625
31963,1.259765625,0.99609375,-0.302734375,-0.166015625
31964,1.2109375,0.9765625,-0.13671875,-0.224609375
31965,1.201171875,1.025390625,-0.4296875,-0.087890625
31966,1.279296875,0.9375,-0.29296875,-0.21484375
31967,1.201171875,1.015625,-0.3125,-0.263671875
31968,1.19140625,1.064453125,-0.205078125,-0.263671875
31969,1.181640625,1.03515625,-0.185546875,-0.224609375
31970,1.240234375,1.11328125,-0.25390625,-0.224609375
31971,1.23046875,1.005859375,-0.29296875,-0.283203125
31972,1.162109375,1.064453125,-0.25390625,-0.283203125
31973,1.11328125,1.083984375,-0.234375,-0.224609375
31974,1.142578125,0.95703125,-0.224609375,-0.400390625
31975,1.19140625,1.044921875,-0.263671875,-0.185546875
31976,1.171875,1.015625,-0.302734375,-0.234375
31977,1.23046875,1.07421875,-0.15625,-0.13671875
31978,1.23046875,1.142578125,-0.2734375,-0.146484375
31979,1.171875,0.986328125,-0.25390625,-0.21484375
31980,1.30859375,1.015625,-0.107421875,-0.263671875
31981,1.09375,1.0546875,-0.341796875,-0.302734375
31982,1.2109375,1.162109375,-0.107421875,-0.263671875
31983,1.19140625,1.07421875,-0.15625,-0.48828125
31984,1.11328125,1.044921875,-0.21484375,-0.2734375
31985,1.181640625,1.005859375,0.009765625,-0.244140625
31986,1.220703125,1.07421875,-0.17578125,-0.302734375
31987,1.171875,1.064453125,-0.21484375,-0.3125
31988,1.181640625,1.005859375,-0.224609375,-0.263671875
31989,1.220703125,1.064453125,-0.2734375,-0.361328125
31990,1.26953125,1.064453125,-0.2734375,-0.17578125
31991,1.23046875,1.19140625,-0.263671875,-0.244140625
31992,1.26953125,1.142578125,-0.1953125,-0.3125
31993,1.171875,1.09375,-0.15625,-0.2734375
31994,1.162109375,1.181640625,-0.25390625,-0.263671875
31995,1.171875,1.083984375,-0.107421875,-0.3125
31996,1.328125,1.09375,-0.29296875,-0.29296875
31997,1.23046875,1.044921875,-0.2734375,-0.29296875
31998,1.220703125,1.201171875,-0.263671875,-0.33203125
31999,1.23046875,1.09375,-0.283203125,-0.234375
32000,1.11328125,1.123046875,-0.244140625,-0.283203125
32001,1.1328125,1.171875,-0.087890625,-0.21484375
32002,1.279296875,1.2109375,-0.185546875,-0.1171875
32003,1.1328125,1.220703125,-0.263671875,-0.283203125
32004,1.201171875,1.171875,-0.263671875,-0.15625
32005,1.15234375,1.162109375,-0.15625,-0.33203125
32006,1.162109375,1.2109375,-0.17578125,-0.224609375
32007,1.123046875,1.181640625,-0.400390625,-0.29296875
32008,1.240234375,1.15234375,-0.3125,-0.3125
32009,1.0546875,1.201171875,-0.25390625,-0.25390625
32010,1.142578125,1.123046875,-0.15625,-0.205078125
32011,1.15234375,1.1328125,-0.302734375,-0.21484375
32012,1.220703125,1.09375,-0.263671875,-0.302734375
32013,1.181640625,1.123046875,-0.29296875,-0.3515625
32014,1.259765625,1.123046875,-0.2734375,-0.3125
32015,1.142578125,1.09375,-0.13671875,-0.205078125
32016,1.103515625,1.318359375,-0.17578125,-0.322265625
32017,1.162109375,1.26953125,-0.17578125,-0.3125
32018,1.123046875,1.1328125,-0.205078125,-0.29296875
32019,1.201171875,1.298828125,-0.15625,-0.224609375
32020,1.162109375,1.15234375,-0.21484375,-0.205078125
32021,1.162109375,1.181640625,-0.166015625,-0.21484375
32022,1.279296875,1.2109375,-0.3515625,-0.302734375
32023,1.23046875,1.1328125,-0.21484375,-0.322265625
32024,1.181640625,1.171875,-0.166015625,-0.283203125
32025,1.201171875,1.181640625,-0.234375,-0.37109375
32026,1.26953125,1.201171875,-0.283203125,-0.234375
32027,1.318359375,1.171875,-0.2734375,-0.44921875
32028,1.220703125,1.259765625,-0.126953125,-0.263671875
32029,1.171875,1.15234375,-0.2734375,-0.05859375
32030,1.09375,1.181640625,-0.1171875,-0.283203125
32031,1.240234375,1.2109375,-0.263671875,-0.302734375
32032,1.220703125,1.142578125,-0.1953125,-0.224609375
32033,1.259765625,1.162109375,-0.146484375,-0.390625
32034,1.162109375,1.26953125,-0.15625,-0.302734375
32035,1.2109375,1.181640625,-0.244140625,-0.37109375
32036,1.181640625,1.171875,-0.234375,-0.341796875
32037,1.1328125,1.103515625,-0.224609375,-0.2734375
32038,1.26953125,1.142578125,-0.263671875,-0.21484375
32039,1.103515625,1.064453125,-0.1953125,-0.2734375
32040,1.142578125,0.927734375,-0.1171875,-0.302734375
32041,1.162109375,1.064453125,-0.13671875,-0.390625
32042,1.23046875,1.162109375,-0.1953125,-0.21484375
32043,1.2890625,1.083984375,-0.2734375,-0.2734375
32044,1.220703125,1.11328125,-0.1171875,-0.25390625
32045,1.09375,1.11328125,-0.17578125,-0.283203125
32046,1.2109375,1.11328125,-0.13671875,-0.2734375
32047,1.201171875,1.07421875,-0.17578125,-0.419921875
32048,1.318359375,1.142578125,-0.302734375,-0.419921875
32049,1.23046875,1.201171875,-0.1953125,-0.29296875
32050,1.25,1.103515625,-0.068359375,-0.29296875
32051,1.171875,1.1328125,-0.166015625,-0.361328125
32052,1.171875,1.083984375,-0.01953125,-0.302734375
32053,1.23046875,1.142578125,-0.107421875,-0.341796875
32054,1.19140625,1.201171875,-0.15625,-0.1953125
32055,1.19140625,1.201171875,-0.1171875,-0.25390625
32056,1.123046875,1.103515625,-0.1171875,-0.302734375
32057,1.2109375,1.15234375,-0.1171875,-0.21484375
32058,1.240234375,1.259765625,-0.29296875,-0.25390625
32059,1.201171875,1.15234375,-0.17578125,-0.234375
32060,1.220703125,1.103515625,-0.21484375,-0.3125
32061,1.2109375,1.298828125,-0.25390625,-0.21484375
32062,1.19140625,1.337890625,-0.126953125,-0.3125
32063,0.947265625,1.15234375,-0.25390625,-0.2734375
32064,1.25,1.064453125,-0.419921875,-0.302734375
32065,1.2109375,1.328125,-0.263671875,-0.37109375
32066,1.171875,1.11328125,-0.3515625,-0.25390625
32067,1.220703125,1.19140625,-0.341796875,-0.302734375
32068,1.25,1.083984375,-0.283203125,-0.380859375
32069,1.2890625,1.181640625,-0.322265625,-0.224609375
32070,1.220703125,1.181640625,-0.25390625,-0.29296875
32071,1.171875,1.38671875,-0.33203125,-0.205078125
32072,1.1328125,1.201171875,-0.25390625,-0.33203125
32073,1.1328125,1.064453125,-0.419921875,-0.205078125
32074,1.240234375,1.279296875,-0.244140625,-0.2734375
32075,1.19140625,1.142578125,-0.322265625,-0.29296875
32076,1.15234375,1.0546875,-0.263671875,-0.361328125
32077,1.220703125,1.25,-0.078125,-0.234375
32078,1.162109375,1.15234375,-0.302734375,-0.25390625
32079,1.19140625,1.162109375,-0.3515625,-0.234375
32080,1.162109375,1.162109375,-0.263671875,-0.29296875
32081,1.318359375,1.142578125,-0.263671875,-0.341796875
32082,1.15234375,1.171875,-0.390625,-0.37109375
32083,1.19140625,1.103515625,-0.263671875,-0.302734375
32084,1.240234375,1.201171875,-0.3125,-0.3515625
32085,1.328125,1.162109375,-0.302734375,-0.3125
32086,1.19140625,1.015625,-0.234375,-0.3515625
32087,1.11328125,1.162109375,-0.25390625,-0.478515625
32088,1.201171875,1.201171875,-0.41015625,-0.3515625
32089,1.201171875,1.2109375,-0.361328125,-0.1953125
32090,1.181640625,1.142578125,-0.29296875,-0.556640625
32091,1.19140625,1.15234375,-0.224609375,-0.224609375
32092,1.19140625,1.25,-0.380859375,-0.263671875
32093,1.201171875,1.15234375,-0.21484375,-0.400390625
32094,1.240234375,1.162109375,-0.283203125,-0.263671875
32095,1.09375,1.1328125,-0.166015625,-0.2734375
32096,1.083984375,1.2109375,-0.146484375,-0.302734375
32097,1.09375,1.2109375,-0.224609375,-0.263671875
32098,1.23046875,1.181640625,-0.341796875,-0.234375
32099,1.11328125,1.171875,-0.25390625,-0.3125
32100,1.279296875,1.11328125,-0.1953125,-0.52734375
32101,1.2890625,1.1328125,-0.205078125,-0.1953125
32102,1.181640625,1.103515625,-0.29296875,-0.224609375
32103,1.15234375,1.162109375,-0.234375,-0.1171875
32104,1.25,0.95703125,-0.37109375,-0.29296875
32105,1.2109375,1.298828125,-0.25390625,-0.21484375
32106,1.03515625,1.15234375,-0.234375,-0.185546875
32107,1.19140625,1.171875,-0.2734375,-0.322265625
32108,1.181640625,1.09375,-0.21484375,-0.2734375
32109,1.2109375,1.181640625,-0.302734375,-0.234375
32110,1.171875,1.1328125,-0.361328125,-0.3515625
32111,1.23046875,1.19140625,-0.263671875,-0.224609375
32112,1.240234375,1.201171875,-0.302734375,-0.29296875
32113,1.259765625,1.3671875,-0.29296875,-0.283203125
32114,1.220703125,1.240234375,-0.37109375,-0.1953125
32115,1.279296875,1.19140625,-0.234375,-0.546875
32116,1.34765625,1.1328125,-0.185546875,-0.3125
32117,1.25,1.25,-0.283203125,-0.263671875
32118,1.220703125,1.181640625,-0.244140625,-0.2734375
32119,1.23046875,1.171875,-0.166015625,-0.244140625
32120,1.279296875,1.23046875,-0.263671875,-0.322265625
32121,1.279296875,1.240234375,-0.244140625,-0.283203125
32122,1.337890625,1.259765625,-0.15625,-0.21484375
32123,1.318359375,1.259765625,-0.224609375,-0.166015625
32124,1.19140625,1.240234375,-0.234375,-0.322265625
32125,1.328125,1.083984375,-0.244140625,-0.29296875
32126,1.240234375,1.142578125,-0.224609375,-0.263671875
32127,1.279296875,1.240234375,-0.205078125,-0.25390625
32128,1.259765625,1.4453125,-0.283203125,-0.2734375
32129,1.26953125,1.318359375,-0.41015625,-0.361328125
32130,1.279296875,1.259765625,-0.283203125,-0.25390625
32131,1.376953125,1.298828125,-0.234375,-0.25390625
32132,1.396484375,1.220703125,-0.3125,-0.263671875
32133,1.25,1.220703125,-0.224609375,-0.21484375
32134,1.240234375,1.201171875,-0.205078125,-0.33203125
32135,1.337890625,1.25,-0.37109375,-0.341796875
32136,1.40625,1.19140625,-0.3125,-0.21484375
32137,1.34765625,1.240234375,-0.21484375,-0.283203125
32138,1.298828125,1.279296875,-0.13671875,-0.322265625
32139,1.337890625,1.240234375,-0.244140625,-0.4296875
32140,1.42578125,1.38671875,-0.33203125,-0.439453125
32141,1.26953125,1.064453125,-0.458984375,-0.341796875
32142,1.25,1.2109375,-0.302734375,-0.400390625
32143,1.26953125,1.318359375,-0.2734375,-0.234375
32144,1.2109375,1.09375,-0.1171875,-0.37109375
32145,1.240234375,1.15234375,-0.263671875,-0.390625
32146,1.328125,1.181640625,-0.283203125,-0.4296875
32147,1.26953125,1.142578125,-0.21484375,-0.380859375
32148,1.328125,1.298828125,-0.205078125,-0.390625
32149,1.4453125,1.201171875,-0.146484375,-0.361328125
32150,1.26953125,1.259765625,-0.302734375,-0.37109375
32151,1.259765625,1.19140625,-0.234375,-0.400390625
32152,1.328125,1.220703125,-0.146484375,-0.234375
32153,1.279296875,1.19140625,-0.302734375,-0.33203125
32154,1.298828125,1.220703125,-0.205078125,-0.205078125
32155,1.2890625,1.11328125,-0.21484375,-0.5078125
32156,1.328125,1.201171875,-0.244140625,-0.400390625
32157,1.142578125,1.1328125,-0.244140625,-0.234375
32158,1.279296875,1.1328125,-0.185546875,-0.380859375
32159,1.23046875,1.220703125,-0.263671875,-0.302734375
32160,1.26953125,1.07421875,-0.224609375,-0.439453125
32161,1.201171875,1.201171875,-0.146484375,-0.361328125
32162,1.25,1.357421875,-0.400390625,-0.361328125
32163,1.34765625,1.142578125,-0.13671875,-0.33203125
32164,1.259765625,1.142578125,-0.17578125,-0.302734375
32165,1.259765625,1.34765625,-0.25390625,-0.33203125
32166,1.30859375,1.2890625,-0.068359375,-0.2734375
32167,1.162109375,1.220703125,-0.224609375,-0.3125
32168,1.26953125,1.34765625,-0.13671875,-0.33203125
32169,1.396484375,1.162109375,-0.234375,-0.244140625
32170,1.328125,1.181640625,-0.25390625,-0.322265625
32171,1.23046875,1.103515625,-0.068359375,-0.302734375
32172,1.25,1.123046875,-0.185546875,-0.29296875
32173,1.279296875,1.171875,-0.263671875,-0.2734375
32174,1.328125,1.1328125,-0.283203125,-0.234375
32175,1.259765625,1.19140625,-0.322265625,-0.44921875
32176,1.2890625,1.19140625,-0.3125,-0.2734375
32177,1.25,1.162109375,-0.234375,-0.37109375
32178,1.26953125,0.927734375,-0.283203125,-0.302734375
32179,1.38671875,1.142578125,-0.283203125,-0.361328125
32180,1.337890625,1.1328125,-0.224609375,-0.322265625
32181,1.279296875,1.123046875,-0.322265625,-0.25390625
32182,1.181640625,1.09375,-0.3125,-0.302734375
32183,1.2109375,1.181640625,-0.33203125,-0.361328125
32184,1.2890625,1.025390625,-0.3515625,-0.380859375
32185,1.181640625,1.123046875,-0.3125,-0.33203125
32186,1.328125,1.11328125,-0.341796875,-0.29296875
32187,1.19140625,1.181640625,-0.244140625,-0.400390625
32188,1.181640625,1.1328125,-0.29296875,-0.537109375
32189,1.279296875,1.0546875,-0.15625,-0.4296875
32190,1.25,1.083984375,-0.17578125,-0.302734375
32191,1.318359375,1.0546875,-0.29296875,-0.41015625
32192,1.2109375,1.0546875,-0.244140625,-0.380859375
32193,1.240234375,1.07421875,-0.302734375,-0.341796875
32194,1.337890625,1.1328125,-0.224609375,-0.283203125
32195,1.201171875,1.1328125,-0.234375,-0.341796875
32196,1.259765625,1.044921875,-0.3515625,-0.4296875
32197,1.279296875,1.162109375,-0.244140625,-0.33203125
32198,1.23046875,1.23046875,-0.2734375,-0.302734375
32199,1.23046875,1.201171875,-0.205078125,-0.37109375
32200,1.083984375,1.181640625,-0.263671875,-0.517578125
32201,1.201171875,1.1328125,-0.13671875,-0.41015625
32202,1.181640625,1.416015625,-0.361328125,-0.3125
32203,1.11328125,1.171875,-0.380859375,-0.33203125
32204,1.044921875,1.15234375,-0.3125,-0.341796875
32205,1.15234375,1.07421875,-0.283203125,-0.380859375
32206,1.220703125,1.171875,-0.205078125,-0.234375
32207,1.279296875,1.2109375,-0.244140625,-0.4296875
32208,1.220703125,1.0546875,-0.302734375,-0.3125
32209,1.162109375,1.171875,-0.283203125,-0.517578125
32210,1.142578125,1.15234375,-0.25390625,-0.3515625
32211,1.19140625,1.11328125,-0.283203125,-0.29296875
32212,1.298828125,1.171875,-0.390625,-0.5859375
32213,1.201171875,1.123046875,-0.33203125,-0.4296875
32214,1.201171875,1.259765625,-0.361328125,-0.341796875
32215,1.298828125,1.1328125,-0.283203125,-0.361328125
32216,1.162109375,1.142578125,-0.322265625,-0.44921875
32217,1.19140625,1.171875,-0.25390625,-0.33203125
32218,1.201171875,1.11328125,-0.361328125,-0.3125
32219,1.09375,1.09375,-0.302734375,-0.341796875
32220,1.2109375,1.220703125,-0.146484375,-0.3515625
32221,1.201171875,1.142578125,-0.234375,-0.41015625
32222,1.25,1.142578125,-0.185546875,-0.361328125
32223,1.23046875,1.259765625,-0.419921875,-0.361328125
32224,1.25,1.11328125,-0.185546875,-0.33203125
32225,1.30859375,1.09375,-0.234375,-0.439453125
32226,1.19140625,1.083984375,-0.3515625,-0.37109375
32227,1.220703125,1.07421875,-0.419921875,-0.3515625
32228,1.318359375,1.15234375,-0.224609375,-0.380859375
32229,1.181640625,1.19140625,-0.234375,-0.3515625
32230,1.25,1.09375,-0.390625,-0.3515625
32231,1.23046875,1.1328125,-0.263671875,-0.33203125
32232,1.240234375,1.0546875,-0.2734375,-0.439453125
32233,1.240234375,1.07421875,-0.17578125,-0.37109375
32234,1.181640625,1.083984375,-0.25390625,-0.478515625
32235,1.162109375,0.8984375,-0.25390625,-0.400390625
32236,1.2109375,1.1328125,-0.3125,-0.2734375
32237,1.328125,1.0546875,-0.29296875,-0.3515625
32238,1.240234375,1.162109375,-0.283203125,-0.322265625
32239,1.181640625,1.083984375,-0.244140625,-0.419921875
32240,1.328125,1.11328125,-0.234375,-0.3515625
32241,1.26953125,0.9765625,-0.322265625,-0.263671875
32242,1.2109375,1.171875,-0.302734375,-0.29296875
32243,1.259765625,1.044921875,-0.21484375,-0.380859375
32244,1.201171875,1.005859375,-0.15625,-0.341796875
32245,1.240234375,0.986328125,-0.205078125,-0.33203125
32246,1.2890625,1.11328125,-0.25390625,-0.185546875
32247,1.25,0.99609375,-0.166015625,-0.283203125
32248,1.171875,1.171875,-0.205078125,-0.244140625
32249,1.19140625,1.09375,-0.224609375,-0.341796875
32250,1.09375,0.986328125,-0.185546875,-0.29296875
32251,1.220703125,0.947265625,-0.234375,-0.283203125
32252,1.25,1.005859375,-0.185546875,-0.283203125
32253,1.3671875,0.91796875,-0.146484375,-0.33203125
32254,1.25,0.888671875,-0.33203125,-0.37109375
32255,1.171875,1.025390625,-0.1953125,-0.234375
32256,1.23046875,1.03515625,-0.21484375,-0.380859375
32257,1.279296875,1.1328125,-0.21484375,-0.2734375
32258,1.2890625,1.005859375,-0.263671875,-0.439453125
32259,1.376953125,0.966796875,-0.1953125,-0.48828125
32260,1.23046875,0.9765625,-0.283203125,-0.361328125
32261,1.240234375,0.9375,-0.205078125,-0.302734375
32262,1.298828125,1.044921875,-0.234375,-0.283203125
32263,1.26953125,0.849609375,-0.185546875,-0.29296875
32264,1.357421875,1.03515625,-0.25390625,-0.25390625
32265,1.103515625,1.123046875,-0.29296875,-0.2734375
32266,1.2109375,0.99609375,-0.2734375,-0.33203125
32267,1.162109375,1.015625,-0.224609375,-0.478515625
32268,1.044921875,0.986328125,-0.3125,-0.48828125
32269,1.23046875,0.966796875,-0.205078125,-0.29296875
32270,1.26953125,1.044921875,-0.21484375,-0.41015625
32271,1.240234375,1.03515625,-0.2734375,-0.341796875
32272,1.2109375,0.9765625,-0.21484375,-0.29296875
32273,1.23046875,1.025390625,-0.185546875,-0.33203125
32274,1.279296875,1.025390625,-0.224609375,-0.3125
32275,1.240234375,1.142578125,-0.29296875,-0.400390625
32276,1.26953125,1.064453125,-0.234375,-0.263671875
32277,1.064453125,1.11328125,-0.2734375,-0.380859375
32278,1.23046875,0.927734375,-0.224609375,-0.2734375
32279,1.23046875,1.044921875,-0.1953125,-0.44921875
32280,1.1328125,0.986328125,-0.1953125,-0.302734375
32281,1.26953125,1.0546875,-0.244140625,-0.283203125
32282,1.23046875,0.9765625,-0.244140625,-0.33203125
32283,1.11328125,0.966796875,-0.21484375,-0.478515625
32284,1.259765625,0.908203125,-0.15625,-0.283203125
32285,1.2109375,0.986328125,-0.21484375,-0.341796875
32286,1.19140625,1.044921875,-0.2734375,-0.33203125
32287,1.26953125,1.142578125,-0.283203125,-0.224609375
32288,1.259765625,1.015625,-0.166015625,-0.361328125
32289,1.181640625,0.947265625,-0.302734375,-0.361328125
32290,1.23046875,0.9765625,-0.185546875,-0.283203125
32291,1.171875,0.986328125,-0.302734375,-0.15625
32292,1.34765625,0.9765625,-0.244140625,-0.419921875
32293,1.201171875,0.91796875,-0.302734375,-0.380859375
32294,1.240234375,0.947265625,-0.205078125,-0.3515625
32295,1.240234375,1.015625,-0.244140625,-0.3515625
32296,1.1328125,0.9375,-0.234375,-0.3125
32297,1.181640625,1.025390625,-0.33203125,-0.1171875
32298,1.259765625,1.005859375,-0.234375,-0.29296875
32299,1.240234375,0.966796875,-0.21484375,-0.283203125
32300,1.240234375,0.99609375,-0.224609375,-0.380859375
32301,1.2109375,1.03515625,-0.205078125,-0.37109375
32302,1.19140625,0.927734375,-0.21484375,-0.283203125
32303,1.171875,1.064453125,-0.25390625,-0.2734375
32304,1.220703125,1.0546875,-0.1953125,-0.41015625
32305,1.30859375,0.99609375,-0.25390625,-0.185546875
32306,1.19140625,0.9375,-0.21484375,-0.341796875
32307,1.181640625,1.03515625,-0.166015625,-0.341796875
32308,1.15234375,0.95703125,-0.205078125,-0.322265625
32309,1.220703125,1.09375,-0.234375,-0.37109375
32310,1.07421875,1.0546875,-0.25390625,-0.625
32311,1.201171875,0.859375,-0.166015625,-0.341796875
32312,1.11328125,0.966796875,-0.322265625,-0.37109375
32313,1.181640625,1.044921875,-0.224609375,-0.37109375
32314,1.083984375,1.11328125,-0.302734375,-0.33203125
32315,1.11328125,0.888671875,-0.244140625,-0.390625
32316,1.25,1.0546875,-0.244140625,-0.263671875
32317,1.181640625,0.927734375,-0.244140625,-0.380859375
32318,1.19140625,0.8984375,-0.3125,-0.3515625
32319,1.1328125,1.0546875,-0.205078125,-0.400390625
32320,1.1328125,1.171875,-0.322265625,-0.302734375
32321,1.259765625,1.015625,-0.263671875,-0.37109375
32322,1.259765625,1.044921875,-0.244140625,-0.263671875
32323,1.09375,0.986328125,-0.234375,-0.341796875
32324,1.2890625,1.083984375,-0.234375,-0.3125
32325,1.2109375,1.11328125,-0.224609375,-0.33203125
32326,1.103515625,1.064453125,-0.21484375,-0.322265625
32327,1.23046875,1.1328125,-0.146484375,-0.2734375
32328,1.2109375,1.064453125,-0.29296875,-0.21484375
32329,1.240234375,1.142578125,-0.21484375,-0.2734375
32330,1.240234375,1.123046875,-0.224609375,-0.341796875
32331,1.19140625,1.044921875,-0.185546875,-0.46875
32332,1.25,0.986328125,-0.205078125,-0.302734375
32333,1.26953125,1.103515625,-0.21484375,-0.33203125
32334,1.23046875,1.07421875,-0.224609375,-0.322265625
32335,1.171875,1.1328125,-0.263671875,-0.29296875
32336,1.240234375,1.171875,-0.126953125,-0.322265625
32337,1.171875,1.064453125,-0.15625,-0.3515625
32338,1.19140625,1.123046875,-0.205078125,-0.224609375
32339,1.162109375,1.083984375,-0.1171875,-0.2734375
32340,1.23046875,1.044921875,-0.13671875,-0.44921875
32341,1.123046875,1.07421875,-0.1953125,-0.380859375
32342,1.162109375,1.07421875,-0.205078125,-0.33203125
32343,1.201171875,1.07421875,-0.244140625,-0.439453125
32344,1.181640625,1.11328125,-0.21484375,-0.41015625
32345,1.171875,1.26953125,-0.17578125,-0.263671875
32346,1.240234375,1.044921875,-0.1953125,-0.2734375
32347,1.181640625,1.07421875,-0.185546875,-0.29296875
32348,1.240234375,1.044921875,-0.1171875,-0.244140625
32349,1.25,0.99609375,-0.13671875,-0.29296875
32350,1.240234375,1.09375,-0.1171875,-0.15625
32351,1.220703125,1.0546875,-0.09765625,-0.283203125
32352,1.23046875,1.025390625,-0.166015625,-0.361328125
32353,1.259765625,1.0546875,-0.25390625,-0.3125
32354,1.240234375,1.162109375,-0.1953125,-0.29296875
32355,1.15234375,1.025390625,-0.1953125,-0.244140625
32356,1.2890625,1.07421875,-0.234375,-0.302734375
32357,1.2109375,1.171875,-0.15625,-0.25390625
32358,1.201171875,0.869140625,-0.146484375,-0.33203125
32359,1.23046875,1.083984375,-0.29296875,-0.126953125
32360,1.19140625,1.07421875,-0.2734375,-0.224609375
32361,1.25,1.25,-0.263671875,-0.244140625
32362,1.25,1.103515625,-0.166015625,-0.1171875
32363,1.171875,1.083984375,-0.25390625,-0.224609375
32364,1.279296875,0.9375,-0.078125,-0.15625
32365,1.337890625,1.103515625,-0.263671875,-0.29296875
32366,1.30859375,1.083984375,-0.263671875,-0.234375
32367,1.298828125,1.103515625,-0.205078125,-0.244140625
32368,1.484375,1.07421875,-0.21484375,0
32369,1.3671875,1.162109375,-0.21484375,-0.244140625
32370,1.318359375,1.09375,-0.2734375,-0.244140625
32371,1.298828125,1.1328125,-0.234375,-0.263671875
32372,1.26953125,1.025390625,-0.21484375,-0.302734375
32373,1.2890625,0.99609375,-0.166015625,-0.224609375
32374,1.2890625,1.09375,-0.166015625,-0.029296875
32375,1.2890625,0.9375,-0.224609375,-0.283203125
32376,1.26953125,1.15234375,-0.33203125,-0.283203125
32377,1.142578125,1.103515625,-0.166015625,-0.29296875
32378,1.09375,0.91796875,-0.1953125,-0.2734375
32379,1.2109375,1.181640625,-0.283203125,-0.234375
32380,1.25,1.103515625,-0.185546875,-0.244140625
32381,1.162109375,1.025390625,-0.263671875,-0.244140625
32382,1.220703125,1.015625,-0.21484375,-0.29296875
32383,1.171875,1.09375,-0.322265625,-0.302734375
32384,1.25,1.03515625,-0.302734375,-0.400390625
32385,1.201171875,1.07421875,-0.302734375,-0.205078125
32386,1.162109375,1.1328125,-0.263671875,-0.283203125
32387,1.083984375,1.1328125,-0.2734375,-0.380859375
32388,1.171875,1.044921875,-0.302734375,-0.263671875
32389,1.1328125,1.083984375,-0.302734375,-0.21484375
32390,1.142578125,1.064453125,-0.244140625,-0.078125
32391,1.298828125,1.083984375,-0.224609375,-0.224609375
32392,1.26953125,1.07421875,-0.380859375,-0.17578125
32393,1.201171875,1.083984375,-0.3515625,-0.185546875
32394,1.259765625,1.025390625,-0.283203125,-0.21484375
32395,1.298828125,1.064453125,-0.263671875,-0.21484375
32396,1.015625,1.044921875,-0.390625,-0.068359375
32397,1.220703125,1.103515625,-0.33203125,-0.244140625
32398,1.2890625,1.064453125,-0.234375,-0.234375
32399,1.279296875,1.07421875,-0.263671875,-0.166015625
32400,1.220703125,1.07421875,-0.322265625,-0.244140625
32401,1.220703125,1.07421875,-0.205078125,-0.29296875
32402,1.2890625,1.044921875,-0.29296875,-0.283203125
32403,1.15234375,1.044921875,-0.29296875,-0.25390625
32404,1.1328125,1.005859375,-0.21484375,-0.15625
32405,1.181640625,1.064453125,-0.25390625,-0.33203125
32406,1.162109375,1.044921875,-0.37109375,-0.263671875
32407,1.2109375,1.083984375,-0.390625,-0.263671875
32408,1.201171875,1.064453125,-0.244140625,-0.15625
32409,1.2109375,1.171875,-0.21484375,-0.15625
32410,1.1328125,1.07421875,-0.087890625,-0.166015625
32411,1.201171875,1.0546875,-0.234375,-0.185546875
32412,1.15234375,1.11328125,-0.234375,-0.224609375
32413,1.23046875,1.083984375,-0.21484375,-0.263671875
32414,1.083984375,1.044921875,-0.2734375,-0.244140625
32415,1.201171875,1.23046875,-0.224609375,-0.263671875
32416,1.15234375,1.044921875,-0.09765625,-0.25390625
32417,1.15234375,1.103515625,-0.234375,-0.224609375
32418,1.34765625,0.78125,-0.1953125,-0.21484375
32419,1.142578125,1.015625,-0.1953125,-0.341796875
32420,1.064453125,1.11328125,-0.21484375,-0.2734375
32421,1.03515625,1.23046875,-0.1953125,-0.17578125
32422,1.1328125,1.07421875,-0.2734375,-0.3125
32423,1.005859375,1.005859375,-0.1953125,-0.25390625
32424,1.142578125,1.064453125,-0.185546875,-0.341796875
32425,1.162109375,1.09375,-0.2734375,-0.37109375
32426,1.123046875,1.15234375,-0.185546875,-0.25390625
32427,1.2109375,1.162109375,-0.205078125,-0.283203125
32428,1.171875,1.123046875,-0.126953125,-0.380859375
32429,1.240234375,1.064453125,-0.205078125,-0.126953125
32430,1.142578125,0.966796875,-0.322265625,-0.205078125
32431,1.15234375,1.103515625,-0.341796875,-0.25390625
32432,1.025390625,1.083984375,-0.205078125,-0.302734375
32433,1.142578125,1.181640625,-0.224609375,-0.341796875
32434,1.181640625,1.07421875,-0.1953125,-0.2734375
32435,1.162109375,1.201171875,-0.21484375,-0.44921875
32436,1.0546875,1.09375,-0.224609375,-0.2734375
32437,1.171875,1.38671875,-0.341796875,-0.234375
32438,1.25,1.15234375,-0.244140625,-0.4296875
32439,1.171875,1.083984375,-0.283203125,-0.263671875
32440,1.201171875,1.240234375,-0.224609375,-0.205078125
32441,1.142578125,1.181640625,-0.263671875,-0.234375
32442,1.07421875,1.19140625,-0.185546875,-0.3125
32443,1.171875,1.123046875,-0.29296875,-0.3125
32444,1.171875,1.19140625,-0.25390625,-0.25390625
32445,1.2109375,1.162109375,-0.263671875,-0.283203125
32446,1.23046875,1.03515625,-0.244140625,-0.2734375
32447,1.220703125,1.09375,-0.048828125,-0.341796875
32448,1.2109375,1.2109375,-0.25390625,-0.3125
32449,1.25,1.064453125,-0.29296875,-0.234375
32450,1.220703125,1.171875,-0.3125,-0.13671875
32451,1.2109375,1.220703125,-0.17578125,-0.224609375
32452,1.201171875,1.162109375,-0.205078125,-0.361328125
32453,1.240234375,1.103515625,-0.185546875,-0.21484375
32454,1.240234375,1.1328125,-0.185546875,-0.1953125
32455,1.23046875,1.162109375,-0.17578125,-0.2734375
32456,1.162109375,1.220703125,-0.166015625,-0.25390625
32457,1.2109375,1.19140625,-0.15625,-0.283203125
32458,1.2109375,1.03515625,-0.244140625,-0.29296875
32459,1.181640625,1.181640625,-0.13671875,-0.224609375
32460,1.240234375,1.162109375,-0.17578125,-0.185546875
32461,1.2109375,1.15234375,-0.15625,-0.29296875
32462,1.23046875,1.19140625,-0.283203125,-0.1953125
32463,1.240234375,1.083984375,-0.146484375,-0.390625
32464,1.2890625,0.87890625,-0.3125,-0.224609375
32465,1.279296875,0.91796875,-0.29296875,-0.3515625
32466,1.123046875,1.201171875,-0.21484375,-0.234375
32467,1.25,1.0546875,-0.048828125,-0.283203125
32468,1.23046875,1.181640625,-0.234375,-0.17578125
32469,1.298828125,1.064453125,-0.234375,-0.29296875
32470,1.279296875,1.025390625,-0.25390625,-0.25390625
32471,1.259765625,1.11328125,-0.1953125,-0.341796875
32472,1.19140625,1.142578125,-0.205078125,-0.13671875
32473,1.123046875,1.1328125,-0.3125,-0.29296875
32474,1.201171875,1.34765625,-0.146484375,-0.302734375
32475,1.2890625,1.15234375,-0.224609375,-0.244140625
32476,1.220703125,1.23046875,-0.3515625,-0.322265625
32477,1.220703125,1.103515625,-0.29296875,-0.244140625
32478,1.201171875,1.181640625,-0.17578125,-0.283203125
32479,1.26953125,1.181640625,-0.166015625,-0.322265625
32480,1.220703125,1.30859375,-0.087890625,-0.29296875
32481,1.220703125,1.142578125,-0.224609375,-0.2734375
32482,1.240234375,1.142578125,-0.185546875,-0.341796875
32483,1.181640625,1.15234375,-0.205078125,-0.25390625
32484,1.26953125,1.083984375,-0.1953125,-0.4296875
32485,1.416015625,1.162109375,-0.146484375,-0.1953125
32486,1.201171875,1.1328125,-0.29296875,-0.21484375
32487,1.328125,1.19140625,-0.244140625,-0.1953125
32488,1.298828125,1.064453125,-0.341796875,-0.2734375
32489,1.26953125,1.201171875,-0.2734375,-0.263671875
32490,0.99609375,1.171875,-0.21484375,-0.33203125
32491,1.25,1.142578125,-0.322265625,-0.25390625
32492,1.2890625,1.201171875,-0.087890625,-0.283203125
32493,1.2109375,1.171875,-0.2734375,-0.283203125
32494,1.19140625,1.162109375,-0.3515625,-0.37109375
32495,1.240234375,1.181640625,-0.263671875,-0.1953125
32496,1.38671875,1.123046875,-0.302734375,-0.166015625
32497,1.240234375,1.19140625,-0.341796875,-0.17578125
32498,1.2890625,1.220703125,-0.21484375,-0.29296875
32499,1.34765625,1.171875,-0.25390625,-0.4296875
32500,1.298828125,1.005859375,-0.21484375,-0.166015625
32501,1.23046875,0.986328125,-0.185546875,-0.2734375
32502,1.2109375,1.19140625,-0.224609375,-0.2734375
32503,1.298828125,1.181640625,-0.33203125,-0.48828125
32504,1.23046875,1.15234375,-0.390625,-0.29296875
32505,1.19140625,1.171875,-0.29296875,-0.3125
32506,1.171875,1.142578125,-0.15625,-0.2734375
32507,1.240234375,1.201171875,-0.166015625,-0.263671875
32508,1.279296875,1.123046875,-0.2734375,-0.263671875
32509,1.2109375,1.103515625,-0.224609375,-0.2734375
32510,1.201171875,1.11328125,-0.25390625,-0.283203125
32511,1.15234375,1.181640625,-0.2734375,-0.322265625
32512,1.19140625,1.162109375,-0.3125,-0.2734375
32513,1.2109375,1.259765625,-0.322265625,-0.3125
32514,1.25,1.298828125,-0.302734375,-0.390625
32515,1.103515625,1.2109375,-0.302734375,-0.283203125
32516,1.1328125,1.03515625,-0.3515625,-0.224609375
32517,1.220703125,1.162109375,-0.41015625,-0.263671875
32518,1.26953125,1.240234375,-0.21484375,-0.244140625
32519,1.171875,1.142578125,-0.380859375,-0.244140625
32520,1.181640625,1.181640625,-0.37109375,-0.1953125
32521,1.171875,1.162109375,-0.3125,-0.4296875
32522,1.220703125,1.083984375,-0.205078125,-0.234375
32523,1.181640625,1.23046875,-0.263671875,-0.185546875
32524,1.11328125,1.15234375,-0.205078125,-0.3125
32525,1.142578125,1.142578125,-0.2734375,-0.25390625
32526,1.162109375,1.15234375,-0.048828125,-0.33203125
32527,1.064453125,1.181640625,-0.1953125,-0.126953125
32528,1.19140625,1.083984375,-0.234375,-0.322265625
32529,1.142578125,1.142578125,-0.244140625,-0.21484375
32530,1.181640625,1.162109375,-0.234375,-0.341796875
32531,1.09375,1.328125,-0.263671875,-0.283203125
32532,1.220703125,1.181640625,-0.244140625,-0.244140625
32533,1.240234375,1.181640625,-0.224609375,-0.380859375
32534,1.19140625,1.328125,-0.3515625,-0.341796875
32535,1.279296875,1.181640625,-0.263671875,-0.302734375
32536,1.123046875,1.19140625,-0.21484375,-0.400390625
32537,1.25,1.083984375,-0.15625,-0.2734375
32538,1.181640625,1.19140625,-0.41015625,-0.33203125
32539,1.1328125,1.240234375,-0.263671875,-0.17578125
32540,1.25,1.38671875,-0.390625,-0.341796875
32541,1.19140625,1.240234375,-0.17578125,-0.322265625
32542,1.298828125,1.25,-0.25390625,-0.078125
32543,1.26953125,1.34765625,-0.2734375,-0.29296875
32544,1.30859375,1.103515625,-0.166015625,-0.29296875
32545,1.201171875,1.259765625,-0.29296875,-0.458984375
32546,1.328125,1.259765625,-0.302734375,-0.3125
32547,1.259765625,1.162109375,-0.2734375,-0.263671875
32548,1.42578125,1.23046875,-0.15625,-0.2734375
32549,1.30859375,1.171875,-0.205078125,-0.263671875
32550,1.23046875,1.162109375,-0.302734375,-0.205078125
32551,1.337890625,1.181640625,-0.2734375,-0.2734375
32552,1.2890625,1.1328125,-0.244140625,-0.29296875
32553,1.26953125,1.123046875,-0.234375,-0.234375
32554,1.328125,1.19140625,-0.224609375,-0.244140625
32555,1.416015625,1.09375,-0.09765625,-0.283203125
32556,1.2890625,1.11328125,-0.234375,-0.400390625
32557,1.2109375,1.240234375,-0.1953125,-0.2734375
32558,1.318359375,1.19140625,-0.2734375,-0.3125
32559,1.26953125,1.19140625,-0.068359375,-0.244140625
32560,1.26953125,1.162109375,-0.205078125,-0.244140625
32561,1.357421875,1.181640625,-0.205078125,-0.361328125
32562,1.30859375,1.015625,-0.33203125,-0.33203125
32563,1.38671875,1.19140625,-0.263671875,-0.2734375
32564,1.3671875,1.1328125,-0.302734375,-0.263671875
32565,1.34765625,1.07421875,-0.146484375,-0.3125
32566,1.318359375,1.19140625,-0.3125,-0.029296875
32567,1.2890625,1.1328125,-0.1953125,-0.302734375
32568,1.328125,1.11328125,-0.390625,-0.283203125
32569,1.376953125,1.259765625,-0.380859375,-0.3125
32570,1.142578125,1.259765625,-0.3125,-0.380859375
32571,1.337890625,1.2109375,-0.263671875,-0.341796875
32572,1.298828125,1.15234375,-0.3515625,-0.244140625
32573,1.259765625,1.240234375,-0.29296875,-0.341796875
32574,1.279296875,1.142578125,-0.205078125,-0.29296875
32575,1.25,1.2890625,-0.21484375,-0.439453125
32576,1.38671875,1.240234375,-0.205078125,-0.48828125
32577,1.279296875,1.328125,-0.25390625,-0.322265625
32578,1.279296875,1.26953125,-0.25390625,-0.3125
32579,1.26953125,1.23046875,-0.185546875,-0.283203125
32580,1.2890625,1.07421875,-0.13671875,-0.37109375
32581,1.30859375,1.171875,-0.283203125,-0.361328125
32582,1.25,1.201171875,-0.1953125,-0.361328125
32583,1.298828125,1.142578125,-0.283203125,-0.37109375
32584,1.220703125,1.181640625,-0.205078125,-0.29296875
32585,1.25,1.181640625,-0.17578125,-0.4296875
32586,1.279296875,1.240234375,-0.078125,-0.390625
32587,1.30859375,1.19140625,-0.01953125,-0.400390625
32588,1.26953125,1.181640625,-0.185546875,-0.322265625
32589,1.318359375,1.0546875,-0.1953125,-0.33203125
32590,1.328125,1.259765625,-0.205078125,-0.37109375
32591,1.2109375,1.142578125,-0.25390625,-0.29296875
32592,1.328125,1.26953125,-0.29296875,-0.33203125
32593,1.318359375,1.19140625,-0.205078125,-0.3515625
32594,1.279296875,1.1328125,-0.283203125,-0.361328125
32595,1.259765625,1.259765625,-0.3515625,-0.341796875
32596,1.279296875,1.123046875,-0.341796875,-0.33203125
32597,1.337890625,1.103515625,-0.263671875,-0.546875
32598,1.40625,1.07421875,-0.263671875,-0.390625
32599,1.220703125,1.103515625,-0.37109375,-0.3515625
32600,1.201171875,1.142578125,-0.244140625,-0.263671875
32601,1.34765625,1.2109375,-0.17578125,-0.302734375
32602,1.298828125,1.357421875,-0.21484375,-0.390625
32603,1.26953125,1.11328125,-0.302734375,-0.361328125
32604,1.328125,1.38671875,-0.322265625,-0.400390625
32605,1.337890625,1.123046875,-0.380859375,-0.33203125
32606,1.181640625,1.1328125,-0.3125,-0.400390625
32607,1.240234375,1.015625,-0.390625,-0.419921875
32608,1.328125,1.19140625,-0.234375,-0.33203125
32609,1.181640625,1.1328125,-0.205078125,-0.25390625
32610,1.40625,1.220703125,-0.3125,-0.224609375
32611,1.298828125,1.015625,-0.263671875,-0.25390625
32612,1.23046875,1.162109375,-0.3125,-0.166015625
32613,1.23046875,1.318359375,-0.2734375,-0.33203125
32614,1.279296875,1.142578125,-0.400390625,-0.3515625
32615,1.142578125,1.201171875,-0.2734375,-0.361328125
32616,1.328125,1.07421875,-0.322265625,-0.21484375
32617,1.23046875,1.162109375,-0.087890625,-0.3515625
32618,1.083984375,1.123046875,-0.283203125,-0.205078125
32619,1.25,1.181640625,-0.33203125,-0.283203125
32620,1.259765625,1.103515625,-0.234375,-0.361328125
32621,1.23046875,1.1328125,-0.1953125,-0.439453125
32622,1.25,1.1328125,-0.146484375,-0.419921875
32623,1.23046875,1.15234375,-0.1953125,-0.41015625
32624,1.259765625,1.1328125,-0.263671875,-0.37109375
32625,1.279296875,1.09375,-0.244140625,-0.341796875
32626,1.171875,1.083984375,-0.21484375,-0.33203125
32627,1.103515625,1.15234375,-0.2734375,-0.29296875
32628,1.142578125,1.142578125,-0.263671875,-0.37109375
32629,1.171875,1.328125,-0.302734375,-0.3515625
32630,1.181640625,1.201171875,-0.263671875,-0.400390625
32631,1.298828125,1.123046875,-0.2734375,-0.302734375
32632,1.171875,1.15234375,-0.146484375,-0.400390625
32633,1.162109375,1.103515625,-0.33203125,-0.400390625
32634,1.083984375,1.11328125,-0.3515625,-0.46875
32635,1.220703125,1.19140625,-0.361328125,-0.419921875
32636,1.201171875,1.1328125,-0.205078125,-0.17578125
32637,1.162109375,1.142578125,-0.29296875,-0.283203125
32638,1.240234375,1.298828125,-0.4296875,-0.322265625
32639,1.162109375,1.11328125,-0.25390625,-0.439453125
32640,1.220703125,1.103515625,-0.283203125,-0.615234375
32641,1.15234375,1.103515625,-0.166015625,-0.33203125
32642,1.162109375,1.103515625,-0.1953125,-0.322265625
32643,1.123046875,1.1328125,-0.263671875,-0.224609375
32644,1.181640625,1.337890625,-0.33203125,-0.37109375
32645,1.15234375,1.15234375,-0.1953125,-0.4296875
32646,1.1328125,1.162109375,-0.185546875,-0.3515625
32647,1.162109375,0.986328125,-0.2734375,-0.3125
32648,1.181640625,1.259765625,-0.224609375,-0.44921875
32649,1.34765625,1.25,-0.234375,-0.48828125
32650,1.171875,1.064453125,-0.29296875,-0.400390625
32651,1.15234375,1.2109375,-0.263671875,-0.498046875
32652,1.181640625,1.1328125,-0.17578125,-0.341796875
32653,1.30859375,1.171875,-0.283203125,-0.390625
32654,1.240234375,1.181640625,-0.21484375,-0.41015625
32655,1.162109375,1.123046875,-0.224609375,-0.21484375
32656,1.15234375,1.123046875,-0.126953125,-0.263671875
32657,1.240234375,1.11328125,-0.185546875,-0.380859375
32658,1.259765625,1.11328125,-0.283203125,-0.400390625
32659,1.26953125,1.07421875,-0.2734375,-0.283203125
32660,1.26953125,1.103515625,-0.4296875,-0.458984375
32661,1.26953125,1.11328125,-0.15625,-0.341796875
32662,1.328125,1.09375,-0.3125,-0.439453125
32663,1.259765625,1.15234375,-0.205078125,-0.390625
32664,1.30859375,1.0546875,-0.244140625,-0.458984375
32665,1.337890625,1.015625,-0.2734375,-0.341796875
32666,1.25,1.279296875,-0.166015625,-0.400390625
32667,1.416015625,1.1328125,-0.263671875,-0.390625
32668,1.318359375,1.09375,-0.205078125,-0.322265625
32669,1.279296875,1.142578125,-0.2734375,-0.244140625
32670,1.2109375,1.103515625,-0.2734375,-0.41015625
32671,1.40625,1.083984375,-0.283203125,-0.322265625
32672,1.25,1.142578125,-0.25390625,-0.234375
32673,1.2890625,1.142578125,-0.1953125,-0.380859375
32674,1.30859375,1.005859375,-0.15625,-0.380859375
32675,1.259765625,0.947265625,-0.224609375,-0.341796875
32676,1.162109375,1.025390625,-0.1953125,-0.341796875
32677,1.2109375,0.9765625,-0.13671875,-0.419921875
32678,1.279296875,1.025390625,-0.322265625,-0.302734375
32679,1.162109375,1.044921875,-0.1953125,-0.361328125
32680,1.2890625,1.1328125,-0.15625,-0.322265625
32681,1.259765625,0.9375,-0.283203125,-0.29296875
32682,1.240234375,1.09375,-0.234375,-0.15625
32683,1.25,1.044921875,-0.15625,-0.3515625
32684,1.240234375,0.9765625,-0.1953125,-0.439453125
32685,1.435546875,1.083984375,-0.17578125,-0.263671875
32686,1.19140625,0.99609375,-0.13671875,-0.263671875
32687,1.279296875,1.07421875,-0.283203125,-0.263671875
32688,1.3671875,1.005859375,-0.234375,-0.537109375
32689,1.376953125,1.044921875,-0.244140625,-0.361328125
32690,1.25,1.083984375,-0.224609375,-0.3515625
32691,1.19140625,1.07421875,-0.21484375,-0.3125
32692,1.328125,1.015625,-0.29296875,-0.341796875
32693,1.298828125,1.005859375,-0.17578125,-0.380859375
32694,1.064453125,0.9375,-0.25390625,-0.244140625
32695,1.279296875,1.005859375,-0.224609375,-0.37109375
32696,1.357421875,1.0546875,-0.15625,-0.400390625
32697,1.1328125,1.015625,-0.205078125,-0.341796875
32698,1.34765625,0.966796875,-0.302734375,-0.400390625
32699,1.2109375,1.220703125,-0.322265625,-0.2734375
32700,1.220703125,0.966796875,-0.205078125,-0.283203125
32701,1.201171875,1.015625,-0.234375,-0.263671875
32702,1.328125,0.99609375,-0.234375,-0.2734375
32703,1.240234375,0.76171875,-0.205078125,-0.33203125
32704,1.318359375,0.99609375,-0.244140625,-0.29296875
32705,1.2109375,0.986328125,-0.400390625,-0.224609375
32706,1.2109375,1.005859375,-0.361328125,-0.302734375
32707,1.19140625,0.9765625,-0.322265625,-0.21484375
32708,1.2890625,0.927734375,-0.21484375,-0.29296875
32709,1.2109375,0.8984375,-0.146484375,-0.3125
32710,1.396484375,0.966796875,-0.29296875,-0.41015625
32711,1.240234375,0.99609375,-0.15625,-0.302734375
32712,1.19140625,0.986328125,-0.1953125,-0.361328125
32713,1.25,1.015625,-0.25390625,-0.25390625
32714,1.298828125,0.947265625,-0.17578125,-0.302734375
32715,1.25,1.015625,-0.205078125,-0.341796875
32716,1.09375,1.015625,-0.244140625,-0.263671875
32717,1.25,0.9765625,-0.146484375,-0.302734375
32718,1.2109375,1.03515625,-0.205078125,-0.3125
32719,1.30859375,0.99609375,-0.2734375,-0.29296875
32720,1.25,1.0546875,-0.205078125,-0.380859375
32721,1.318359375,1.015625,-0.224609375,-0.2734375
32722,1.318359375,1.083984375,-0.1953125,-0.390625
32723,1.162109375,0.9375,-0.29296875,-0.1953125
32724,1.240234375,1.083984375,-0.29296875,-0.302734375
32725,1.26953125,1.025390625,-0.146484375,-0.234375
32726,1.2109375,0.99609375,-0.3125,-0.263671875
32727,1.23046875,1.044921875,-0.283203125,-0.25390625
32728,1.240234375,1.015625,-0.185546875,-0.33203125
32729,1.23046875,1.09375,-0.244140625,-0.302734375
32730,1.220703125,0.927734375,-0.087890625,-0.322265625
32731,1.259765625,1.015625,-0.234375,-0.205078125
32732,1.23046875,1.103515625,-0.263671875,-0.2734375
32733,1.240234375,0.888671875,-0.185546875,-0.234375
32734,1.259765625,1.005859375,-0.2734375,-0.244140625
32735,1.279296875,1.083984375,-0.21484375,-0.224609375
32736,1.220703125,0.99609375,-0.37109375,-0.3125
32737,1.240234375,1.03515625,-0.21484375,-0.205078125
32738,1.26953125,0.95703125,-0.146484375,-0.29296875
32739,1.23046875,0.9765625,-0.380859375,-0.283203125
32740,1.181640625,0.99609375,-0.205078125,-0.3125
32741,1.083984375,0.9765625,-0.224609375,-0.3125
32742,1.19140625,1.07421875,-0.087890625,-0.234375
32743,1.181640625,1.005859375,-0.244140625,-0.234375
32744,1.25,0.91796875,-0.21484375,-0.37109375
32745,1.220703125,1.0546875,-0.3125,-0.263671875
32746,1.201171875,1.025390625,-0.283203125,-0.576171875
32747,1.15234375,1.025390625,-0.205078125,-0.400390625
32748,1.15234375,1.005859375,-0.224609375,-0.33203125
32749,1.201171875,1.044921875,-0.205078125,-0.37109375
32750,0.95703125,1.005859375,-0.283203125,-0.37109375
32751,1.240234375,1.162109375,-0.21484375,-0.29296875
32752,1.26953125,1.044921875,-0.234375,-0.41015625
32753,1.171875,0.966796875,-0.234375,-0.3515625
32754,1.259765625,0.986328125,-0.205078125,-0.234375
32755,1.162109375,1.07421875,-0.17578125,-0.380859375
32756,1.25,1.064453125,-0.244140625,-0.322265625
32757,1.19140625,1.07421875,-0.146484375,-0.302734375
32758,1.19140625,1.1328125,-0.205078125,-0.263671875
32759,1.240234375,1.064453125,-0.234375,-0.361328125
32760,1.240234375,1.1328125,-0.107421875,-0.2734375
32761,1.240234375,1.07421875,-0.25390625,-0.322265625
32762,1.25,1.07421875,-0.17578125,-0.380859375
32763,1.23046875,1.123046875,-0.322265625,-0.33203125
32764,1.171875,1.044921875,-0.1953125,-0.1953125
32765,1.259765625,1.07421875,-0.205078125,-0.1953125
32766,1.2890625,1.044921875,-0.15625,-0.322265625
32767,1.181640625,1.09375,-0.13671875,-0.234375
32768,1.25,1.11328125,-0.185546875,-0.5078125
32769,1.357421875,0.80078125,-0.21484375,-0.33203125
32770,1.25,1.123046875,-0.1953125,-0.33203125
32771,1.2109375,1.103515625,-0.21484375,-0.234375
32772,1.142578125,1.064453125,-0.087890625,-0.234375
32773,1.201171875,1.07421875,-0.17578125,-0.17578125
32774,1.19140625,1.0546875,-0.205078125,-0.25390625
32775,1.337890625,1.103515625,-0.283203125,-0.263671875
32776,1.30859375,1.064453125,-0.21484375,-0.21484375
32777,1.23046875,1.11328125,-0.21484375,-0.205078125
32778,1.19140625,1.142578125,-0.205078125,-0.322265625
32779,1.19140625,0.99609375,-0.048828125,-0.234375
32780,1.2890625,1.09375,-0.21484375,-0.263671875
32781,1.220703125,1.044921875,-0.1953125,-0.3125
32782,1.259765625,1.1328125,-0.185546875,-0.3125
32783,1.30859375,1.123046875,-0.185546875,-0.244140625
32784,1.11328125,1.142578125,-0.15625,-0.21484375
32785,1.240234375,0.95703125,-0.234375,-0.41015625
32786,1.240234375,1.083984375,-0.224609375,-0.302734375
32787,1.2109375,1.298828125,-0.205078125,-0.302734375
32788,1.25,1.07421875,-0.1953125,-0.33203125
32789,1.201171875,1.015625,-0.17578125,-0.048828125
32790,1.19140625,1.07421875,-0.205078125,-0.302734375
32791,1.19140625,1.015625,-0.166015625,-0.361328125
32792,1.30859375,1.083984375,-0.166015625,-0.5078125
32793,1.337890625,1.025390625,-0.185546875,-0.29296875
32794,1.19140625,1.044921875,-0.21484375,-0.283203125
32795,1.2890625,1.044921875,-0.166015625,-0.263671875
32796,1.396484375,1.103515625,-0.13671875,-0.3125
32797,1.259765625,0.947265625,-0.1953125,-0.25390625
32798,1.318359375,1.064453125,-0.205078125,-0.1953125
32799,1.03515625,1.07421875,-0.1953125,-0.166015625
32800,1.26953125,1.03515625,0.068359375,-0.1953125
32801,1.34765625,1.064453125,-0.13671875,-0.185546875
32802,1.2109375,1.005859375,-0.21484375,-0.234375
32803,1.201171875,1.064453125,-0.283203125,-0.224609375
32804,1.337890625,1.09375,-0.1953125,-0.21484375
32805,1.19140625,1.11328125,-0.234375,-0.185546875
32806,1.2109375,1.083984375,-0.15625,-0.25390625
32807,1.2109375,1.0546875,-0.126953125,-0.205078125
32808,1.201171875,1.083984375,-0.17578125,-0.205078125
32809,1.171875,1.064453125,-0.185546875,-0.224609375
32810,1.162109375,1.064453125,-0.224609375,-0.390625
32811,1.15234375,1.1328125,-0.3125,-0.341796875
32812,1.162109375,1.15234375,-0.302734375,-0.146484375
32813,1.181640625,1.0546875,-0.21484375,-0.146484375
32814,1.2109375,1.07421875,-0.25390625,-0.25390625
32815,1.2109375,1.171875,-0.107421875,-0.1953125
32816,1.220703125,1.07421875,-0.3515625,-0.302734375
32817,1.220703125,1.1328125,-0.380859375,-0.126953125
32818,1.171875,1.07421875,-0.263671875,-0.234375
32819,1.2890625,1.07421875,-0.283203125,-0.341796875
32820,1.19140625,1.064453125,-0.283203125,-0.146484375
32821,1.201171875,1.064453125,-0.33203125,-0.263671875
32822,1.181640625,1.044921875,-0.341796875,-0.224609375
32823,1.30859375,1.044921875,-0.234375,-0.21484375
32824,1.259765625,1.123046875,-0.302734375,-0.21484375
32825,1.19140625,1.171875,-0.234375,-0.224609375
32826,1.23046875,1.07421875,-0.17578125,-0.322265625
32827,1.25,1.142578125,-0.126953125,-0.3125
32828,1.1328125,1.083984375,-0.283203125,-0.2734375
32829,1.279296875,1.0546875,-0.244140625,-0.283203125
32830,1.162109375,1.0546875,-0.21484375,-0.25390625
32831,1.2109375,1.103515625,-0.17578125,-0.146484375
32832,1.103515625,1.044921875,-0.25390625,-0.302734375
32833,1.201171875,1.103515625,-0.3125,-0.224609375
32834,1.201171875,1.03515625,-0.341796875,-0.234375
32835,1.171875,1.025390625,-0.244140625,-0.15625
32836,1.0546875,1.11328125,-0.21484375,-0.3125
32837,1.2109375,1.162109375,-0.25390625,-0.146484375
32838,1.123046875,1.07421875,-0.224609375,-0.29296875
32839,1.23046875,1.005859375,-0.13671875,-0.25390625
32840,1.19140625,0.91796875,-0.107421875,-0.33203125
32841,1.201171875,1.07421875,-0.21484375,-0.263671875
32842,1.1328125,1.220703125,-0.283203125,-0.263671875
32843,1.181640625,1.1328125,-0.224609375,-0.2734375
32844,1.07421875,1.142578125,-0.224609375,-0.244140625
32845,1.26953125,1.103515625,-0.302734375,-0.224609375
32846,1.201171875,0.869140625,-0.185546875,-0.224609375
32847,1.15234375,1.1328125,-0.1953125,-0.29296875
32848,1.015625,1.26953125,-0.29296875,-0.244140625
32849,1.15234375,1.0546875,-0.1953125,-0.263671875
32850,1.25,1.083984375,-0.283203125,-0.283203125
32851,1.07421875,1.09375,-0.2734375,-0.126953125
32852,1.171875,1.03515625,-0.263671875,-0.1953125
32853,1.083984375,1.103515625,-0.17578125,-0.224609375
32854,1.19140625,0.966796875,-0.078125,-0.224609375
32855,1.181640625,0.99609375,-0.13671875,-0.1953125
32856,1.26953125,1.1328125,-0.283203125,-0.2734375
32857,1.103515625,0.927734375,-0.244140625,-0.234375
32858,1.171875,1.07421875,-0.380859375,-0.224609375
32859,1.142578125,1.123046875,-0.224609375,-0.1953125
32860,1.15234375,1.083984375,-0.15625,-0.224609375
32861,1.2109375,1.15234375,-0.234375,-0.2734375
32862,1.11328125,1.09375,-0.107421875,-0.244140625
32863,1.2109375,1.123046875,-0.25390625,-0.25390625
32864,1.171875,1.142578125,-0.146484375,-0.283203125
32865,1.103515625,1.123046875,-0.1953125,-0.234375
32866,1.19140625,1.26953125,-0.3125,-0.205078125
32867,1.181640625,1.09375,-0.2734375,-0.29296875
32868,1.162109375,1.103515625,-0.2734375,-0.1953125
32869,1.2109375,1.201171875,-0.3515625,-0.244140625
32870,1.201171875,1.0546875,-0.17578125,-0.2734375
32871,1.181640625,1.123046875,-0.25390625,-0.380859375
32872,1.220703125,1.15234375,-0.234375,-0.087890625
32873,1.26953125,1.30859375,-0.244140625,-0.2734375
32874,1.15234375,1.103515625,-0.244140625,-0.263671875
32875,1.26953125,1.171875,-0.224609375,-0.25390625
32876,1.240234375,1.15234375,-0.185546875,-0.25390625
32877,1.23046875,1.1328125,-0.1171875,-0.087890625
32878,1.220703125,1.083984375,-0.25390625,-0.234375
32879,1.201171875,1.26953125,-0.21484375,-0.224609375
32880,1.220703125,1.19140625,-0.146484375,-0.21484375
32881,1.181640625,1.15234375,-0.15625,-0.263671875
32882,1.220703125,1.220703125,-0.107421875,-0.21484375
32883,1.19140625,1.19140625,-0.087890625,-0.322265625
32884,1.396484375,1.240234375,-0.1953125,-0.25390625
32885,1.2890625,1.181640625,-0.21484375,-0.234375
32886,1.171875,1.15234375,-0.244140625,-0.205078125
32887,1.07421875,1.162109375,-0.09765625,-0.37109375
32888,1.103515625,1.23046875,-0.126953125,-0.21484375
32889,1.171875,1.19140625,-0.126953125,-0.234375
32890,1.38671875,1.171875,-0.17578125,-0.263671875
32891,1.279296875,1.15234375,-0.205078125,-0.3125
32892,1.25,1.19140625,-0.185546875,-0.29296875
32893,1.25,1.1328125,-0.126953125,-0.3515625
32894,1.181640625,1.064453125,-0.25390625,-0.3125
32895,1.259765625,1.2890625,-0.234375,-0.361328125
32896,1.2109375,1.09375,-0.205078125,-0.283203125
32897,1.38671875,1.0546875,-0.3125,-0.361328125
32898,1.2109375,1.162109375,-0.21484375,-0.146484375
32899,1.2890625,1.181640625,-0.234375,-0.21484375
32900,1.318359375,1.318359375,-0.3125,-0.2734375
32901,1.2109375,1.11328125,-0.234375,-0.21484375
32902,1.40625,1.1328125,-0.234375,-0.234375
32903,1.279296875,1.0546875,-0.33203125,-0.25390625
32904,1.298828125,1.064453125,-0.29296875,-0.234375
32905,1.142578125,1.15234375,-0.302734375,-0.185546875
32906,1.259765625,1.0546875,-0.25390625,-0.224609375
32907,1.19140625,1.0546875,-0.21484375,-0.283203125
32908,1.142578125,1.123046875,-0.25390625,-0.2734375
32909,1.1328125,1.19140625,-0.25390625,-0.224609375
32910,1.2109375,1.123046875,-0.2734375,-0.224609375
32911,1.30859375,1.123046875,-0.2734375,-0.3515625
32912,1.11328125,1.1328125,-0.21484375,-0.29296875
32913,1.2109375,1.162109375,-0.244140625,-0.3515625
32914,1.162109375,1.07421875,-0.166015625,-0.537109375
32915,1.2890625,1.171875,-0.185546875,-0.263671875
32916,1.220703125,1.298828125,-0.302734375,-0.25390625
32917,1.259765625,1.142578125,-0.21484375,-0.2734375
32918,1.318359375,1.171875,-0.166015625,-0.244140625
32919,1.279296875,1.07421875,-0.244140625,-0.2734375
32920,1.25,1.15234375,-0.234375,-0.33203125
32921,1.376953125,1.162109375,-0.185546875,-0.234375
32922,1.279296875,1.171875,-0.244140625,-0.21484375
32923,1.220703125,1.162109375,-0.283203125,-0.234375
32924,1.279296875,1.1328125,-0.244140625,-0.283203125
32925,1.240234375,1.123046875,-0.1953125,-0.244140625
32926,1.2890625,1.162109375,-0.205078125,-0.322265625
32927,1.142578125,1.15234375,-0.3125,-0.244140625
32928,1.25,1.201171875,-0.244140625,-0.17578125
32929,1.220703125,1.142578125,-0.146484375,-0.205078125
32930,1.30859375,1.162109375,-0.263671875,-0.21484375
32931,1.19140625,1.162109375,-0.283203125,-0.13671875
32932,1.2890625,1.162109375,-0.283203125,-0.3125
32933,1.34765625,1.162109375,-0.25390625,-0.263671875
32934,1.30859375,1.123046875,-0.341796875,-0.2734375
32935,1.26953125,1.1328125,-0.263671875,-0.185546875
32936,1.259765625,1.181640625,-0.263671875,-0.2734375
32937,1.23046875,1.357421875,-0.302734375,-0.322265625
32938,1.25,1.171875,-0.244140625,-0.166015625
32939,1.220703125,1.201171875,-0.25390625,-0.322265625
32940,1.23046875,1.1328125,-0.244140625,-0.185546875
32941,1.259765625,1.201171875,-0.283203125,-0.185546875
32942,1.26953125,1.181640625,-0.244140625,-0.2734375
32943,1.240234375,1.015625,-0.302734375,-0.302734375
32944,1.220703125,0.9375,-0.126953125,-0.3515625
32945,1.142578125,1.142578125,-0.361328125,-0.263671875
32946,1.25,1.2109375,-0.29296875,-0.3125
32947,1.220703125,1.103515625,-0.146484375,-0.126953125
32948,1.23046875,1.15234375,-0.244140625,-0.322265625
32949,1.259765625,1.142578125,-0.25390625,-0.322265625
32950,1.19140625,1.201171875,-0.2734375,-0.341796875
32951,1.162109375,1.142578125,-0.234375,-0.185546875
32952,1.19140625,1.07421875,-0.185546875,-0.341796875
32953,1.181640625,1.15234375,-0.166015625,-0.322265625
32954,1.201171875,1.15234375,-0.244140625,-0.234375
32955,1.46484375,0.986328125,-0.244140625,-0.21484375
32956,1.19140625,1.220703125,-0.146484375,-0.3125
32957,1.15234375,1.171875,-0.205078125,-0.341796875
32958,1.25,1.15234375,-0.185546875,-0.263671875
32959,1.19140625,1.23046875,-0.21484375,-0.33203125
32960,1.201171875,1.15234375,-0.234375,-0.37109375
32961,1.25,1.259765625,-0.224609375,-0.263671875
32962,1.25,0.9375,-0.2734375,-0.234375
32963,1.259765625,1.142578125,-0.263671875,-0.166015625
32964,1.142578125,1.240234375,-0.224609375,-0.263671875
32965,1.240234375,1.259765625,-0.205078125,-0.302734375
32966,1.328125,1.19140625,-0.390625,-0.3515625
32967,1.240234375,1.23046875,-0.33203125,-0.263671875
32968,1.259765625,0.869140625,-0.3125,-0.341796875
32969,1.26953125,1.2109375,-0.263671875,-0.25390625
32970,1.181640625,1.162109375,-0.322265625,-0.25390625
32971,1.220703125,1.1328125,-0.361328125,-0.244140625
32972,1.240234375,1.15234375,-0.341796875,-0.25390625
32973,1.26953125,1.3671875,-0.322265625,-0.341796875
32974,1.298828125,1.279296875,-0.419921875,-0.341796875
32975,1.2890625,1.25,-0.3125,-0.2734375
32976,1.3671875,1.171875,-0.400390625,-0.3515625
32977,1.2890625,1.26953125,-0.126953125,-0.341796875
32978,1.220703125,1.19140625,-0.21484375,-0.439453125
32979,1.26953125,1.318359375,-0.1953125,-0.283203125
32980,1.23046875,0.99609375,-0.244140625,-0.361328125
32981,1.2109375,1.23046875,-0.263671875,-0.3125
32982,1.298828125,1.07421875,-0.1953125,-0.380859375
32983,1.298828125,1.201171875,-0.09765625,-0.3125
32984,1.337890625,1.2109375,-0.17578125,-0.29296875
32985,1.279296875,1.2109375,-0.15625,-0.224609375
32986,1.328125,1.03515625,-0.068359375,-0.29296875
32987,1.318359375,1.19140625,-0.185546875,-0.3125
32988,1.298828125,1.279296875,-0.1953125,-0.4296875
32989,1.30859375,1.240234375,-0.1953125,-0.400390625
32990,1.40625,1.23046875,-0.25390625,-0.087890625
32991,1.357421875,1.171875,-0.166015625,-0.283203125
32992,1.318359375,1.26953125,-0.21484375,-0.283203125
32993,1.337890625,1.240234375,-0.25390625,-0.25390625
32994,1.298828125,1.171875,-0.302734375,-0.166015625
32995,1.279296875,1.30859375,-0.3125,-0.263671875
32996,1.25,1.162109375,-0.205078125,-0.244140625
32997,1.46484375,1.259765625,-0.29296875,-0.29296875
32998,1.357421875,1.15234375,-0.302734375,-0.283203125
32999,1.357421875,1.19140625,-0.29296875,-0.166015625
33000,1.142578125,1.19140625,-0.224609375,-0.33203125
33001,1.376953125,1.19140625,-0.361328125,-0.2734375
33002,1.34765625,1.220703125,-0.3515625,-0.33203125
33003,1.171875,1.181640625,-0.29296875,-0.3125
33004,1.30859375,1.259765625,-0.17578125,-0.302734375
33005,1.34765625,1.201171875,-0.361328125,-0.380859375
33006,1.34765625,1.23046875,-0.29296875,-0.25390625
33007,1.279296875,1.328125,-0.302734375,-0.361328125
33008,1.3671875,1.220703125,-0.224609375,-0.234375
33009,1.34765625,1.318359375,-0.205078125,-0.341796875
33010,1.259765625,1.2109375,-0.234375,-0.341796875
33011,1.26953125,1.2109375,-0.29296875,-0.341796875
33012,1.2890625,1.19140625,-0.25390625,-0.05859375
33013,1.435546875,1.103515625,-0.21484375,-0.302734375
33014,1.337890625,1.2109375,-0.224609375,-0.3125
33015,1.162109375,1.220703125,-0.283203125,-0.37109375
33016,1.30859375,1.259765625,-0.4296875,-0.380859375
33017,1.201171875,1.2890625,-0.1953125,-0.3515625
33018,1.23046875,1.2109375,-0.224609375,-0.44921875
33019,1.240234375,1.123046875,-0.234375,-0.400390625
33020,1.259765625,1.25,-0.3125,-0.37109375
33021,1.1328125,1.162109375,-0.322265625,-0.419921875
33022,1.2109375,1.19140625,-0.33203125,-0.33203125
33023,1.279296875,1.142578125,-0.29296875,-0.3125
33024,1.26953125,1.1328125,-0.2734375,-0.29296875
33025,1.2890625,1.376953125,-0.25390625,-0.322265625
33026,1.279296875,1.1328125,-0.224609375,-0.3125
33027,1.30859375,1.181640625,-0.33203125,-0.185546875
33028,1.26953125,1.123046875,-0.21484375,-0.37109375
33029,1.25,1.103515625,-0.44921875,-0.29296875
33030,1.162109375,1.11328125,-0.224609375,-0.498046875
33031,1.201171875,1.064453125,-0.166015625,-0.33203125
33032,1.259765625,1.25,-0.29296875,-0.302734375
33033,1.171875,1.201171875,-0.263671875,-0.341796875
33034,1.240234375,1.123046875,-0.341796875,-0.341796875
33035,1.23046875,1.15234375,-0.13671875,-0.283203125
33036,1.2109375,1.123046875,-0.29296875,-0.3515625
33037,1.26953125,1.083984375,-0.25390625,-0.390625
33038,1.259765625,1.083984375,-0.302734375,-0.322265625
33039,1.259765625,1.09375,-0.33203125,-0.1953125
33040,1.279296875,1.103515625,-0.302734375,-0.283203125
33041,1.25,1.083984375,-0.322265625,-0.390625
33042,1.25,1.1328125,-0.3125,-0.302734375
33043,1.11328125,1.123046875,-0.283203125,-0.283203125
33044,1.26953125,1.044921875,-0.2734375,-0.3125
33045,1.15234375,1.19140625,-0.29296875,-0.458984375
33046,1.181640625,1.103515625,-0.3125,-0.29296875
33047,1.240234375,1.103515625,-0.224609375,-0.29296875
33048,1.19140625,1.25,-0.244140625,-0.302734375
33049,1.30859375,1.220703125,-0.302734375,-0.283203125
33050,1.19140625,1.201171875,-0.244140625,-0.380859375
33051,1.2109375,1.19140625,-0.244140625,-0.33203125
33052,1.376953125,1.171875,-0.302734375,-0.341796875
33053,1.23046875,1.103515625,-0.33203125,-0.4296875
33054,1.279296875,1.181640625,-0.263671875,-0.390625
33055,1.240234375,1.171875,-0.2734375,-0.341796875
33056,1.240234375,1.123046875,-0.419921875,-0.3515625
33057,1.162109375,1.2109375,-0.41015625,-0.498046875
33058,1.123046875,1.171875,-0.37109375,-0.21484375
33059,1.162109375,1.19140625,-0.13671875,-0.361328125
33060,1.123046875,1.19140625,-0.2734375,-0.380859375
33061,1.142578125,1.171875,-0.263671875,-0.498046875
33062,1.220703125,1.142578125,-0.224609375,-0.361328125
33063,1.259765625,1.26953125,-0.146484375,-0.380859375
33064,1.15234375,1.2109375,-0.1953125,-0.3125
33065,1.259765625,1.0546875,-0.17578125,-0.3515625
33066,1.171875,1.259765625,-0.2734375,-0.3515625
33067,1.19140625,1.171875,-0.166015625,-0.3515625
33068,1.201171875,1.171875,-0.17578125,-0.302734375
33069,1.181640625,1.123046875,-0.09765625,-0.3515625
33070,1.279296875,1.083984375,-0.29296875,-0.205078125
33071,1.181640625,1.19140625,-0.302734375,-0.29296875
33072,1.123046875,1.1328125,-0.3125,-0.390625
33073,1.03515625,1.123046875,-0.263671875,-0.341796875
33074,1.123046875,1.171875,-0.25390625,-0.341796875
33075,1.298828125,1.123046875,-0.29296875,-0.390625
33076,1.259765625,1.181640625,-0.244140625,-0.556640625
33077,1.142578125,1.09375,-0.205078125,-0.37109375
33078,1.201171875,1.171875,-0.224609375,-0.4296875
33079,1.23046875,1.103515625,-0.25390625,-0.224609375
33080,1.171875,1.064453125,-0.1953125,-0.361328125
33081,1.201171875,1.07421875,-0.17578125,-0.400390625
33082,1.26953125,1.142578125,-0.17578125,-0.439453125
33083,1.298828125,1.083984375,-0.2734375,-0.390625
33084,1.25,1.1328125,-0.224609375,-0.37109375
33085,1.279296875,1.142578125,-0.283203125,-0.37109375
33086,1.1328125,1.220703125,-0.205078125,-0.4296875
33087,1.30859375,1.1328125,-0.2734375,-0.419921875
33088,1.34765625,1.142578125,-0.2734375,-0.322265625
33089,1.23046875,1.259765625,-0.21484375,-0.3125
33090,1.328125,1.11328125,-0.185546875,-0.341796875
33091,1.42578125,1.142578125,-0.2734375,-0.126953125
33092,1.26953125,0.99609375,-0.205078125,-0.2734375
33093,1.2890625,1.03515625,-0.1953125,-0.361328125
33094,1.23046875,1.103515625,-0.21484375,-0.341796875
33095,1.279296875,0.9765625,-0.1953125,-0.458984375
33096,1.337890625,1.0546875,-0.224609375,-0.400390625
33097,1.2109375,1.103515625,-0.244140625,-0.2734375
33098,1.171875,1.07421875,-0.37109375,-0.341796875
33099,1.19140625,1.11328125,-0.3515625,-0.2734375
33100,1.162109375,1.064453125,-0.29296875,-0.185546875
33101,1.23046875,1.005859375,-0.244140625,-0.3125
33102,1.220703125,0.966796875,-0.087890625,-0.302734375
33103,1.2890625,1.03515625,-0.166015625,-0.341796875
33104,1.2890625,0.99609375,-0.21484375,-0.400390625
33105,1.279296875,1.0546875,-0.29296875,-0.322265625
33106,1.298828125,1.0546875,-0.302734375,-0.4296875
33107,1.26953125,1.0546875,-0.25390625,-0.205078125
33108,1.240234375,1.19140625,-0.302734375,-0.37109375
33109,1.2109375,1.064453125,-0.185546875,-0.380859375
33110,1.2109375,1.044921875,-0.224609375,-0.25390625
33111,1.328125,1.064453125,-0.17578125,-0.37109375
33112,1.259765625,1.0546875,-0.25390625,-0.33203125
33113,1.30859375,1.0546875,-0.1953125,-0.244140625
33114,1.279296875,1.015625,-0.263671875,-0.33203125
33115,1.25,1.1328125,-0.234375,-0.1953125
33116,1.201171875,0.9375,-0.166015625,-0.37109375
33117,1.259765625,1.103515625,-0.302734375,-0.263671875
33118,1.25,1.07421875,-0.205078125,-0.37109375
33119,1.25,0.986328125,-0.205078125,-0.341796875
33120,1.23046875,1.09375,-0.29296875,-0.33203125
33121,1.240234375,1.025390625,-0.224609375,-0.390625
33122,1.259765625,1.123046875,-0.234375,-0.17578125
33123,1.25,1.07421875,-0.078125,-0.341796875
33124,1.279296875,1.083984375,-0.1953125,-0.33203125
33125,1.201171875,1.07421875,-0.234375,-0.29296875
33126,1.337890625,1.162109375,-0.185546875,-0.29296875
33127,1.25,1.064453125,-0.263671875,-0.537109375
33128,1.337890625,1.11328125,-0.224609375,-0.263671875
33129,1.34765625,1.11328125,-0.263671875,-0.33203125
33130,1.23046875,1.09375,-0.146484375,-0.439453125
33131,1.240234375,1.03515625,-0.322265625,-0.21484375
33132,1.240234375,1.025390625,-0.302734375,-0.2734375
33133,1.240234375,1.025390625,-0.283203125,-0.341796875
33134,1.279296875,0.91796875,-0.283203125,-0.234375
33135,1.220703125,1.19140625,-0.29296875,-0.263671875
33136,1.26953125,1.03515625,-0.33203125,-0.341796875
33137,1.30859375,1.005859375,-0.263671875,-0.3515625
33138,1.337890625,0.966796875,-0.439453125,-0.25390625
33139,1.25,1.07421875,-0.29296875,-0.33203125
33140,1.25,1.015625,-0.25390625,-0.263671875
33141,1.123046875,1.09375,-0.244140625,-0.361328125
33142,1.15234375,1.005859375,-0.3515625,-0.29296875
33143,1.171875,0.95703125,-0.2734375,-0.29296875
33144,1.201171875,1.123046875,-0.224609375,-0.3125
33145,1.181640625,0.9375,-0.205078125,-0.3125
33146,1.2109375,0.966796875,-0.21484375,-0.263671875
33147,1.259765625,0.966796875,-0.224609375,-0.33203125
33148,1.2109375,1.162109375,-0.322265625,-0.322265625
33149,1.162109375,1.0546875,-0.234375,-0.25390625
33150,1.23046875,1.025390625,-0.185546875,-0.3125
33151,1.201171875,1.015625,-0.224609375,-0.322265625
33152,1.259765625,1.03515625,-0.25390625,-0.33203125
33153,1.201171875,1.005859375,-0.3125,-0.283203125
33154,1.19140625,1.064453125,-0.263671875,-0.263671875
33155,1.142578125,1.044921875,-0.283203125,-0.46875
33156,1.2890625,1.044921875,-0.21484375,-0.244140625
33157,1.19140625,1.064453125,-0.263671875,-0.263671875
33158,1.162109375,1.025390625,-0.185546875,-0.21484375
33159,1.337890625,1.044921875,-0.224609375,-0.2734375
33160,1.220703125,1.162109375,-0.33203125,-0.234375
33161,1.09375,1.07421875,-0.283203125,-0.400390625
33162,1.2109375,1.09375,-0.224609375,-0.234375
33163,1.2109375,0.99609375,-0.205078125,-0.3125
33164,1.26953125,1.123046875,-0.21484375,-0.3125
33165,1.19140625,1.064453125,-0.283203125,-0.234375
33166,1.181640625,1.07421875,-0.283203125,-0.29296875
33167,1.083984375,0.966796875,-0.341796875,-0.439453125
33168,1.15234375,1.005859375,-0.185546875,-0.263671875
33169,1.181640625,1.083984375,-0.205078125,-0.29296875
33170,1.162109375,1.083984375,-0.283203125,-0.341796875
33171,1.279296875,1.11328125,-0.3125,-0.3125
33172,1.162109375,0.9765625,-0.13671875,-0.322265625
33173,1.171875,1.123046875,-0.244140625,-0.25390625
33174,1.083984375,1.07421875,-0.185546875,-0.44921875
33175,1.181640625,1.11328125,-0.17578125,-0.3125
33176,1.15234375,1.1328125,-0.1953125,-0.380859375
33177,1.142578125,1.064453125,-0.263671875,-0.3125
33178,1.142578125,1.064453125,-0.244140625,-0.224609375
33179,1.15234375,1.142578125,-0.185546875,-0.3515625
33180,1.181640625,1.083984375,-0.234375,-0.33203125
33181,1.181640625,1.2890625,-0.361328125,-0.3125
33182,1.23046875,1.1328125,-0.17578125,-0.3125
33183,1.2109375,1.09375,-0.224609375,-0.3125
33184,1.220703125,1.03515625,-0.322265625,-0.2734375
33185,1.162109375,1.083984375,-0.0390625,-0.341796875
33186,1.25,1.064453125,-0.2734375,-0.1953125
33187,1.25,1.279296875,-0.21484375,-0.3125
33188,1.2109375,1.09375,-0.244140625,-0.244140625
33189,1.15234375,1.11328125,-0.234375,-0.3515625
33190,1.083984375,1.015625,-0.15625,-0.29296875
33191,1.171875,1.25,-0.234375,-0.37109375
33192,1.2109375,1.0546875,-0.21484375,-0.29296875
33193,1.181640625,1.201171875,-0.205078125,-0.341796875
33194,1.2109375,1.1328125,-0.263671875,-0.3125
33195,1.103515625,1.044921875,-0.15625,-0.361328125
33196,1.298828125,1.162109375,-0.185546875,-0.33203125
33197,1.201171875,1.201171875,-0.29296875,-0.341796875
33198,1.30859375,1.07421875,-0.1953125,-0.380859375
33199,1.26953125,0.8984375,-0.4296875,-0.3125
33200,1.279296875,1.064453125,-0.17578125,-0.244140625
33201,1.259765625,1.103515625,-0.21484375,-0.263671875
33202,1.26953125,1.11328125,-0.146484375,-0.29296875
33203,1.318359375,1.103515625,-0.107421875,-0.234375
33204,1.15234375,1.103515625,-0.1953125,-0.244140625
33205,1.298828125,0.8984375,-0.15625,-0.263671875
33206,1.376953125,1.015625,-0.1953125,-0.205078125
33207,1.279296875,1.11328125,-0.15625,-0.234375
33208,1.171875,0.9375,-0.263671875,-0.2734375
33209,1.220703125,1.11328125,-0.17578125,-0.46875
33210,1.259765625,1.103515625,-0.205078125,-0.2734375
33211,1.201171875,1.0546875,-0.205078125,-0.2734375
33212,1.201171875,1.103515625,-0.15625,-0.341796875
33213,1.201171875,1.09375,-0.126953125,-0.33203125
33214,1.162109375,1.123046875,-0.17578125,-0.302734375
33215,1.171875,1.083984375,-0.33203125,-0.25390625
33216,1.09375,1.0546875,-0.205078125,-0.3125
33217,1.171875,0.986328125,-0.0390625,-0.361328125
33218,1.23046875,1.162109375,-0.234375,-0.244140625
33219,1.240234375,1.0546875,-0.13671875,-0.1953125
33220,1.181640625,1.07421875,-0.17578125,-0.283203125
33221,1.19140625,1.03515625,-0.283203125,-0.3125
33222,1.26953125,1.07421875,-0.185546875,-0.1953125
33223,1.2109375,1.11328125,-0.09765625,-0.341796875
33224,1.220703125,1.0546875,-0.107421875,-0.283203125
33225,1.2890625,1.103515625,-0.107421875,-0.25390625
33226,1.40625,1.07421875,-0.15625,-0.3125
33227,1.220703125,1.09375,-0.21484375,-0.234375
33228,1.279296875,1.07421875,-0.146484375,-0.234375
33229,1.357421875,1.15234375,-0.205078125,-0.37109375
33230,1.240234375,1.083984375,-0.361328125,-0.341796875
33231,1.240234375,1.0546875,-0.224609375,-0.205078125
33232,1.40625,1.03515625,-0.33203125,-0.3515625
33233,1.26953125,1.0546875,-0.087890625,-0.244140625
33234,1.298828125,1.025390625,-0.25390625,-0.17578125
33235,1.30859375,1.171875,-0.25390625,-0.15625
33236,1.2890625,1.328125,-0.3125,-0.263671875
33237,1.26953125,1.03515625,-0.3125,-0.2734375
33238,1.15234375,1.083984375,-0.25390625,-0.185546875
33239,1.220703125,1.123046875,-0.341796875,-0.21484375
33240,1.123046875,1.07421875,-0.361328125,-0.2734375
33241,1.279296875,1.103515625,-0.29296875,-0.166015625
33242,1.162109375,0.9765625,-0.21484375,-0.263671875
33243,1.23046875,1.07421875,-0.3125,-0.068359375
33244,1.171875,1.09375,-0.29296875,-0.283203125
33245,1.240234375,0.966796875,-0.263671875,-0.166015625
33246,1.19140625,1.07421875,-0.17578125,-0.263671875
33247,1.240234375,1.064453125,-0.2734375,-0.3125
33248,1.123046875,0.9765625,-0.263671875,-0.21484375
33249,1.201171875,1.19140625,-0.21484375,-0.126953125
33250,1.240234375,1.005859375,-0.3515625,-0.224609375
33251,1.240234375,0.966796875,-0.244140625,-0.263671875
33252,1.25,1.07421875,-0.361328125,-0.185546875
33253,1.25,0.986328125,-0.2734375,-0.25390625
33254,1.2109375,0.947265625,-0.29296875,-0.185546875
33255,1.2890625,1.07421875,-0.29296875,-0.15625
33256,1.123046875,1.103515625,-0.29296875,-0.302734375
33257,1.26953125,1.171875,-0.322265625,-0.205078125
33258,1.220703125,1.044921875,-0.322265625,-0.224609375
33259,1.30859375,1.09375,-0.2734375,-0.21484375
33260,1.259765625,1.181640625,-0.283203125,-0.224609375
33261,1.2109375,1.005859375,-0.37109375,-0.3125
33262,1.220703125,1.103515625,-0.234375,-0.263671875
33263,1.201171875,1.2109375,-0.0390625,-0.2734375
33264,1.162109375,1.19140625,-0.25390625,-0.341796875
33265,1.220703125,1.083984375,-0.29296875,-0.283203125
33266,1.171875,1.103515625,-0.283203125,-0.244140625
33267,1.181640625,1.09375,-0.21484375,-0.224609375
33268,1.23046875,1.07421875,-0.21484375,-0.205078125
33269,1.19140625,1.044921875,-0.21484375,-0.25390625
33270,1.201171875,1.181640625,-0.263671875,-0.224609375
33271,1.11328125,1.083984375,-0.224609375,-0.078125
33272,1.11328125,1.11328125,-0.185546875,-0.263671875
33273,1.123046875,0.859375,-0.09765625,-0.185546875
33274,1.064453125,1.1328125,-0.25390625,-0.283203125
33275,1.103515625,1.083984375,-0.234375,-0.25390625
33276,1.083984375,1.103515625,-0.21484375,-0.302734375
33277,1.171875,1.142578125,-0.185546875,-0.166015625
33278,1.23046875,1.171875,-0.263671875,-0.3125
33279,1.15234375,1.123046875,-0.205078125,-0.2734375
33280,1.123046875,1.142578125,-0.205078125,-0.224609375
33281,1.083984375,1.11328125,-0.205078125,-0.33203125
33282,1.162109375,1.220703125,-0.0390625,-0.25390625
33283,1.2109375,1.11328125,-0.224609375,-0.439453125
33284,1.220703125,1.201171875,-0.25390625,-0.185546875
33285,1.25,1.005859375,-0.146484375,-0.302734375
33286,1.1328125,1.083984375,-0.2734375,-0.33203125
33287,1.103515625,1.142578125,-0.146484375,-0.263671875
33288,1.220703125,1.1328125,-0.146484375,-0.205078125
33289,1.15234375,1.15234375,-0.234375,-0.068359375
33290,1.220703125,1.171875,-0.29296875,-0.283203125
33291,1.15234375,1.15234375,-0.244140625,-0.37109375
33292,1.162109375,1.15234375,-0.283203125,-0.15625
33293,1.181640625,1.201171875,-0.21484375,-0.166015625
33294,1.240234375,1.171875,-0.400390625,-0.244140625
33295,1.19140625,1.220703125,-0.205078125,-0.263671875
33296,1.25,1.220703125,-0.244140625,-0.126953125
33297,1.1328125,1.162109375,-0.15625,-0.283203125
33298,1.201171875,1.1328125,-0.33203125,-0.234375
33299,1.19140625,1.162109375,-0.29296875,-0.3125
33300,1.2109375,1.19140625,-0.205078125,-0.1953125
33301,1.2109375,1.162109375,-0.234375,-0.361328125
33302,1.2109375,1.171875,-0.234375,-0.33203125
33303,1.23046875,1.171875,-0.146484375,-0.205078125
33304,1.201171875,1.240234375,-0.361328125,-0.09765625
33305,1.19140625,1.220703125,-0.234375,-0.21484375
33306,1.25,1.25,-0.1953125,-0.185546875
33307,1.181640625,1.123046875,-0.107421875,-0.37109375
33308,1.142578125,1.19140625,-0.263671875,-0.09765625
33309,1.15234375,1.201171875,-0.17578125,-0.234375
33310,1.25,1.11328125,-0.1171875,-0.146484375
33311,1.19140625,1.15234375,-0.205078125,-0.166015625
33312,1.181640625,1.142578125,-0.107421875,-0.224609375
33313,1.220703125,1.103515625,0.0390625,-0.224609375
33314,1.25,1.123046875,-0.15625,0
33315,1.220703125,1.2109375,-0.166015625,-0.283203125
33316,1.2109375,1.064453125,-0.17578125,-0.1171875
33317,1.201171875,1.1328125,-0.205078125,-0.283203125
33318,1.23046875,1.201171875,-0.2734375,-0.224609375
33319,1.240234375,1.162109375,-0.17578125,-0.302734375
33320,1.220703125,1.1328125,-0.25390625,-0.263671875
33321,1.279296875,1.123046875,-0.185546875,-0.2734375
33322,1.26953125,1.15234375,-0.05859375,-0.185546875
33323,1.328125,1.171875,-0.205078125,-0.302734375
33324,1.30859375,1.162109375,-0.09765625,-0.2734375
33325,1.34765625,0.986328125,-0.478515625,-0.244140625
33326,1.298828125,1.15234375,-0.25390625,-0.244140625
33327,1.25,1.23046875,-0.224609375,-0.234375
33328,1.15234375,1.11328125,-0.1953125,-0.3515625
33329,1.2109375,1.11328125,-0.25390625,-0.322265625
33330,1.171875,1.25,-0.234375,-0.29296875
33331,1.23046875,1.162109375,-0.224609375,-0.234375
33332,1.25,1.15234375,-0.224609375,-0.3125
33333,1.279296875,1.11328125,-0.244140625,-0.263671875
33334,1.1328125,1.162109375,-0.29296875,-0.283203125
33335,1.279296875,1.142578125,-0.25390625,-0.390625
33336,1.376953125,1.11328125,-0.166015625,-0.29296875
33337,1.19140625,1.03515625,-0.263671875,-0.322265625
33338,1.181640625,1.15234375,-0.283203125,-0.234375
33339,1.240234375,1.2109375,-0.185546875,-0.2734375
33340,1.181640625,1.123046875,-0.341796875,-0.17578125
33341,1.201171875,1.142578125,-0.13671875,-0.234375
33342,1.2109375,0.9765625,-0.15625,-0.234375
33343,1.2109375,1.162109375,-0.3515625,-0.166015625
33344,1.162109375,1.220703125,-0.263671875,-0.1953125
33345,1.328125,1.220703125,-0.244140625,-0.283203125
33346,1.19140625,1.162109375,-0.205078125,-0.3125
33347,1.23046875,1.123046875,-0.15625,0.126953125
33348,1.26953125,1.142578125,-0.302734375,-0.302734375
33349,1.25,1.09375,-0.37109375,-0.263671875
33350,1.201171875,1.162109375,-0.283203125,-0.283203125
33351,1.298828125,1.103515625,-0.263671875,-0.2734375
33352,1.23046875,1.23046875,-0.087890625,-0.2734375
33353,1.25,1.15234375,-0.224609375,-0.615234375
33354,1.259765625,1.181640625,-0.263671875,-0.419921875
33355,1.220703125,1.11328125,-0.3125,-0.2734375
33356,1.162109375,1.181640625,-0.419921875,-0.2734375
33357,1.181640625,1.171875,-0.341796875,-0.41015625
33358,1.240234375,1.03515625,-0.390625,-0.322265625
33359,1.298828125,1.123046875,-0.302734375,-0.3515625
33360,1.23046875,1.123046875,-0.25390625,-0.21484375
33361,1.23046875,1.123046875,-0.341796875,-0.244140625
33362,1.2109375,1.103515625,-0.29296875,-0.13671875
33363,1.240234375,1.15234375,-0.302734375,-0.087890625
33364,1.2109375,1.103515625,-0.29296875,-0.263671875
33365,1.25,1.123046875,-0.29296875,-0.25390625
33366,1.2890625,1.1328125,-0.185546875,-0.302734375
33367,1.23046875,1.162109375,-0.439453125,-0.322265625
33368,1.25,1.15234375,-0.2734375,-0.244140625
33369,1.15234375,1.171875,-0.185546875,-0.37109375
33370,1.123046875,1.11328125,-0.146484375,-0.263671875
33371,1.23046875,1.220703125,-0.2734375,-0.25390625
33372,1.171875,1.181640625,-0.185546875,-0.56640625
33373,1.23046875,1.083984375,-0.146484375,-0.2734375
33374,1.23046875,1.15234375,-0.1953125,-0.146484375
33375,1.201171875,1.19140625,-0.2734375,-0.2734375
33376,1.337890625,1.171875,-0.263671875,-0.29296875
33377,1.25,1.23046875,-0.458984375,-0.322265625
33378,1.171875,1.2109375,-0.263671875,-0.263671875
33379,1.19140625,1.318359375,-0.283203125,-0.25390625
33380,1.220703125,1.30859375,-0.390625,-0.302734375
33381,1.2890625,1.19140625,-0.29296875,-0.21484375
33382,1.23046875,1.11328125,-0.224609375,-0.263671875
33383,1.201171875,1.064453125,-0.283203125,-0.244140625
33384,1.298828125,1.15234375,-0.341796875,-0.17578125
33385,1.30859375,1.25,-0.1953125,-0.283203125
33386,1.201171875,1.220703125,-0.283203125,-0.185546875
33387,1.298828125,1.259765625,-0.146484375,-0.2734375
33388,1.2890625,1.240234375,-0.234375,-0.322265625
33389,1.279296875,1.11328125,-0.166015625,-0.263671875
33390,1.30859375,1.142578125,-0.205078125,-0.185546875
33391,1.376953125,1.09375,-0.33203125,-0.283203125
33392,1.30859375,1.201171875,-0.1953125,-0.234375
33393,1.279296875,1.181640625,-0.263671875,-0.244140625
33394,1.337890625,1.2109375,-0.224609375,-0.25390625
33395,1.416015625,1.07421875,-0.33203125,-0.3515625
33396,1.40625,1.2109375,-0.2734375,-0.322265625
33397,1.298828125,1.2109375,-0.224609375,-0.244140625
33398,1.30859375,1.279296875,-0.3515625,-0.3515625
33399,1.396484375,1.162109375,-0.21484375,-0.33203125
33400,1.240234375,1.171875,-0.224609375,-0.361328125
33401,1.318359375,1.25,-0.1171875,-0.29296875
33402,1.25,1.171875,-0.234375,-0.29296875
33403,1.396484375,1.1328125,-0.341796875,-0.400390625
33404,1.337890625,1.0546875,-0.33203125,-0.17578125
33405,1.34765625,1.26953125,-0.21484375,-0.1953125
33406,1.23046875,1.201171875,-0.13671875,-0.234375
33407,1.376953125,1.201171875,-0.13671875,-0.25390625
33408,1.30859375,1.2890625,-0.2734375,-0.302734375
33409,1.298828125,1.181640625,-0.234375,-0.3515625
33410,1.30859375,1.396484375,-0.33203125,-0.283203125
33411,1.201171875,1.279296875,-0.146484375,-0.244140625
33412,1.279296875,1.25,-0.224609375,-0.107421875
33413,1.298828125,1.259765625,-0.224609375,-0.2734375
33414,1.328125,1.2890625,-0.302734375,-0.166015625
33415,1.259765625,1.30859375,-0.15625,-0.302734375
33416,1.30859375,1.23046875,-0.17578125,-0.234375
33417,1.34765625,1.240234375,-0.2734375,-0.25390625
33418,1.38671875,1.298828125,-0.263671875,-0.263671875
33419,1.30859375,1.26953125,-0.25390625,-0.37109375
33420,1.23046875,1.23046875,-0.302734375,-0.3515625
33421,1.25,1.2890625,-0.21484375,-0.3125
33422,1.34765625,1.318359375,-0.146484375,-0.2734375
33423,1.30859375,1.259765625,-0.25390625,-0.3515625
33424,1.34765625,1.2890625,-0.302734375,-0.537109375
33425,1.259765625,1.15234375,-0.25390625,-0.37109375
33426,1.23046875,1.30859375,-0.224609375,-0.361328125
33427,1.34765625,1.240234375,-0.29296875,-0.3515625
33428,1.30859375,1.1328125,-0.439453125,-0.3515625
33429,1.30859375,1.337890625,-0.283203125,-0.33203125
33430,1.376953125,1.201171875,-0.2734375,-0.4296875
33431,1.357421875,1.171875,-0.263671875,-0.3515625
33432,1.357421875,1.337890625,-0.322265625,-0.41015625
33433,1.435546875,1.162109375,-0.341796875,-0.33203125
33434,1.318359375,1.23046875,-0.2734375,-0.322265625
33435,1.34765625,1.19140625,-0.25390625,-0.478515625
33436,1.337890625,1.298828125,-0.1953125,-0.37109375
33437,1.376953125,1.123046875,-0.263671875,-0.341796875
33438,1.34765625,1.162109375,-0.205078125,-0.2734375
33439,1.25,1.1328125,-0.234375,-0.400390625
33440,1.396484375,1.23046875,-0.21484375,-0.3515625
33441,1.328125,1.240234375,-0.283203125,-0.361328125
33442,1.279296875,1.123046875,-0.2734375,-0.44921875
33443,1.396484375,1.23046875,-0.21484375,-0.33203125
33444,1.240234375,1.337890625,-0.244140625,-0.380859375
33445,1.07421875,1.220703125,-0.244140625,-0.302734375
33446,1.201171875,1.240234375,-0.29296875,-0.3515625
33447,1.25,1.162109375,-0.126953125,-0.380859375
33448,1.25,1.181640625,-0.25390625,-0.400390625
33449,1.220703125,1.162109375,-0.21484375,-0.3515625
33450,1.25,1.240234375,-0.341796875,-0.390625
33451,1.34765625,1.171875,-0.2734375,-0.3125
33452,1.064453125,1.162109375,-0.263671875,-0.33203125
33453,1.25,1.103515625,-0.380859375,-0.3515625
33454,1.38671875,1.19140625,-0.263671875,-0.37109375
33455,1.2890625,1.162109375,-0.2734375,-0.322265625
33456,1.240234375,1.005859375,-0.224609375,-0.302734375
33457,1.25,1.11328125,-0.263671875,-0.458984375
33458,1.357421875,1.103515625,-0.244140625,-0.3515625
33459,1.240234375,1.025390625,-0.17578125,-0.439453125
33460,1.30859375,1.181640625,-0.302734375,-0.400390625
33461,1.318359375,1.181640625,-0.361328125,-0.33203125
33462,1.19140625,1.162109375,-0.4296875,-0.341796875
33463,1.201171875,1.142578125,-0.283203125,-0.25390625
33464,1.259765625,1.19140625,-0.283203125,-0.419921875
33465,1.240234375,1.103515625,-0.21484375,-0.419921875
33466,1.19140625,1.171875,-0.322265625,-0.390625
33467,1.279296875,1.171875,-0.29296875,-0.33203125
33468,1.26953125,1.171875,-0.224609375,-0.380859375
33469,1.123046875,1.181640625,-0.234375,-0.3125
33470,1.259765625,1.142578125,-0.263671875,-0.556640625
33471,1.181640625,1.11328125,-0.126953125,-0.361328125
33472,1.259765625,1.220703125,-0.13671875,-0.341796875
33473,1.1328125,1.201171875,-0.244140625,-0.341796875
33474,1.162109375,1.083984375,-0.087890625,-0.361328125
33475,1.240234375,1.142578125,-0.224609375,-0.419921875
33476,1.42578125,1.181640625,-0.29296875,-0.48828125
33477,1.240234375,1.201171875,-0.263671875,-0.33203125
33478,1.19140625,1.220703125,-0.29296875,-0.263671875
33479,1.328125,1.220703125,-0.2734375,-0.25390625
33480,1.26953125,1.201171875,-0.263671875,-0.302734375
33481,1.220703125,1.240234375,-0.3125,-0.2734375
33482,1.2890625,1.162109375,-0.263671875,-0.2734375
33483,1.240234375,1.26953125,-0.234375,-0.3515625
33484,1.15234375,1.2109375,-0.25390625,-0.3515625
33485,1.083984375,1.240234375,-0.21484375,-0.390625
33486,1.259765625,1.201171875,-0.244140625,-0.361328125
33487,1.25,1.220703125,-0.302734375,-0.29296875
33488,1.181640625,1.23046875,-0.283203125,-0.263671875
33489,1.15234375,1.259765625,-0.3125,-0.341796875
33490,1.1328125,1.181640625,-0.234375,-0.419921875
33491,1.171875,1.19140625,-0.25390625,-0.439453125
33492,1.07421875,1.19140625,-0.2734375,-0.380859375
33493,1.171875,1.19140625,-0.087890625,-0.283203125
33494,1.181640625,1.171875,-0.224609375,-0.302734375
33495,1.064453125,1.220703125,-0.224609375,-0.380859375
33496,1.201171875,1.201171875,-0.224609375,-0.3515625
33497,1.240234375,1.142578125,-0.17578125,-0.390625
33498,1.19140625,1.09375,-0.283203125,-0.400390625
33499,1.19140625,1.19140625,-0.1953125,-0.400390625
33500,1.15234375,1.181640625,-0.302734375,-0.263671875
33501,1.181640625,1.328125,-0.1953125,-0.341796875
33502,1.23046875,1.03515625,-0.2734375,-0.302734375
33503,1.23046875,1.15234375,-0.21484375,-0.283203125
33504,1.25,1.15234375,-0.1953125,-0.361328125
33505,1.25,1.11328125,-0.322265625,-0.400390625
33506,1.279296875,1.162109375,-0.302734375,-0.33203125
33507,1.25,1.064453125,-0.25390625,-0.361328125
33508,1.201171875,1.162109375,-0.302734375,-0.419921875
33509,1.259765625,1.015625,-0.283203125,-0.341796875
33510,1.38671875,1.044921875,-0.205078125,-0.3515625
33511,1.25,1.044921875,-0.15625,-0.21484375
33512,1.30859375,1.123046875,-0.263671875,-0.361328125
33513,1.337890625,1.005859375,-0.1953125,-0.361328125
33514,1.26953125,1.09375,-0.400390625,-0.322265625
33515,1.220703125,1.064453125,-0.3125,-0.361328125
33516,1.181640625,1.201171875,-0.302734375,-0.33203125
33517,1.259765625,0.9765625,-0.3515625,-0.380859375
33518,1.26953125,1.142578125,-0.224609375,-0.5078125
33519,1.337890625,1.0546875,-0.322265625,-0.37109375
33520,1.23046875,1.083984375,-0.283203125,-0.33203125
33521,1.171875,1.083984375,-0.2734375,-0.3515625
33522,1.357421875,0.95703125,-0.302734375,-0.341796875
33523,1.240234375,0.91796875,-0.146484375,-0.37109375
33524,1.240234375,1.103515625,-0.302734375,-0.4296875
33525,1.26953125,1.19140625,-0.361328125,-0.3515625
33526,1.25,1.25,-0.3125,-0.361328125
33527,1.123046875,1.09375,-0.2734375,-0.361328125
33528,1.2109375,1.142578125,-0.25390625,-0.3515625
33529,1.298828125,1.044921875,-0.2734375,-0.400390625
33530,1.30859375,1.11328125,-0.244140625,-0.380859375
33531,1.2109375,1.142578125,-0.390625,-0.263671875
33532,1.19140625,1.162109375,-0.322265625,-0.2734375
33533,1.220703125,1.142578125,-0.25390625,-0.380859375
33534,1.259765625,1.0546875,-0.21484375,-0.3125
33535,1.259765625,1.064453125,-0.166015625,-0.37109375
33536,1.328125,0.9765625,-0.3125,-0.2734375
33537,1.416015625,0.986328125,-0.29296875,-0.322265625
33538,1.240234375,0.908203125,-0.1953125,-0.302734375
33539,1.142578125,0.9765625,-0.166015625,-0.380859375
33540,1.19140625,1.025390625,-0.263671875,-0.302734375
33541,1.240234375,0.966796875,-0.17578125,-0.341796875
33542,1.259765625,1.03515625,-0.224609375,-0.3515625
33543,1.15234375,1.015625,-0.283203125,-0.107421875
33544,1.220703125,1.083984375,-0.15625,-0.29296875
33545,1.25,0.966796875,-0.244140625,-0.2734375
33546,1.220703125,1.005859375,-0.283203125,-0.224609375
33547,1.240234375,1.03515625,-0.322265625,-0.341796875
33548,1.259765625,0.966796875,-0.166015625,-0.361328125
33549,1.240234375,1.03515625,-0.224609375,-0.2734375
33550,1.23046875,1.005859375,-0.15625,-0.302734375
33551,1.25,1.11328125,-0.146484375,-0.37109375
33552,1.318359375,1.03515625,-0.21484375,-0.3515625
33553,1.240234375,1.044921875,-0.15625,-0.3125
33554,1.2890625,1.015625,-0.283203125,-0.244140625
33555,1.083984375,1.064453125,-0.21484375,-0.263671875
33556,1.2109375,1.015625,-0.3515625,-0.33203125
33557,1.19140625,1.162109375,-0.25390625,-0.341796875
33558,1.2109375,1.044921875,-0.244140625,-0.107421875
33559,1.25,1.015625,-0.205078125,-0.263671875
33560,1.298828125,1.064453125,-0.46875,-0.302734375
33561,1.23046875,1.025390625,-0.283203125,-0.361328125
33562,1.2109375,1.03515625,-0.29296875,-0.29296875
33563,1.2109375,0.9375,-0.2734375,-0.33203125
33564,1.259765625,1.005859375,-0.25390625,-0.29296875
33565,1.201171875,0.986328125,-0.15625,-0.2734375
33566,1.240234375,1.025390625,-0.263671875,-0.25390625
33567,1.201171875,0.99609375,-0.283203125,-0.37109375
33568,1.279296875,0.908203125,-0.322265625,-0.29296875
33569,1.171875,1.0546875,-0.25390625,-0.25390625
33570,1.220703125,1.005859375,-0.2734375,-0.3515625
33571,1.15234375,0.966796875,-0.185546875,-0.29296875
33572,1.171875,0.8984375,-0.3125,-0.341796875
33573,1.11328125,1.005859375,-0.302734375,-0.4296875
33574,1.298828125,0.9765625,-0.234375,-0.2734375
33575,1.181640625,1.083984375,-0.3515625,-0.21484375
33576,1.201171875,1.044921875,-0.25390625,-0.2734375
33577,1.142578125,0.9765625,-0.302734375,-0.322265625
33578,1.2109375,0.869140625,-0.302734375,-0.263671875
33579,1.171875,1.044921875,-0.13671875,-0.419921875
33580,1.181640625,1.005859375,-0.1171875,-0.283203125
33581,1.19140625,1.015625,-0.166015625,-0.3125
33582,1.259765625,1.0546875,-0.25390625,-0.322265625
33583,1.259765625,1.005859375,-0.21484375,-0.107421875
33584,1.240234375,0.986328125,-0.185546875,-0.33203125
33585,1.220703125,1.044921875,-0.361328125,-0.439453125
33586,1.26953125,0.9765625,-0.1953125,-0.419921875
33587,1.220703125,1.064453125,-0.17578125,-0.244140625
33588,1.19140625,1.044921875,-0.234375,-0.3515625
33589,1.083984375,1.103515625,-0.283203125,-0.478515625
33590,1.2890625,1.015625,-0.185546875,-0.37109375
33591,1.337890625,1.083984375,-0.234375,-0.25390625
33592,1.30859375,1.07421875,-0.21484375,-0.380859375
33593,1.25,0.9765625,-0.2734375,-0.361328125
33594,1.2890625,1.015625,-0.166015625,-0.41015625
33595,1.25,1.09375,-0.15625,-0.458984375
33596,1.2109375,1.044921875,-0.234375,-0.361328125
33597,1.26953125,1.0546875,-0.25390625,-0.33203125
33598,1.201171875,1.044921875,-0.205078125,-0.37109375
33599,1.171875,1.07421875,-0.29296875,-0.361328125
33600,1.142578125,1.03515625,-0.205078125,-0.380859375
33601,1.220703125,1.064453125,-0.263671875,-0.380859375
33602,1.083984375,1.03515625,-0.126953125,-0.3125
33603,1.19140625,1.0546875,-0.1953125,-0.3515625
33604,1.19140625,1.015625,-0.29296875,-0.29296875
33605,1.11328125,1.123046875,-0.244140625,-0.3125
33606,1.083984375,1.083984375,-0.283203125,-0.15625
33607,1.240234375,1.083984375,-0.224609375,-0.283203125
33608,1.181640625,1.03515625,-0.17578125,-0.302734375
33609,1.201171875,1.07421875,-0.146484375,-0.302734375
33610,1.15234375,1.09375,-0.205078125,-0.3515625
33611,1.181640625,1.09375,-0.244140625,-0.322265625
33612,1.201171875,1.1328125,-0.205078125,-0.205078125
33613,1.26953125,1.09375,-0.185546875,-0.1953125
33614,1.181640625,0.99609375,-0.205078125,-0.205078125
33615,1.19140625,1.15234375,-0.2734375,-0.283203125
33616,1.25,1.162109375,-0.25390625,-0.37109375
33617,1.181640625,1.07421875,-0.205078125,-0.341796875
33618,1.2890625,1.083984375,-0.322265625,-0.302734375
33619,1.19140625,1.083984375,-0.263671875,-0.3125
33620,1.279296875,0.9765625,-0.33203125,-0.3125
33621,1.26953125,0.9765625,-0.224609375,-0.2734375
33622,1.318359375,1.07421875,-0.234375,-0.37109375
33623,1.259765625,1.083984375,-0.2734375,-0.322265625
33624,1.259765625,1.064453125,-0.1953125,-0.41015625
33625,1.25,1.083984375,-0.244140625,-0.244140625
33626,1.201171875,1.044921875,-0.1953125,-0.458984375
33627,1.23046875,1.005859375,-0.380859375,-0.41015625
33628,1.240234375,1.025390625,-0.283203125,-0.52734375
33629,1.23046875,1.015625,-0.33203125,-0.341796875
33630,1.259765625,1.0546875,-0.1953125,-0.263671875
33631,1.26953125,0.966796875,-0.205078125,-0.126953125
33632,1.279296875,1.103515625,-0.15625,-0.3515625
33633,1.279296875,1.064453125,-0.13671875,-0.322265625
33634,1.11328125,1.09375,-0.21484375,-0.234375
33635,1.083984375,0.9375,-0.146484375,-0.283203125
33636,1.26953125,1.09375,-0.1953125,-0.29296875
33637,1.26953125,1.09375,-0.21484375,-0.1953125
33638,1.259765625,1.25,-0.205078125,-0.29296875
33639,1.201171875,1.064453125,-0.302734375,-0.302734375
33640,1.2890625,1.07421875,-0.2734375,-0.21484375
33641,1.15234375,1.07421875,-0.224609375,-0.3125
33642,1.23046875,1.044921875,-0.244140625,-0.263671875
33643,1.25,1.083984375,-0.15625,-0.3125
33644,1.2109375,1.0546875,-0.166015625,-0.29296875
33645,1.181640625,0.9375,-0.15625,-0.244140625
33646,1.0546875,1.064453125,-0.185546875,-0.205078125
33647,1.07421875,1.123046875,-0.185546875,-0.234375
33648,1.171875,0.986328125,-0.224609375,-0.1953125
33649,1.0546875,1.03515625,-0.1171875,-0.0390625
33650,1.259765625,1.123046875,-0.205078125,-0.21484375
33651,1.240234375,1.162109375,-0.244140625,-0.21484375
33652,1.171875,1.083984375,-0.13671875,-0.2734375
33653,1.279296875,1.07421875,-0.234375,-0.244140625
33654,1.123046875,1.03515625,-0.21484375,-0.1953125
33655,1.171875,1.064453125,-0.1171875,-0.146484375
33656,1.220703125,0.99609375,-0.15625,-0.009765625
33657,1.2109375,1.09375,-0.3125,-0.185546875
33658,1.201171875,1.03515625,-0.2734375,-0.25390625
33659,1.30859375,1.0546875,-0.3125,-0.244140625
33660,1.171875,1.11328125,-0.29296875,-0.244140625
33661,1.240234375,1.103515625,-0.29296875,-0.2734375
33662,1.11328125,1.064453125,-0.244140625,-0.3125
33663,1.19140625,1.0546875,-0.2734375,-0.234375
33664,1.2109375,0.99609375,-0.263671875,-0.21484375
33665,1.15234375,1.103515625,-0.263671875,-0.25390625
33666,1.171875,1.015625,-0.21484375,-0.234375
33667,1.181640625,1.09375,-0.25390625,-0.3125
33668,1.25,1.103515625,-0.224609375,-0.234375
33669,1.15234375,1.0546875,-0.44921875,-0.29296875
33670,1.279296875,0.966796875,-0.21484375,-0.29296875
33671,1.162109375,1.064453125,-0.3125,-0.244140625
33672,1.23046875,1.298828125,-0.224609375,-0.302734375
33673,1.25,1.09375,-0.29296875,-0.1953125
33674,1.298828125,1.15234375,-0.302734375,-0.390625
33675,1.220703125,1.26953125,-0.29296875,-0.224609375
33676,1.201171875,1.123046875,-0.361328125,-0.234375
33677,1.171875,1.044921875,-0.302734375,-0.166015625
33678,1.2109375,1.23046875,-0.29296875,-0.21484375
33679,1.201171875,1.142578125,-0.302734375,-0.15625
33680,1.38671875,1.044921875,-0.25390625,-0.1953125
33681,1.279296875,1.181640625,-0.3515625,-0.234375
33682,1.2109375,1.30859375,-0.380859375,-0.146484375
33683,1.240234375,1.09375,-0.224609375,-0.17578125
33684,1.19140625,1.064453125,-0.322265625,-0.13671875
33685,1.15234375,1.1328125,-0.380859375,-0.15625
33686,1.181640625,1.07421875,-0.322265625,-0.09765625
33687,1.181640625,1.15234375,-0.390625,-0.205078125
33688,1.19140625,1.064453125,-0.205078125,-0.21484375
33689,1.19140625,1.162109375,-0.244140625,-0.244140625
33690,1.2109375,1.2890625,-0.15625,-0.224609375
33691,1.19140625,1.123046875,-0.166015625,-0.17578125
33692,1.23046875,1.123046875,-0.283203125,-0.263671875
33693,1.171875,1.15234375,-0.234375,-0.2734375
33694,1.142578125,1.0546875,-0.361328125,-0.244140625
33695,1.181640625,1.11328125,-0.263671875,-0.322265625
33696,1.19140625,1.09375,-0.09765625,-0.263671875
33697,1.220703125,1.015625,-0.13671875,-0.244140625
33698,1.171875,1.09375,-0.15625,-0.322265625
33699,1.09375,1.064453125,-0.283203125,-0.25390625
33700,1.19140625,1.09375,-0.205078125,-0.224609375
33701,1.09375,1.11328125,-0.205078125,-0.2734375
33702,1.259765625,1.240234375,-0.263671875,-0.234375
33703,1.2109375,1.044921875,-0.185546875,-0.244140625
33704,1.201171875,1.11328125,-0.283203125,-0.322265625
33705,1.11328125,1.11328125,-0.1953125,-0.263671875
33706,1.1328125,1.15234375,-0.3125,-0.29296875
33707,1.201171875,1.09375,-0.15625,-0.263671875
33708,1.201171875,1.11328125,-0.21484375,-0.25390625
33709,1.171875,1.123046875,-0.107421875,-0.2734375
33710,1.142578125,1.11328125,-0.3515625,-0.244140625
33711,1.38671875,1.083984375,-0.1953125,-0.263671875
33712,1.19140625,1.123046875,-0.205078125,-0.263671875
33713,1.162109375,1.11328125,-0.146484375,-0.3125
33714,1.123046875,1.19140625,-0.21484375,-0.01953125
33715,1.19140625,1.19140625,-0.263671875,-0.224609375
33716,1.123046875,1.09375,-0.166015625,-0.302734375
33717,1.1328125,1.123046875,-0.21484375,-0.263671875
33718,1.171875,1.083984375,-0.302734375,-0.263671875
33719,1.201171875,1.15234375,-0.15625,-0.25390625
33720,1.162109375,1.142578125,-0.21484375,-0.21484375
33721,1.2109375,1.11328125,-0.390625,-0.302734375
33722,1.181640625,1.15234375,-0.1953125,-0.244140625
33723,1.2109375,1.142578125,-0.1953125,-0.21484375
33724,1.201171875,1.083984375,-0.2734375,-0.2734375
33725,1.25,1.1328125,-0.33203125,-0.263671875
33726,1.162109375,1.11328125,-0.21484375,-0.419921875
33727,1.171875,1.1328125,-0.1953125,-0.234375
33728,1.1328125,1.162109375,-0.322265625,-0.2734375
33729,1.220703125,1.0546875,-0.234375,-0.41015625
33730,1.2109375,1.142578125,-0.283203125,-0.244140625
33731,1.220703125,1.142578125,-0.322265625,-0.244140625
33732,1.240234375,1.142578125,-0.25390625,-0.17578125
33733,1.201171875,1.064453125,-0.087890625,-0.341796875
33734,1.162109375,1.0546875,-0.2734375,-0.390625
33735,1.044921875,1.1328125,-0.3125,-0.263671875
33736,1.2890625,1.123046875,-0.234375,-0.244140625
33737,1.181640625,1.162109375,-0.322265625,-0.33203125
33738,1.19140625,1.103515625,-0.25390625,-0.25390625
33739,1.19140625,1.181640625,-0.205078125,-0.263671875
33740,1.19140625,1.19140625,-0.1953125,-0.263671875
33741,1.181640625,1.220703125,-0.1953125,-0.302734375
33742,1.064453125,1.201171875,-0.21484375,-0.244140625
33743,1.220703125,1.376953125,-0.078125,-0.224609375
33744,1.279296875,1.11328125,-0.224609375,-0.17578125
33745,1.2109375,1.083984375,-0.234375,-0.234375
33746,1.23046875,1.220703125,-0.244140625,-0.3125
33747,1.318359375,1.142578125,-0.17578125,-0.15625
33748,1.19140625,1.123046875,-0.25390625,-0.185546875
33749,1.23046875,1.15234375,-0.09765625,-0.2734375
33750,1.220703125,1.162109375,-0.224609375,-0.107421875
33751,1.318359375,1.171875,-0.146484375,-0.37109375
33752,1.162109375,0.966796875,-0.37109375,-0.283203125
33753,1.1328125,1.11328125,-0.234375,-0.21484375
33754,1.337890625,1.025390625,-0.244140625,-0.2734375
33755,1.19140625,1.1328125,-0.244140625,-0.263671875
33756,1.142578125,1.123046875,-0.205078125,-0.283203125
33757,1.396484375,1.07421875,-0.224609375,-0.283203125
33758,1.201171875,1.1328125,-0.185546875,-0.3515625
33759,1.25,1.15234375,-0.205078125,-0.37109375
33760,1.2109375,1.083984375,-0.205078125,-0.25390625
33761,1.220703125,1.240234375,-0.224609375,-0.3125
33762,1.09375,1.103515625,-0.185546875,-0.400390625
33763,1.220703125,1.2109375,-0.263671875,-0.244140625
33764,1.201171875,1.09375,-0.185546875,-0.146484375
33765,1.162109375,0.99609375,-0.21484375,-0.17578125
33766,1.357421875,1.181640625,-0.205078125,-0.29296875
33767,1.19140625,1.181640625,-0.185546875,-0.224609375
33768,1.162109375,1.142578125,-0.25390625,0.048828125
33769,1.220703125,1.19140625,-0.224609375,-0.3125
33770,1.201171875,1.1328125,-0.205078125,-0.263671875
33771,1.162109375,1.1328125,-0.126953125,-0.244140625
33772,1.162109375,1.23046875,-0.185546875,-0.244140625
33773,1.19140625,1.025390625,-0.185546875,-0.341796875
33774,1.298828125,1.123046875,-0.244140625,-0.302734375
33775,1.25,1.220703125,-0.234375,-0.09765625
33776,1.142578125,1.181640625,-0.2734375,-0.2734375
33777,1.15234375,1.240234375,-0.263671875,-0.048828125
33778,1.201171875,1.23046875,-0.1953125,-0.380859375
33779,1.2109375,1.23046875,-0.234375,-0.263671875
33780,1.171875,1.0546875,-0.1953125,-0.263671875
33781,1.19140625,1.23046875,-0.17578125,-0.107421875
33782,1.2109375,1.123046875,-0.234375,-0.2734375
33783,1.171875,1.044921875,-0.25390625,-0.2734375
33784,1.279296875,1.1328125,-0.341796875,-0.302734375
33785,1.19140625,1.142578125,-0.390625,-0.244140625
33786,1.201171875,1.162109375,-0.17578125,-0.224609375
33787,1.181640625,1.171875,-0.29296875,-0.341796875
33788,1.23046875,1.220703125,-0.244140625,-0.21484375
33789,1.240234375,1.220703125,-0.322265625,-0.224609375
33790,1.19140625,1.181640625,-0.2734375,-0.361328125
33791,1.1328125,1.15234375,-0.244140625,-0.2734375
33792,1.201171875,1.26953125,-0.380859375,-0.25390625
33793,1.123046875,1.1328125,-0.234375,-0.302734375
33794,1.103515625,1.064453125,-0.234375,-0.283203125
33795,1.171875,1.162109375,-0.234375,-0.2734375
33796,1.26953125,1.19140625,-0.25390625,-0.185546875
33797,1.25,1.11328125,-0.25390625,-0.302734375
33798,1.2109375,1.09375,-0.322265625,-0.234375
33799,1.298828125,1.142578125,-0.2734375,-0.15625
33800,1.298828125,1.123046875,-0.302734375,-0.33203125
33801,1.2109375,1.201171875,-0.302734375,-0.205078125
33802,1.240234375,1.220703125,-0.263671875,-0.126953125
33803,1.357421875,1.201171875,-0.185546875,-0.244140625
33804,1.201171875,1.083984375,-0.1953125,-0.302734375
33805,1.083984375,1.171875,-0.2734375,-0.2734375
33806,1.15234375,1.2109375,-0.25390625,-0.224609375
33807,1.26953125,1.318359375,-0.25390625,-0.2734375
33808,1.19140625,1.171875,-0.3125,0
33809,1.240234375,1.240234375,-0.390625,-0.185546875
33810,1.181640625,1.123046875,-0.234375,-0.33203125
33811,1.23046875,1.19140625,-0.29296875,-0.205078125
33812,1.19140625,1.07421875,-0.126953125,-0.283203125
33813,1.240234375,1.23046875,-0.341796875,-0.3515625
33814,1.201171875,1.15234375,-0.2734375,0
33815,1.142578125,1.201171875,-0.263671875,-0.37109375
33816,1.240234375,1.0546875,-0.224609375,-0.3125
33817,1.181640625,1.181640625,-0.283203125,-0.33203125
33818,1.11328125,1.09375,-0.263671875,-0.283203125
33819,1.279296875,1.142578125,-0.15625,-0.3515625
33820,1.34765625,1.259765625,-0.244140625,-0.21484375
33821,1.30859375,1.23046875,-0.25390625,-0.322265625
33822,1.328125,1.25,-0.234375,-0.3125
33823,1.279296875,1.142578125,-0.283203125,-0.21484375
33824,1.240234375,1.1328125,-0.15625,-0.341796875
33825,1.26953125,1.11328125,-0.263671875,-0.2734375
33826,1.123046875,1.19140625,-0.25390625,-0.390625
33827,1.19140625,1.181640625,-0.21484375,-0.41015625
33828,1.26953125,1.259765625,-0.29296875,-0.29296875
33829,1.318359375,1.2109375,-0.21484375,-0.234375
33830,1.15234375,1.2109375,-0.302734375,-0.29296875
33831,1.2890625,1.0546875,-0.25390625,-0.244140625
33832,1.2109375,1.142578125,-0.263671875,-0.33203125
33833,1.318359375,1.2109375,-0.25390625,-0.3515625
33834,1.3671875,1.171875,-0.2734375,-0.322265625
33835,1.2890625,1.279296875,-0.224609375,-0.3515625
33836,1.42578125,1.25,-0.283203125,-0.322265625
33837,1.3671875,1.19140625,-0.380859375,-0.33203125
33838,1.357421875,1.2109375,-0.244140625,-0.3515625
33839,1.240234375,1.201171875,-0.29296875,-0.29296875
33840,1.30859375,1.19140625,-0.37109375,-0.3125
33841,1.34765625,1.2109375,-0.263671875,-0.3125
33842,1.474609375,1.2109375,-0.166015625,-0.263671875
33843,1.2890625,1.298828125,-0.3515625,-0.283203125
33844,1.328125,1.19140625,-0.419921875,-0.1953125
33845,1.298828125,1.181640625,-0.185546875,-0.341796875
33846,1.2890625,1.2890625,-0.302734375,-0.2734375
33847,1.3671875,1.25,-0.1171875,-0.322265625
33848,1.259765625,1.23046875,-0.302734375,-0.478515625
33849,1.279296875,1.25,-0.341796875,-0.3125
33850,1.2890625,1.083984375,-0.09765625,-0.1953125
33851,1.1328125,1.19140625,-0.322265625,-0.21484375
33852,1.240234375,1.240234375,-0.166015625,-0.283203125
33853,1.279296875,1.25,-0.37109375,-0.263671875
33854,1.357421875,1.26953125,-0.3125,-0.3515625
33855,1.259765625,1.26953125,-0.361328125,-0.361328125
33856,1.298828125,1.162109375,-0.21484375,-0.37109375
33857,1.30859375,1.26953125,-0.234375,-0.3515625
33858,1.318359375,1.376953125,-0.244140625,-0.33203125
33859,1.2890625,1.15234375,-0.21484375,-0.44921875
33860,1.11328125,1.220703125,-0.361328125,-0.3515625
33861,1.2109375,1.09375,-0.29296875,-0.263671875
33862,1.357421875,1.2890625,-0.3515625,-0.380859375
33863,1.513671875,1.25,-0.244140625,-0.21484375
33864,1.396484375,1.15234375,-0.263671875,-0.390625
33865,1.34765625,1.26953125,-0.2734375,-0.322265625
33866,1.42578125,1.240234375,-0.21484375,-0.3515625
33867,1.376953125,1.26953125,-0.205078125,-0.361328125
33868,1.337890625,1.19140625,-0.3515625,-0.400390625
33869,1.34765625,1.240234375,-0.263671875,-0.3515625
33870,1.376953125,1.26953125,-0.29296875,-0.37109375
33871,1.26953125,1.2109375,-0.33203125,-0.380859375
33872,1.337890625,1.279296875,-0.263671875,-0.48828125
33873,1.357421875,1.259765625,-0.3125,-0.341796875
33874,1.357421875,1.279296875,-0.302734375,-0.341796875
33875,1.337890625,1.201171875,-0.263671875,-0.419921875
33876,1.30859375,1.123046875,-0.224609375,-0.380859375
33877,1.328125,1.1328125,-0.322265625,-0.361328125
33878,1.279296875,1.171875,-0.2734375,-0.283203125
33879,1.2890625,1.09375,-0.21484375,-0.3515625
33880,1.2890625,1.171875,-0.25390625,-0.302734375
33881,1.279296875,1.162109375,-0.37109375,-0.2734375
33882,1.357421875,1.337890625,-0.29296875,-0.322265625
33883,1.259765625,1.03515625,-0.087890625,-0.361328125
33884,1.279296875,1.220703125,-0.361328125,-0.439453125
33885,1.26953125,1.2109375,-0.33203125,-0.380859375
33886,1.201171875,1.2890625,-0.263671875,-0.322265625
33887,1.435546875,1.19140625,-0.17578125,-0.25390625
33888,1.26953125,1.259765625,-0.29296875,-0.33203125
33889,1.279296875,1.03515625,-0.205078125,-0.390625
33890,1.162109375,1.23046875,-0.322265625,-0.3125
33891,1.15234375,1.259765625,-0.224609375,-0.322265625
33892,1.201171875,1.25,-0.2734375,-0.3125
33893,1.259765625,1.23046875,-0.25390625,-0.17578125
33894,1.2109375,1.2109375,-0.302734375,-0.302734375
33895,1.2890625,1.259765625,-0.1953125,-0.263671875
33896,1.162109375,1.201171875,-0.302734375,-0.244140625
33897,1.171875,1.1328125,-0.185546875,-0.439453125
33898,1.2890625,1.259765625,-0.33203125,-0.3515625
33899,1.2109375,1.23046875,-0.244140625,-0.478515625
33900,1.26953125,1.23046875,-0.224609375,-0.390625
33901,1.162109375,1.19140625,-0.263671875,-0.361328125
33902,1.220703125,1.220703125,-0.21484375,-0.4296875
33903,1.220703125,1.240234375,-0.224609375,-0.13671875
33904,1.2890625,1.337890625,-0.263671875,-0.322265625
33905,1.259765625,1.162109375,-0.17578125,-0.3515625
33906,1.337890625,1.240234375,-0.25390625,-0.361328125
33907,1.26953125,1.240234375,-0.185546875,-0.439453125
33908,1.23046875,1.09375,-0.341796875,-0.44921875
33909,1.181640625,1.220703125,-0.341796875,-0.380859375
33910,1.240234375,1.162109375,-0.283203125,-0.3515625
33911,1.259765625,1.201171875,-0.302734375,-0.517578125
33912,1.279296875,1.2109375,-0.224609375,-0.5078125
33913,1.30859375,1.201171875,-0.29296875,-0.361328125
33914,1.220703125,1.201171875,-0.322265625,-0.37109375
33915,1.38671875,1.201171875,-0.283203125,-0.4296875
33916,1.337890625,1.23046875,-0.2734375,-0.380859375
33917,1.259765625,1.259765625,-0.3125,-0.361328125
33918,1.162109375,1.11328125,-0.283203125,-0.390625
33919,1.103515625,1.23046875,-0.400390625,-0.41015625
33920,1.201171875,1.07421875,-0.361328125,-0.37109375
33921,1.25,1.123046875,-0.302734375,-0.400390625
33922,1.171875,1.201171875,-0.17578125,-0.37109375
33923,1.201171875,1.19140625,-0.166015625,-0.3515625
33924,1.357421875,1.240234375,-0.21484375,-0.458984375
33925,1.181640625,1.171875,-0.078125,-0.302734375
33926,1.2109375,1.142578125,-0.185546875,-0.380859375
33927,1.25,1.123046875,-0.1953125,-0.37109375
33928,1.07421875,1.240234375,-0.205078125,-0.3515625
33929,1.162109375,1.162109375,-0.224609375,-0.37109375
33930,1.123046875,1.162109375,-0.1953125,-0.224609375
33931,1.259765625,1.162109375,-0.234375,-0.322265625
33932,1.2890625,1.240234375,-0.1953125,-0.263671875
33933,1.34765625,1.181640625,-0.205078125,-0.390625
33934,1.259765625,1.142578125,-0.224609375,-0.361328125
33935,1.23046875,1.279296875,-0.185546875,-0.400390625
33936,1.19140625,1.171875,-0.21484375,-0.5078125
33937,1.318359375,1.181640625,-0.25390625,-0.37109375
33938,1.259765625,1.123046875,-0.3125,-0.361328125
33939,1.25,1.171875,-0.3125,-0.2734375
33940,1.396484375,1.220703125,-0.263671875,-0.3515625
33941,1.259765625,1.26953125,-0.48828125,-0.41015625
33942,1.298828125,1.09375,-0.380859375,-0.5078125
33943,1.23046875,1.15234375,-0.33203125,-0.380859375
33944,1.259765625,0.99609375,-0.244140625,-0.341796875
33945,1.19140625,1.064453125,-0.283203125,-0.25390625
33946,1.123046875,1.064453125,-0.185546875,-0.3125
33947,1.171875,1.181640625,-0.244140625,-0.361328125
33948,1.220703125,1.09375,-0.244140625,-0.341796875
33949,1.220703125,1.0546875,-0.244140625,-0.33203125
33950,1.259765625,1.19140625,-0.166015625,-0.380859375
33951,1.23046875,1.09375,-0.224609375,-0.29296875
33952,1.181640625,1.0546875,-0.205078125,-0.21484375
33953,1.181640625,1.083984375,-0.380859375,-0.37109375
33954,1.279296875,1.064453125,-0.25390625,-0.625
33955,1.19140625,1.162109375,-0.283203125,-0.546875
33956,1.19140625,1.09375,-0.29296875,-0.37109375
33957,1.318359375,1.044921875,-0.205078125,-0.302734375
33958,1.259765625,1.025390625,-0.107421875,-0.322265625
33959,1.220703125,1.103515625,-0.37109375,-0.2734375
33960,1.23046875,1.11328125,-0.263671875,-0.341796875
33961,1.201171875,1.064453125,-0.244140625,-0.3125
33962,1.337890625,1.181640625,-0.21484375,-0.2734375
33963,1.25,1.044921875,-0.21484375,-0.322265625
33964,1.25,1.07421875,-0.224609375,-0.380859375
33965,1.220703125,1.083984375,-0.185546875,-0.322265625
33966,1.279296875,1.1328125,-0.166015625,-0.380859375
33967,1.30859375,1.0546875,-0.224609375,-0.3515625
33968,1.240234375,1.005859375,-0.146484375,-0.4296875
33969,1.201171875,1.0546875,-0.13671875,-0.3515625
33970,1.2109375,1.025390625,-0.25390625,-0.37109375
33971,1.3671875,1.11328125,-0.224609375,-0.341796875
33972,1.220703125,1.07421875,-0.166015625,-0.302734375
33973,1.171875,0.95703125,-0.25390625,-0.224609375
33974,1.171875,0.99609375,-0.21484375,-0.3125
33975,1.181640625,1.025390625,-0.263671875,-0.4296875
33976,1.142578125,0.9765625,-0.107421875,-0.380859375
33977,1.328125,0.947265625,-0.205078125,-0.3125
33978,1.240234375,0.8203125,-0.3125,-0.21484375
33979,1.298828125,1.005859375,-0.166015625,-0.01953125
33980,1.240234375,1.123046875,-0.2734375,-0.263671875
33981,1.19140625,1.025390625,-0.25390625,-0.146484375
33982,1.240234375,0.95703125,-0.205078125,-0.166015625
33983,1.1328125,0.947265625,-0.283203125,-0.224609375
33984,1.15234375,0.927734375,-0.15625,-0.234375
33985,1.25,0.966796875,-0.05859375,-0.15625
33986,1.19140625,1.005859375,-0.13671875,-0.283203125
33987,1.298828125,0.927734375,-0.205078125,-0.33203125
33988,1.318359375,0.9765625,-0.15625,-0.283203125
33989,1.337890625,0.947265625,-0.21484375,-0.205078125
33990,1.240234375,0.9765625,-0.25390625,-0.380859375
33991,1.2109375,0.9765625,-0.244140625,-0.263671875
33992,1.181640625,1.025390625,-0.185546875,-0.37109375
33993,1.30859375,0.947265625,-0.341796875,-0.244140625
33994,1.30859375,1.015625,-0.234375,-0.44921875
33995,1.201171875,1.064453125,-0.146484375,-0.33203125
33996,1.240234375,1.07421875,-0.21484375,-0.283203125
33997,1.142578125,0.9765625,-0.234375,-0.517578125
33998,1.279296875,0.966796875,-0.263671875,-0.3125
33999,1.23046875,0.95703125,-0.44921875,-0.29296875
34000,1.279296875,1.0546875,-0.205078125,-0.478515625
34001,1.240234375,1.142578125,-0.224609375,-0.3125
34002,1.201171875,1.123046875,-0.244140625,-0.380859375
34003,1.162109375,1.044921875,-0.322265625,-0.185546875
34004,1.2890625,0.9375,-0.21484375,-0.341796875
34005,1.181640625,0.986328125,-0.185546875,-0.341796875
34006,1.23046875,1.025390625,-0.25390625,-0.380859375
34007,1.201171875,1.044921875,-0.13671875,-0.41015625
34008,1.181640625,0.99609375,-0.21484375,-0.302734375
34009,1.181640625,0.99609375,-0.166015625,-0.224609375
34010,1.220703125,0.9765625,-0.205078125,-0.283203125
34011,1.171875,0.9765625,-0.3125,-0.1953125
34012,1.220703125,0.99609375,-0.224609375,-0.41015625
34013,1.03515625,1.03515625,-0.205078125,-0.361328125
34014,1.220703125,1.0546875,-0.205078125,-0.29296875
34015,1.162109375,1.005859375,-0.2734375,-0.3125
34016,1.201171875,1.03515625,-0.185546875,-0.224609375
34017,1.2109375,0.95703125,-0.4296875,-0.361328125
34018,1.23046875,0.966796875,-0.166015625,-0.41015625
34019,1.337890625,0.9765625,-0.322265625,-0.29296875
34020,1.2109375,1.0546875,-0.21484375,-0.25390625
34021,1.2109375,1.103515625,-0.3125,-0.126953125
34022,1.162109375,1.025390625,-0.2734375,-0.3515625
34023,1.23046875,1.064453125,-0.2734375,-0.3515625
34024,1.19140625,1.025390625,-0.3125,-0.244140625
34025,1.259765625,0.95703125,-0.283203125,-0.283203125
34026,1.240234375,1.025390625,-0.1953125,-0.33203125
34027,1.15234375,1.07421875,-0.37109375,-0.3515625
34028,1.123046875,1.025390625,-0.234375,-0.361328125
34029,1.171875,0.947265625,-0.29296875,-0.380859375
34030,1.11328125,0.859375,-0.41015625,-0.458984375
34031,1.1328125,1.015625,-0.2734375,-0.400390625
34032,1.1328125,1.064453125,-0.283203125,-0.33203125
34033,1.171875,1.025390625,-0.283203125,-0.2734375
34034,1.220703125,1.03515625,-0.25390625,-0.361328125
34035,1.171875,0.9765625,-0.263671875,-0.29296875
34036,1.181640625,0.8203125,-0.146484375,-0.25390625
34037,1.142578125,1.064453125,-0.25390625,-0.302734375
34038,1.162109375,0.95703125,-0.185546875,-0.322265625
34039,1.142578125,1.162109375,-0.361328125,-0.341796875
34040,1.142578125,1.083984375,-0.25390625,-0.458984375
34041,1.240234375,1.03515625,-0.263671875,-0.3125
34042,1.1328125,1.064453125,-0.087890625,-0.224609375
34043,1.0546875,1.025390625,-0.283203125,-0.13671875
34044,1.15234375,1.064453125,-0.224609375,-0.224609375
34045,1.23046875,1.064453125,-0.21484375,-0.302734375
34046,1.123046875,1.103515625,-0.244140625,-0.400390625
34047,1.11328125,1.181640625,-0.244140625,-0.244140625
34048,1.201171875,0.87890625,-0.302734375,-0.29296875
34049,1.162109375,1.015625,-0.15625,-0.3125
34050,1.103515625,1.220703125,-0.21484375,-0.263671875
34051,1.220703125,0.986328125,-0.205078125,-0.263671875
34052,1.298828125,1.0546875,-0.244140625,-0.302734375
34053,1.259765625,1.181640625,-0.263671875,-0.283203125
34054,1.15234375,1.07421875,0,-0.205078125
34055,1.09375,1.1328125,-0.1953125,-0.283203125
34056,1.201171875,1.083984375,-0.166015625,-0.25390625
34057,1.2109375,1.103515625,-0.13671875,-0.263671875
34058,1.181640625,1.103515625,-0.15625,-0.263671875
34059,1.201171875,1.2890625,-0.21484375,-0.15625
34060,1.23046875,0.986328125,-0.009765625,-0.234375
34061,1.11328125,1.07421875,-0.322265625,-0.0390625
34062,1.26953125,1.07421875,-0.283203125,-0.400390625
34063,1.2109375,1.09375,-0.15625,-0.29296875
34064,1.240234375,1.025390625,-0.2734375,-0.400390625
34065,1.23046875,1.19140625,-0.234375,-0.302734375
34066,1.220703125,1.025390625,-0.2734375,-0.234375
34067,1.220703125,1.083984375,-0.263671875,-0.33203125
34068,1.162109375,1.025390625,-0.37109375,-0.419921875
34069,1.23046875,1.0546875,-0.146484375,-0.390625
34070,1.07421875,1.07421875,-0.244140625,-0.224609375
34071,1.220703125,1.083984375,-0.224609375,-0.419921875
34072,1.15234375,1.15234375,-0.380859375,-0.29296875
34073,1.201171875,1.09375,-0.322265625,-0.107421875
34074,1.171875,1.015625,-0.263671875,-0.361328125
34075,1.19140625,1.044921875,-0.166015625,-0.29296875
34076,1.23046875,1.07421875,-0.146484375,-0.322265625
34077,1.15234375,1.123046875,-0.263671875,-0.205078125
34078,1.171875,1.083984375,-0.146484375,-0.244140625
34079,1.142578125,1.044921875,-0.185546875,-0.166015625
34080,1.2109375,1.015625,-0.205078125,-0.146484375
34081,1.064453125,1.083984375,-0.2734375,-0.302734375
34082,1.220703125,1.064453125,-0.146484375,-0.33203125
34083,1.26953125,1.03515625,-0.21484375,-0.126953125
34084,1.1328125,1.044921875,-0.234375,-0.244140625
34085,1.15234375,1.11328125,-0.361328125,-0.25390625
34086,1.15234375,1.083984375,-0.224609375,-0.185546875
34087,1.201171875,0.9765625,-0.126953125,-0.29296875
34088,1.23046875,0.99609375,-0.21484375,-0.1953125
34089,1.25,1.03515625,-0.283203125,-0.234375
34090,1.2109375,1.09375,-0.1953125,-0.15625
34091,1.26953125,1.0546875,-0.234375,-0.087890625
34092,1.1328125,1.0546875,-0.2734375,-0.3125
34093,1.09375,1.07421875,-0.224609375,-0.29296875
34094,1.171875,1.0546875,-0.234375,-0.205078125
34095,1.171875,1.0546875,-0.234375,-0.419921875
34096,1.162109375,0.986328125,-0.166015625,-0.234375
34097,1.279296875,0.99609375,-0.341796875,-0.205078125
34098,1.25,1.03515625,-0.25390625,-0.283203125
34099,1.15234375,1.26953125,-0.25390625,-0.21484375
34100,1.240234375,1.240234375,-0.21484375,-0.25390625
34101,1.23046875,1.064453125,-0.263671875,-0.205078125
34102,1.23046875,1.07421875,-0.302734375,-0.234375
34103,1.181640625,1.03515625,-0.390625,-0.263671875
34104,1.23046875,1.064453125,-0.2734375,-0.21484375
34105,1.26953125,1.005859375,-0.3125,-0.17578125
34106,1.19140625,1.025390625,-0.3125,-0.17578125
34107,1.298828125,1.1328125,-0.29296875,-0.234375
34108,1.1328125,1.015625,-0.244140625,-0.234375
34109,1.220703125,1.142578125,-0.21484375,-0.166015625
34110,1.142578125,1.083984375,-0.302734375,-0.419921875
34111,1.25,0.99609375,-0.29296875,-0.283203125
34112,1.19140625,0.888671875,-0.29296875,-0.1953125
34113,1.279296875,1.083984375,-0.2734375,-0.205078125
34114,1.15234375,1.142578125,-0.283203125,-0.263671875
34115,1.279296875,1.044921875,-0.205078125,-0.224609375
34116,1.279296875,1.015625,-0.33203125,-0.21484375
34117,1.171875,1.005859375,-0.263671875,-0.185546875
34118,1.298828125,1.23046875,-0.25390625,-0.107421875
34119,1.123046875,1.171875,-0.205078125,-0.1171875
34120,1.23046875,1.025390625,-0.21484375,-0.2734375
34121,1.220703125,1.162109375,-0.2734375,-0.25390625
34122,1.162109375,1.103515625,-0.283203125,-0.322265625
34123,1.03515625,1.0546875,-0.263671875,-0.244140625
34124,1.181640625,1.03515625,-0.224609375,-0.13671875
34125,1.19140625,1.142578125,-0.283203125,-0.29296875
34126,1.0546875,1.064453125,-0.234375,-0.17578125
34127,1.171875,1.123046875,-0.322265625,-0.234375
34128,1.15234375,1.103515625,-0.25390625,-0.21484375
34129,1.298828125,1.07421875,-0.25390625,-0.1953125
34130,1.2109375,1.171875,-0.234375,-0.13671875
34131,1.15234375,1.103515625,-0.2734375,-0.224609375
34132,1.40625,1.11328125,-0.17578125,-0.2734375
34133,1.201171875,0.9375,-0.1953125,-0.322265625
34134,1.2890625,1.044921875,-0.244140625,-0.15625
34135,1.19140625,1.1328125,-0.234375,-0.33203125
34136,1.259765625,1.09375,-0.25390625,-0.1953125
34137,1.259765625,1.103515625,-0.13671875,-0.15625
34138,1.162109375,1.083984375,-0.234375,-0.283203125
34139,1.142578125,1.07421875,-0.205078125,-0.263671875
34140,1.201171875,1.09375,-0.13671875,-0.458984375
34141,1.171875,1.07421875,-0.234375,-0.37109375
34142,1.123046875,1.0546875,-0.17578125,-0.25390625
34143,1.142578125,1.123046875,-0.205078125,-0.263671875
34144,1.26953125,1.09375,-0.2734375,-0.21484375
34145,1.123046875,1.1328125,-0.224609375,-0.3125
34146,1.142578125,1.123046875,-0.234375,-0.244140625
34147,1.03515625,1.11328125,-0.263671875,-0.37109375
34148,1.15234375,1.259765625,-0.25390625,-0.3515625
34149,1.181640625,1.298828125,-0.283203125,-0.146484375
34150,1.1328125,1.11328125,-0.21484375,-0.126953125
34151,1.123046875,1.171875,-0.263671875,-0.205078125
34152,1.162109375,1.07421875,-0.3515625,-0.234375
34153,1.15234375,1.123046875,-0.283203125,-0.185546875
34154,1.1328125,1.07421875,-0.25390625,-0.263671875
34155,1.2890625,1.2109375,-0.1953125,-0.41015625
34156,1.357421875,1.142578125,-0.205078125,-0.302734375
34157,1.279296875,1.15234375,-0.234375,-0.244140625
34158,1.25,1.123046875,-0.21484375,-0.25390625
34159,1.25,1.064453125,-0.21484375,-0.3515625
34160,1.15234375,0.99609375,-0.205078125,-0.283203125
34161,1.201171875,1.240234375,-0.205078125,-0.29296875
34162,1.171875,1.142578125,-0.322265625,-0.205078125
34163,1.142578125,1.19140625,-0.126953125,-0.2734375
34164,1.26953125,1.25,-0.185546875,-0.21484375
34165,1.259765625,1.162109375,-0.283203125,-0.25390625
34166,1.23046875,1.201171875,-0.25390625,-0.185546875
34167,1.19140625,1.123046875,-0.234375,-0.29296875
34168,1.2890625,1.220703125,-0.224609375,-0.146484375
34169,1.09375,1.123046875,-0.322265625,-0.33203125
34170,1.171875,1.201171875,-0.185546875,-0.25390625
34171,1.23046875,1.19140625,-0.2734375,-0.3125
34172,1.26953125,0.859375,-0.234375,-0.21484375
34173,1.171875,1.1328125,-0.263671875,-0.29296875
34174,1.201171875,1.220703125,-0.244140625,-0.15625
34175,1.15234375,1.083984375,-0.13671875,-0.263671875
34176,1.181640625,0.966796875,-0.25390625,-0.234375
34177,1.25,1.19140625,-0.21484375,-0.3125
34178,1.1328125,1.123046875,-0.283203125,-0.2734375
34179,1.19140625,1.19140625,-0.15625,-0.29296875
34180,1.181640625,1.171875,-0.3515625,-0.283203125
34181,1.142578125,1.19140625,-0.29296875,-0.263671875
34182,1.2109375,1.064453125,-0.17578125,-0.2734375
34183,1.142578125,1.15234375,-0.15625,-0.478515625
34184,1.19140625,1.09375,-0.146484375,-0.1171875
34185,1.220703125,1.181640625,-0.234375,-0.205078125
34186,1.298828125,1.1328125,-0.107421875,-0.283203125
34187,1.2109375,1.240234375,-0.185546875,-0.283203125
34188,1.15234375,1.337890625,-0.234375,-0.2734375
34189,1.25,1.142578125,-0.146484375,-0.263671875
34190,1.103515625,1.0546875,-0.15625,-0.224609375
34191,1.171875,1.09375,-0.126953125,-0.302734375
34192,1.181640625,1.171875,-0.21484375,-0.185546875
34193,1.07421875,1.07421875,-0.166015625,-0.29296875
34194,1.25,1.201171875,-0.078125,-0.263671875
34195,1.15234375,1.181640625,-0.107421875,-0.234375
34196,1.2109375,1.19140625,-0.087890625,-0.29296875
34197,1.15234375,1.0546875,-0.166015625,-0.2734375
34198,1.220703125,1.2109375,-0.283203125,-0.078125
34199,1.11328125,1.181640625,-0.205078125,-0.33203125
34200,1.23046875,1.15234375,-0.21484375,-0.25390625
34201,1.171875,1.15234375,-0.234375,-0.244140625
34202,1.2109375,1.142578125,-0.244140625,-0.458984375
34203,1.220703125,1.171875,-0.244140625,-0.29296875
34204,1.15234375,1.162109375,-0.166015625,-0.3125
34205,1.298828125,1.123046875,-0.341796875,-0.1953125
34206,1.279296875,1.171875,-0.224609375,-0.263671875
34207,1.171875,1.220703125,-0.146484375,-0.009765625
34208,1.240234375,1.259765625,-0.205078125,-0.234375
34209,1.2109375,1.11328125,-0.322265625,-0.234375
34210,1.259765625,1.25,-0.283203125,-0.283203125
34211,1.240234375,1.171875,-0.263671875,-0.244140625
34212,1.298828125,1.38671875,-0.302734375,-0.234375
34213,1.142578125,1.09375,-0.234375,-0.205078125
34214,1.34765625,1.23046875,-0.322265625,-0.25390625
34215,1.19140625,1.23046875,-0.3125,-0.25390625
34216,1.2109375,1.181640625,-0.2734375,-0.3515625
34217,1.1328125,1.171875,-0.205078125,-0.361328125
34218,1.19140625,1.19140625,-0.1953125,-0.25390625
34219,1.2109375,1.103515625,-0.322265625,-0.29296875
34220,1.07421875,1.181640625,-0.2734375,-0.29296875
34221,1.1328125,1.298828125,-0.322265625,-0.263671875
34222,1.2109375,1.005859375,-0.087890625,-0.2734375
34223,1.142578125,1.201171875,-0.302734375,-0.185546875
34224,1.19140625,1.162109375,-0.33203125,-0.244140625
34225,1.2109375,1.142578125,-0.224609375,-0.234375
34226,1.181640625,1.23046875,-0.2734375,-0.3125
34227,1.201171875,1.25,-0.3125,-0.2734375
34228,1.2109375,1.201171875,-0.17578125,-0.25390625
34229,1.123046875,1.201171875,-0.17578125,-0.302734375
34230,1.2109375,1.19140625,-0.302734375,-0.341796875
34231,1.220703125,1.30859375,-0.361328125,-0.302734375
34232,1.2890625,1.142578125,-0.37109375,-0.33203125
34233,1.181640625,1.19140625,-0.2734375,-0.283203125
34234,1.23046875,0.99609375,-0.52734375,-0.341796875
34235,1.240234375,1.162109375,-0.29296875,-0.419921875
34236,1.25,1.25,-0.25390625,-0.2734375
34237,1.220703125,1.07421875,-0.29296875,-0.341796875
34238,1.220703125,1.15234375,-0.224609375,-0.2734375
34239,1.34765625,1.025390625,-0.2734375,-0.2734375
34240,1.23046875,1.0546875,-0.224609375,-0.29296875
34241,1.25,1.15234375,-0.29296875,-0.302734375
34242,1.07421875,1.064453125,-0.2734375,-0.283203125
34243,1.279296875,1.11328125,-0.283203125,-0.234375
34244,1.181640625,1.162109375,-0.234375,-0.25390625
34245,1.162109375,1.142578125,-0.263671875,-0.361328125
34246,1.240234375,1.201171875,-0.185546875,-0.2734375
34247,1.19140625,1.201171875,-0.234375,-0.390625
34248,1.30859375,1.279296875,-0.1953125,-0.302734375
34249,1.279296875,1.220703125,-0.3515625,-0.283203125
34250,1.259765625,1.201171875,-0.25390625,-0.29296875
34251,1.201171875,1.2109375,-0.224609375,-0.302734375
34252,1.25,1.25,-0.439453125,-0.29296875
34253,1.328125,1.201171875,-0.1953125,-0.107421875
34254,1.25,1.240234375,-0.244140625,-0.2734375
34255,1.30859375,1.240234375,-0.283203125,-0.3515625
34256,1.259765625,1.1328125,-0.15625,-0.263671875
34257,1.298828125,1.25,-0.224609375,-0.537109375
34258,1.19140625,1.318359375,-0.2734375,-0.21484375
34259,1.201171875,1.23046875,-0.234375,-0.234375
34260,1.240234375,1.19140625,-0.1171875,-0.3515625
34261,1.26953125,1.298828125,0,-0.33203125
34262,1.259765625,1.220703125,-0.234375,-0.283203125
34263,1.46484375,1.2109375,-0.25390625,-0.33203125
34264,1.3671875,1.2109375,-0.234375,-0.2734375
34265,1.34765625,1.171875,-0.205078125,-0.3125
34266,1.42578125,1.2109375,-0.17578125,-0.380859375
34267,1.337890625,1.298828125,-0.185546875,-0.283203125
34268,1.34765625,1.50390625,-0.283203125,-0.361328125
34269,1.328125,1.19140625,-0.33203125,-0.37109375
34270,1.3671875,1.123046875,-0.400390625,-0.33203125
34271,1.38671875,1.2109375,-0.21484375,-0.302734375
34272,1.318359375,1.19140625,-0.2734375,-0.33203125
34273,1.240234375,1.162109375,-0.341796875,-0.283203125
34274,1.337890625,1.2890625,-0.37109375,-0.3515625
34275,1.416015625,1.220703125,-0.224609375,-0.25390625
34276,1.2890625,1.435546875,-0.29296875,-0.283203125
34277,1.298828125,1.337890625,-0.09765625,-0.25390625
34278,1.19140625,1.25,-0.2734375,-0.17578125
34279,1.30859375,1.513671875,-0.263671875,-0.234375
34280,1.298828125,1.2890625,-0.21484375,-0.263671875
34281,1.376953125,1.240234375,-0.244140625,-0.341796875
34282,1.298828125,1.25,-0.166015625,-0.29296875
34283,1.298828125,1.25,-0.341796875,-0.263671875
34284,1.2890625,1.201171875,-0.234375,-0.33203125
34285,1.435546875,1.181640625,-0.13671875,-0.361328125
34286,1.259765625,1.396484375,-0.224609375,-0.390625
34287,1.298828125,1.240234375,-0.25390625,-0.41015625
34288,1.396484375,1.2109375,-0.244140625,-0.3515625
34289,1.30859375,1.38671875,-0.185546875,-0.400390625
34290,1.318359375,1.30859375,-0.224609375,-0.37109375
34291,1.240234375,1.494140625,-0.1953125,-0.33203125
34292,1.26953125,1.259765625,-0.302734375,-0.283203125
34293,1.23046875,1.318359375,-0.224609375,-0.46875
34294,1.318359375,1.30859375,-0.224609375,-0.3515625
34295,1.2109375,1.2890625,-0.205078125,-0.25390625
34296,1.220703125,1.30859375,-0.25390625,-0.380859375
34297,1.15234375,1.376953125,-0.2734375,-0.33203125
34298,1.220703125,1.328125,-0.244140625,-0.33203125
34299,1.2890625,1.23046875,-0.234375,-0.380859375
34300,1.318359375,1.279296875,-0.3125,-0.400390625
34301,1.2109375,1.220703125,-0.244140625,-0.380859375
34302,1.25,1.30859375,-0.15625,-0.13671875
34303,1.2109375,1.25,-0.25390625,-0.322265625
34304,1.259765625,1.181640625,-0.1171875,-0.322265625
34305,1.298828125,1.23046875,-0.3125,-0.2734375
34306,1.240234375,1.25,-0.17578125,-0.419921875
34307,1.298828125,1.2890625,-0.2734375,-0.3125
34308,1.376953125,1.201171875,-0.283203125,-0.419921875
34309,1.2890625,1.240234375,-0.244140625,-0.37109375
34310,1.30859375,1.142578125,-0.3125,-0.419921875
34311,1.26953125,1.201171875,-0.3125,-0.3515625
34312,1.38671875,1.2109375,-0.29296875,-0.41015625
34313,1.298828125,1.11328125,-0.185546875,-0.390625
34314,1.357421875,1.15234375,-0.341796875,-0.224609375
34315,1.103515625,1.181640625,-0.3125,-0.498046875
34316,1.318359375,1.240234375,-0.37109375,-0.2734375
34317,1.318359375,1.15234375,-0.234375,-0.419921875
34318,1.337890625,1.23046875,-0.3125,-0.37109375
34319,1.376953125,1.19140625,-0.263671875,-0.380859375
34320,1.201171875,1.142578125,-0.341796875,-0.478515625
34321,1.07421875,1.123046875,-0.234375,-0.234375
34322,1.142578125,1.2890625,-0.2734375,-0.29296875
34323,1.19140625,1.1328125,-0.29296875,-0.4296875
34324,1.279296875,1.162109375,-0.283203125,-0.390625
34325,1.1328125,1.083984375,-0.224609375,-0.439453125
34326,1.19140625,1.23046875,-0.05859375,-0.419921875
34327,1.142578125,1.15234375,-0.1953125,-0.3125
34328,1.25,1.11328125,-0.302734375,-0.3515625
34329,1.2109375,1.123046875,-0.302734375,-0.52734375
34330,1.3671875,1.171875,-0.224609375,-0.380859375
34331,1.220703125,1.34765625,-0.166015625,-0.4296875
34332,1.25,1.26953125,-0.2734375,-0.341796875
34333,1.171875,1.201171875,-0.1953125,-0.4296875
34334,1.23046875,1.25,-0.166015625,-0.33203125
34335,1.26953125,1.1328125,-0.244140625,-0.44921875
34336,1.279296875,1.240234375,-0.205078125,-0.41015625
34337,1.15234375,1.26953125,-0.244140625,-0.419921875
34338,1.220703125,1.259765625,-0.1171875,-0.185546875
34339,1.34765625,1.142578125,-0.2734375,-0.46875
34340,1.279296875,1.357421875,-0.1953125,-0.4296875
34341,1.259765625,1.201171875,-0.21484375,-0.41015625
34342,1.318359375,1.1328125,-0.205078125,-0.439453125
34343,1.2109375,1.171875,-0.2734375,-0.3515625
34344,1.25,1.2109375,-0.263671875,-0.52734375
34345,1.19140625,1.201171875,-0.302734375,-0.244140625
34346,1.30859375,1.25,-0.29296875,-0.3515625
34347,1.25,1.201171875,-0.3125,-0.37109375
34348,1.083984375,1.162109375,-0.244140625,-0.41015625
34349,1.23046875,1.201171875,-0.205078125,-0.390625
34350,1.220703125,1.201171875,-0.17578125,-0.419921875
34351,1.201171875,1.19140625,-0.224609375,-0.44921875
34352,1.181640625,1.25,-0.15625,-0.380859375
34353,1.1328125,1.162109375,-0.21484375,-0.380859375
34354,1.318359375,1.162109375,-0.15625,-0.498046875
34355,1.42578125,1.19140625,-0.15625,-0.361328125
34356,1.23046875,1.044921875,-0.185546875,-0.3515625
34357,1.19140625,1.171875,-0.234375,-0.322265625
34358,1.23046875,1.15234375,-0.29296875,-0.3515625
34359,1.19140625,1.259765625,-0.29296875,-0.380859375
34360,1.171875,1.1328125,-0.263671875,-0.341796875
34361,1.26953125,1.0546875,-0.2734375,-0.3515625
34362,1.220703125,1.044921875,-0.44921875,-0.419921875
34363,1.220703125,1.19140625,-0.224609375,-0.166015625
34364,1.2890625,1.103515625,-0.361328125,-0.361328125
34365,1.30859375,1.19140625,-0.17578125,-0.400390625
34366,1.259765625,1.11328125,-0.185546875,-0.498046875
34367,1.2890625,1.09375,-0.263671875,-0.341796875
34368,1.23046875,1.0546875,-0.400390625,-0.33203125
34369,1.19140625,1.142578125,-0.29296875,-0.341796875
34370,1.2109375,1.07421875,-0.322265625,-0.3515625
34371,1.181640625,1.083984375,-0.44921875,-0.361328125
34372,1.162109375,1.11328125,-0.341796875,-0.361328125
34373,1.11328125,1.083984375,-0.322265625,-0.380859375
34374,1.19140625,1.11328125,-0.126953125,-0.37109375
34375,1.162109375,1.07421875,-0.244140625,-0.478515625
34376,1.279296875,1.0546875,-0.17578125,-0.3125
34377,1.220703125,1.044921875,-0.41015625,-0.302734375
34378,1.201171875,1.123046875,-0.546875,-0.41015625
34379,1.15234375,1.11328125,-0.341796875,-0.224609375
34380,1.298828125,1.03515625,-0.21484375,-0.302734375
34381,1.25,1.0546875,-0.3515625,-0.615234375
34382,1.30859375,1.005859375,-0.234375,-0.224609375
34383,1.2109375,0.80078125,-0.302734375,-0.33203125
34384,1.220703125,1.07421875,-0.15625,-0.29296875
34385,1.142578125,1.07421875,-0.107421875,-0.546875
34386,1.240234375,1.11328125,-0.263671875,-0.244140625
34387,1.19140625,1.015625,-0.1953125,-0.390625
34388,1.181640625,1.03515625,-0.146484375,-0.478515625
34389,1.19140625,0.9375,-0.185546875,-0.33203125
34390,1.15234375,1.1328125,-0.1953125,-0.302734375
34391,1.240234375,1.044921875,-0.21484375,-0.1953125
34392,1.11328125,1.044921875,-0.1171875,-0.244140625
34393,1.171875,1.015625,-0.244140625,-0.322265625
34394,1.26953125,1.025390625,-0.29296875,-0.390625
34395,1.26953125,1.15234375,-0.146484375,-0.29296875
34396,1.26953125,1.064453125,-0.25390625,-0.361328125
34397,1.26953125,1.044921875,-0.25390625,-0.419921875
34398,1.259765625,1.23046875,-0.17578125,-0.3515625
34399,1.25,1.0546875,-0.302734375,-0.41015625
34400,1.2109375,1.005859375,-0.166015625,-0.37109375
34401,1.162109375,1.064453125,-0.185546875,-0.341796875
34402,1.19140625,1.181640625,-0.1953125,-0.2734375
34403,1.259765625,1.07421875,-0.283203125,-0.380859375
34404,1.181640625,1.015625,-0.29296875,-0.341796875
34405,1.123046875,1.34765625,-0.3515625,-0.33203125
34406,1.357421875,1.044921875,-0.2734375,-0.361328125
34407,1.2109375,1.220703125,-0.263671875,-0.3515625
34408,1.201171875,1.083984375,-0.25390625,-0.33203125
34409,1.123046875,1.03515625,-0.224609375,-0.244140625
34410,1.19140625,1.015625,-0.205078125,-0.341796875
34411,1.171875,1.26953125,-0.263671875,-0.3515625
34412,1.181640625,1.07421875,-0.146484375,-0.380859375
34413,1.220703125,1.240234375,-0.224609375,-0.13671875
34414,1.11328125,0.91796875,-0.21484375,-0.322265625
34415,1.083984375,0.99609375,-0.1953125,-0.322265625
34416,1.09375,0.859375,-0.263671875,-0.2734375
34417,1.220703125,0.966796875,-0.25390625,-0.2734375
34418,1.220703125,0.9375,-0.380859375,-0.3515625
34419,1.240234375,1.083984375,-0.25390625,-0.322265625
34420,1.26953125,1.015625,-0.37109375,-0.302734375
34421,1.142578125,0.986328125,-0.244140625,-0.322265625
34422,1.25,1.123046875,-0.341796875,-0.302734375
34423,1.25,1.2109375,-0.21484375,-0.244140625
34424,1.15234375,1.005859375,-0.166015625,-0.21484375
34425,1.201171875,1.025390625,-0.205078125,-0.3125
34426,1.240234375,0.91796875,-0.078125,-0.3515625
34427,1.259765625,1.015625,-0.234375,-0.3125
34428,1.279296875,1.005859375,-0.244140625,-0.29296875
34429,1.220703125,1.044921875,-0.17578125,-0.29296875
34430,1.171875,1.005859375,-0.185546875,-0.458984375
34431,1.220703125,0.947265625,-0.224609375,-0.146484375
34432,1.201171875,0.888671875,-0.224609375,-0.244140625
34433,1.240234375,0.927734375,-0.185546875,-0.068359375
34434,1.03515625,1.03515625,-0.185546875,-0.087890625
34435,1.1328125,1.025390625,-0.2734375,-0.322265625
34436,1.19140625,0.99609375,-0.185546875,-0.361328125
34437,1.123046875,0.986328125,-0.126953125,-0.205078125
34438,1.15234375,0.927734375,-0.13671875,-0.380859375
34439,1.181640625,1.015625,-0.244140625,-0.33203125
34440,1.103515625,0.966796875,-0.234375,-0.21484375
34441,1.15234375,1.025390625,-0.302734375,-0.302734375
34442,1.201171875,1.044921875,-0.263671875,-0.244140625
34443,1.123046875,0.9375,-0.234375,-0.44921875
34444,1.171875,1.123046875,-0.234375,-0.2734375
34445,1.25,0.99609375,-0.185546875,-0.29296875
34446,1.181640625,0.986328125,-0.205078125,-0.1953125
34447,1.142578125,1.015625,-0.166015625,-0.322265625
34448,1.240234375,1.09375,-0.21484375,-0.41015625
34449,1.201171875,1.03515625,-0.205078125,-0.224609375
34450,1.23046875,1.07421875,-0.361328125,-0.1953125
34451,1.259765625,1.044921875,-0.2734375,-0.244140625
34452,1.34765625,1.015625,-0.25390625,-0.29296875
34453,1.240234375,0.99609375,-0.205078125,-0.322265625
34454,1.181640625,0.947265625,-0.322265625,-0.419921875
34455,1.142578125,1.0546875,-0.263671875,-0.2734375
34456,1.240234375,1.162109375,-0.2734375,-0.3125
34457,1.220703125,1.15234375,-0.126953125,-0.380859375
34458,1.240234375,1.07421875,-0.29296875,-0.44921875
34459,1.15234375,1.1328125,-0.341796875,-0.3515625
34460,1.2109375,1.279296875,-0.263671875,-0.390625
34461,1.07421875,1.103515625,-0.244140625,-0.322265625
34462,1.171875,0.986328125,-0.2734375,-0.37109375
34463,1.142578125,1.083984375,-0.205078125,-0.380859375
34464,1.103515625,1.064453125,-0.29296875,-0.400390625
34465,1.2890625,1.171875,-0.302734375,-0.390625
34466,1.142578125,1.07421875,-0.15625,-0.33203125
34467,1.15234375,1.083984375,-0.263671875,-0.458984375
34468,1.23046875,1.025390625,-0.25390625,-0.29296875
34469,1.181640625,1.181640625,-0.21484375,-0.087890625
34470,1.19140625,1.09375,-0.1953125,-0.25390625
34471,1.171875,1.025390625,-0.224609375,-0.3125
34472,1.123046875,1.142578125,-0.1953125,-0.302734375
34473,1.240234375,1.09375,-0.21484375,-0.302734375
34474,1.015625,1.11328125,-0.302734375,-0.25390625
34475,1.162109375,1.103515625,-0.09765625,-0.234375
34476,1.025390625,1.083984375,-0.126953125,-0.224609375
34477,1.142578125,1.015625,-0.205078125,-0.322265625
34478,1.19140625,0.9375,-0.234375,-0.302734375
34479,1.142578125,1.083984375,-0.166015625,-0.419921875
34480,1.2109375,1.0546875,-0.126953125,-0.322265625
34481,1.220703125,1.103515625,-0.15625,-0.33203125
34482,1.2109375,1.044921875,-0.146484375,-0.29296875
34483,1.2109375,1.083984375,-0.185546875,-0.234375
34484,1.19140625,1.1328125,-0.33203125,-0.244140625
34485,1.162109375,1.123046875,-0.146484375,-0.25390625
34486,1.220703125,1.181640625,-0.15625,-0.283203125
34487,1.171875,1.0546875,-0.283203125,-0.263671875
34488,1.171875,1.015625,-0.166015625,-0.21484375
34489,1.19140625,1.083984375,-0.1953125,-0.205078125
34490,1.201171875,1.09375,-0.185546875,-0.244140625
34491,1.1328125,1.09375,-0.263671875,-0.302734375
34492,1.15234375,1.07421875,-0.263671875,-0.234375
34493,1.19140625,1.171875,-0.234375,-0.2734375
34494,1.025390625,1.2109375,-0.283203125,-0.302734375
34495,1.123046875,1.09375,-0.234375,-0.341796875
34496,1.201171875,1.07421875,-0.234375,-0.283203125
34497,1.19140625,1.07421875,-0.234375,-0.3125
34498,1.11328125,1.083984375,-0.1953125,-0.4296875
34499,1.240234375,1.044921875,-0.263671875,-0.25390625
34500,1.2109375,1.07421875,-0.25390625,-0.234375
34501,1.376953125,1.07421875,-0.3125,-0.244140625
34502,1.2109375,1.064453125,-0.341796875,-0.244140625
34503,1.201171875,1.064453125,-0.234375,-0.048828125
34504,1.23046875,1.09375,-0.244140625,-0.107421875
34505,1.181640625,1.083984375,-0.283203125,-0.3125
34506,1.26953125,1.15234375,-0.166015625,-0.33203125
34507,1.083984375,1.005859375,-0.15625,-0.21484375
34508,1.240234375,1.03515625,-0.234375,-0.29296875
34509,1.240234375,1.044921875,-0.0390625,-0.380859375
34510,1.201171875,1.0546875,-0.09765625,-0.322265625
34511,1.298828125,1.259765625,-0.166015625,-0.302734375
34512,1.19140625,1.064453125,-0.126953125,-0.29296875
34513,1.162109375,1.03515625,-0.234375,-0.17578125
34514,1.171875,1.181640625,-0.205078125,-0.263671875
34515,1.279296875,1.09375,-0.21484375,-0.263671875
34516,1.201171875,1.025390625,-0.21484375,-0.244140625
34517,1.103515625,1.044921875,-0.25390625,-0.263671875
34518,1.19140625,1.220703125,-0.263671875,-0.322265625
34519,1.162109375,1.142578125,-0.185546875,-0.1953125
34520,1.0546875,1.15234375,-0.361328125,-0.29296875
34521,1.181640625,0.76171875,-0.166015625,-0.283203125
34522,1.162109375,0.99609375,-0.302734375,-0.302734375
34523,1.220703125,1.123046875,-0.1953125,-0.185546875
34524,1.181640625,1.0546875,-0.3125,-0.15625
34525,1.2109375,1.07421875,-0.3125,-0.21484375
34526,1.318359375,1.025390625,-0.29296875,-0.25390625
34527,1.15234375,1.30859375,-0.166015625,-0.25390625
34528,1.162109375,1.083984375,-0.2734375,-0.1953125
34529,1.240234375,1.025390625,-0.068359375,-0.185546875
34530,1.19140625,1.09375,-0.33203125,-0.234375
34531,1.1328125,1.09375,-0.2734375,-0.068359375
34532,1.171875,1.123046875,-0.21484375,-0.21484375
34533,1.25,1.103515625,-0.2734375,-0.21484375
34534,1.083984375,1.07421875,-0.224609375,-0.263671875
34535,1.318359375,0.99609375,-0.390625,-0.244140625
34536,1.23046875,1.103515625,-0.21484375,-0.2734375
34537,1.220703125,1.09375,-0.322265625,-0.205078125
34538,1.2890625,1.083984375,-0.400390625,-0.25390625
34539,1.2109375,1.103515625,-0.2734375,-0.29296875
34540,1.220703125,1.083984375,-0.234375,-0.17578125
34541,1.201171875,1.11328125,-0.341796875,-0.234375
34542,1.201171875,1.1328125,-0.3125,-0.29296875
34543,1.171875,1.025390625,-0.25390625,-0.146484375
34544,1.142578125,1.162109375,-0.33203125,-0.25390625
34545,1.201171875,0.9375,-0.224609375,-0.244140625
34546,1.171875,1.0546875,-0.17578125,-0.3125
34547,1.1328125,1.064453125,-0.205078125,-0.244140625
34548,1.220703125,1.044921875,-0.224609375,-0.2734375
34549,1.162109375,1.123046875,-0.283203125,-0.224609375
34550,1.25,1.09375,-0.1953125,-0.44921875
34551,1.142578125,1.11328125,-0.146484375,-0.185546875
34552,1.103515625,1.03515625,-0.322265625,-0.33203125
34553,1.162109375,1.11328125,-0.341796875,-0.205078125
34554,1.123046875,1.0546875,-0.322265625,-0.244140625
34555,1.09375,1.083984375,-0.322265625,-0.44921875
34556,1.064453125,1.083984375,-0.244140625,-0.244140625
34557,1.15234375,1.162109375,-0.21484375,-0.244140625
34558,1.2109375,1.123046875,-0.21484375,-0.146484375
34559,1.15234375,1.1328125,-0.25390625,-0.3125
34560,1.09375,1.025390625,-0.283203125,-0.1953125
34561,1.171875,1.11328125,-0.15625,-0.302734375
34562,1.103515625,1.083984375,-0.244140625,-0.21484375
34563,1.19140625,1.19140625,-0.21484375,-0.244140625
34564,1.123046875,1.1328125,-0.205078125,-0.1953125
34565,1.240234375,1.103515625,-0.146484375,-0.25390625
34566,1.123046875,1.25,-0.126953125,-0.234375
34567,1.142578125,1.181640625,-0.2734375,0.009765625
34568,1.201171875,1.083984375,-0.166015625,-0.517578125
34569,1.083984375,1.103515625,-0.224609375,-0.263671875
34570,1.064453125,1.083984375,-0.166015625,-0.01953125
34571,1.2890625,1.220703125,-0.234375,-0.244140625
34572,1.103515625,1.0546875,-0.21484375,-0.2734375
34573,1.162109375,1.142578125,-0.244140625,-0.419921875
34574,1.083984375,1.15234375,-0.25390625,-0.1953125
34575,1.181640625,1.15234375,-0.234375,-0.244140625
34576,1.240234375,1.1328125,-0.263671875,-0.234375
34577,1.2890625,1.123046875,-0.205078125,-0.29296875
34578,1.171875,1.1328125,-0.25390625,-0.25390625
34579,1.181640625,1.142578125,-0.146484375,-0.185546875
34580,1.162109375,1.15234375,-0.263671875,-0.517578125
34581,1.103515625,1.1328125,-0.21484375,-0.302734375
34582,1.259765625,1.0546875,-0.2734375,-0.21484375
34583,1.2109375,1.162109375,-0.263671875,-0.302734375
34584,1.201171875,1.19140625,-0.25390625,-0.263671875
34585,1.162109375,1.1328125,-0.244140625,-0.3515625
34586,1.2109375,1.142578125,-0.29296875,-0.380859375
34587,1.220703125,1.07421875,-0.21484375,-0.234375
34588,1.220703125,1.19140625,-0.15625,-0.224609375
34589,1.298828125,1.142578125,-0.146484375,-0.390625
34590,1.2109375,1.142578125,-0.234375,-0.283203125
34591,1.240234375,1.15234375,-0.15625,-0.361328125
34592,1.298828125,1.171875,-0.263671875,-0.283203125
34593,1.142578125,1.220703125,-0.2734375,-0.263671875
34594,1.279296875,1.162109375,-0.21484375,-0.234375
34595,1.279296875,1.15234375,-0.1953125,-0.244140625
34596,1.376953125,1.07421875,-0.146484375,-0.263671875
34597,1.2109375,1.19140625,-0.1953125,-0.25390625
34598,1.298828125,1.201171875,-0.1171875,-0.439453125
34599,1.181640625,1.171875,-0.224609375,-0.302734375
34600,1.201171875,1.259765625,-0.15625,-0.17578125
34601,1.2109375,1.171875,-0.166015625,-0.25390625
34602,1.201171875,1.171875,-0.234375,-0.224609375
34603,1.220703125,1.181640625,-0.126953125,-0.25390625
34604,1.015625,1.15234375,-0.244140625,-0.244140625
34605,1.0546875,1.181640625,-0.283203125,-0.234375
34606,1.23046875,1.1328125,-0.244140625,-0.3515625
34607,1.2109375,1.201171875,-0.29296875,-0.3515625
34608,1.25,1.09375,-0.234375,-0.3515625
34609,1.181640625,1.2109375,-0.234375,-0.322265625
34610,1.220703125,1.1328125,-0.234375,-0.302734375
34611,1.15234375,1.25,-0.302734375,-0.322265625
34612,1.201171875,1.318359375,-0.361328125,-0.3125
34613,1.142578125,1.19140625,-0.234375,-0.263671875
34614,1.23046875,1.201171875,-0.21484375,-0.2734375
34615,1.181640625,1.044921875,-0.244140625,-0.2734375
34616,1.220703125,1.11328125,-0.234375,-0.185546875
34617,1.279296875,1.162109375,-0.185546875,-0.283203125
34618,1.201171875,0.9375,-0.068359375,-0.263671875
34619,1.142578125,1.15234375,-0.244140625,-0.380859375
34620,1.1328125,1.171875,-0.244140625,-0.3125
34621,1.240234375,1.279296875,-0.185546875,-0.25390625
34622,1.2109375,1.03515625,-0.17578125,-0.37109375
34623,1.11328125,1.162109375,-0.244140625,-0.37109375
34624,1.25,1.09375,-0.21484375,-0.283203125
34625,1.201171875,1.103515625,-0.21484375,-0.41015625
34626,1.25,1.09375,-0.15625,-0.5078125
34627,1.220703125,1.201171875,-0.1171875,-0.2734375
34628,1.30859375,1.142578125,-0.13671875,-0.244140625
34629,1.23046875,1.201171875,-0.17578125,-0.3125
34630,1.220703125,1.15234375,-0.3125,-0.302734375
34631,1.298828125,1.044921875,-0.380859375,-0.29296875
34632,1.25,1.181640625,-0.29296875,-0.361328125
34633,1.25,1.2890625,-0.361328125,-0.29296875
34634,1.2109375,1.103515625,-0.25390625,-0.21484375
34635,1.2109375,1.15234375,-0.29296875,-0.41015625
34636,1.07421875,1.123046875,-0.361328125,-0.302734375
34637,1.23046875,1.142578125,-0.302734375,-0.361328125
34638,1.279296875,1.103515625,-0.302734375,-0.283203125
34639,1.337890625,1.181640625,-0.234375,-0.263671875
34640,1.279296875,1.25,-0.33203125,-0.37109375
34641,1.240234375,1.15234375,-0.302734375,-0.166015625
34642,1.337890625,0.99609375,-0.283203125,-0.283203125
34643,1.2109375,1.181640625,-0.205078125,-0.33203125
34644,1.181640625,1.15234375,-0.283203125,-0.322265625
34645,1.11328125,0.986328125,-0.3125,-0.341796875
34646,1.220703125,1.171875,-0.419921875,-0.185546875
34647,1.19140625,1.15234375,-0.29296875,-0.2734375
34648,1.26953125,1.2109375,-0.341796875,-0.25390625
34649,1.23046875,1.2109375,-0.29296875,-0.400390625
34650,1.2109375,1.181640625,-0.263671875,-0.2734375
34651,1.220703125,1.162109375,-0.25390625,-0.3125
34652,1.25,1.171875,-0.400390625,-0.166015625
34653,1.220703125,1.15234375,-0.21484375,-0.361328125
34654,1.25,1.30859375,-0.2734375,-0.322265625
34655,1.181640625,1.15234375,-0.41015625,-0.302734375
34656,1.2109375,1.181640625,-0.263671875,-0.263671875
34657,1.201171875,1.044921875,-0.205078125,-0.341796875
34658,1.201171875,0.986328125,-0.322265625,-0.263671875
34659,1.240234375,1.201171875,-0.205078125,-0.341796875
34660,1.259765625,1.015625,-0.1953125,-0.283203125
34661,1.2109375,1.142578125,-0.29296875,-0.322265625
34662,1.1328125,1.142578125,-0.224609375,-0.2734375
34663,1.220703125,1.1328125,-0.224609375,-0.44921875
34664,1.240234375,1.181640625,-0.419921875,-0.29296875
34665,1.19140625,1.1328125,-0.302734375,-0.3125
34666,1.220703125,1.19140625,-0.185546875,-0.21484375
34667,1.279296875,1.23046875,-0.37109375,-0.263671875
34668,1.220703125,1.15234375,-0.302734375,-0.17578125
34669,1.298828125,1.064453125,-0.234375,-0.21484375
34670,1.25,1.07421875,-0.25390625,-0.33203125
34671,1.3671875,1.19140625,-0.234375,-0.537109375
34672,1.220703125,1.123046875,-0.15625,-0.185546875
34673,1.240234375,1.1328125,-0.41015625,-0.3125
34674,1.298828125,1.162109375,-0.283203125,-0.41015625
34675,1.240234375,1.19140625,-0.244140625,-0.3515625
34676,1.2890625,1.2109375,-0.322265625,-0.2734375
34677,1.25,1.162109375,-0.185546875,-0.37109375
34678,1.357421875,1.162109375,-0.205078125,-0.3125
34679,1.25,1.171875,-0.25390625,-0.3125
34680,1.30859375,1.23046875,-0.3125,-0.302734375
34681,1.259765625,1.201171875,-0.37109375,-0.283203125
34682,1.318359375,0.9375,-0.29296875,-0.361328125
34683,1.34765625,1.201171875,-0.107421875,-0.341796875
34684,1.298828125,1.19140625,-0.29296875,-0.3515625
34685,1.26953125,1.11328125,-0.33203125,-0.283203125
34686,1.220703125,1.259765625,-0.283203125,-0.390625
34687,1.337890625,1.23046875,-0.25390625,-0.33203125
34688,1.259765625,1.259765625,-0.1953125,-0.263671875
34689,1.328125,1.2109375,-0.3125,-0.37109375
34690,1.2890625,1.23046875,-0.25390625,-0.478515625
34691,1.328125,1.162109375,-0.263671875,-0.33203125
34692,1.30859375,1.201171875,-0.25390625,-0.2734375
34693,1.337890625,1.171875,-0.224609375,-0.439453125
34694,1.40625,1.259765625,-0.224609375,-0.3515625
34695,1.298828125,1.435546875,-0.3515625,-0.21484375
34696,1.38671875,1.259765625,-0.322265625,-0.15625
34697,1.357421875,1.2890625,-0.283203125,-0.322265625
34698,1.328125,1.25,-0.166015625,-0.263671875
34699,1.328125,1.259765625,-0.283203125,-0.322265625
34700,1.337890625,1.298828125,-0.25390625,-0.33203125
34701,1.42578125,1.240234375,-0.244140625,-0.283203125
34702,1.40625,1.2890625,-0.263671875,-0.37109375
34703,1.455078125,1.2109375,-0.302734375,-0.341796875
34704,1.396484375,1.259765625,-0.205078125,-0.361328125
34705,1.26953125,1.26953125,-0.21484375,-0.419921875
34706,1.279296875,1.2109375,-0.17578125,-0.341796875
34707,1.357421875,1.201171875,-0.37109375,-0.439453125
34708,1.357421875,1.259765625,-0.21484375,-0.419921875
34709,1.2109375,1.220703125,-0.3125,-0.29296875
34710,1.2890625,1.240234375,-0.234375,-0.4296875
34711,1.34765625,1.23046875,-0.263671875,-0.2734375
34712,1.181640625,1.181640625,-0.205078125,-0.361328125
34713,1.279296875,1.34765625,-0.146484375,-0.400390625
34714,1.1328125,1.30859375,-0.25390625,-0.419921875
34715,1.318359375,1.220703125,-0.15625,-0.380859375
34716,1.259765625,1.318359375,-0.1953125,-0.380859375
34717,1.23046875,1.279296875,-0.263671875,-0.41015625
34718,1.181640625,1.328125,-0.13671875,-0.37109375
34719,1.328125,1.220703125,-0.263671875,-0.361328125
34720,1.181640625,1.26953125,-0.234375,-0.25390625
34721,1.15234375,1.376953125,-0.21484375,-0.361328125
34722,1.259765625,1.03515625,-0.3125,-0.33203125
34723,1.220703125,1.23046875,-0.25390625,-0.390625
34724,1.162109375,1.2109375,-0.224609375,-0.37109375
34725,1.2890625,1.38671875,-0.263671875,-0.3125
34726,1.279296875,1.25,-0.2734375,-0.322265625
34727,1.15234375,1.220703125,-0.21484375,-0.41015625
34728,1.26953125,1.259765625,-0.234375,-0.3125
34729,1.357421875,1.15234375,-0.263671875,-0.15625
34730,1.23046875,1.23046875,-0.146484375,-0.3515625
34731,1.25,1.298828125,-0.15625,-0.400390625
34732,1.181640625,1.171875,-0.205078125,-0.205078125
34733,1.396484375,1.298828125,-0.205078125,-0.33203125
34734,1.25,1.162109375,-0.087890625,-0.380859375
34735,1.318359375,1.25,-0.17578125,-0.2734375
34736,1.337890625,1.26953125,-0.234375,-0.41015625
34737,1.318359375,1.259765625,-0.2734375,-0.341796875
34738,1.30859375,1.19140625,-0.17578125,-0.263671875
34739,1.26953125,1.201171875,-0.17578125,-0.21484375
34740,1.2890625,1.2109375,-0.29296875,-0.361328125
34741,1.279296875,1.15234375,-0.29296875,-0.322265625
34742,1.396484375,1.220703125,-0.302734375,-0.41015625
34743,1.42578125,1.25,-0.322265625,-0.400390625
34744,1.328125,1.0546875,-0.2734375,-0.5078125
34745,1.26953125,1.103515625,-0.29296875,-0.37109375
34746,1.298828125,1.083984375,-0.25390625,-0.380859375
34747,1.328125,1.26953125,-0.341796875,-0.322265625
34748,1.318359375,1.2109375,-0.29296875,-0.517578125
34749,1.298828125,1.181640625,-0.302734375,-0.380859375
34750,1.240234375,1.201171875,-0.46875,-0.439453125
34751,1.357421875,1.201171875,-0.361328125,-0.29296875
34752,1.201171875,1.162109375,-0.44921875,-0.361328125
34753,1.26953125,1.201171875,-0.37109375,-0.341796875
34754,1.23046875,1.220703125,-0.341796875,-0.5078125
34755,1.30859375,1.162109375,-0.341796875,-0.419921875
34756,1.23046875,1.25,-0.37109375,-0.52734375
34757,1.30859375,1.19140625,-0.224609375,-0.537109375
34758,1.11328125,1.11328125,-0.244140625,-0.361328125
34759,1.23046875,1.015625,-0.25390625,-0.341796875
34760,1.259765625,1.1328125,-0.341796875,-0.302734375
34761,1.279296875,1.23046875,-0.341796875,-0.322265625
34762,1.26953125,1.23046875,-0.234375,-0.302734375
34763,1.298828125,1.201171875,-0.234375,-0.2734375
34764,1.15234375,1.435546875,-0.263671875,-0.15625
34765,1.23046875,1.279296875,-0.302734375,-0.283203125
34766,1.26953125,1.2109375,-0.21484375,-0.46875
34767,1.123046875,1.2109375,-0.2734375,-0.37109375
34768,1.201171875,1.064453125,-0.244140625,-0.439453125
34769,1.171875,1.19140625,-0.29296875,-0.341796875
34770,1.15234375,1.2890625,-0.29296875,-0.361328125
34771,1.201171875,1.11328125,-0.205078125,-0.283203125
34772,1.09375,1.23046875,-0.302734375,-0.400390625
34773,1.26953125,1.15234375,-0.244140625,-0.322265625
34774,1.2109375,1.240234375,-0.302734375,-0.341796875
34775,1.201171875,1.19140625,-0.3125,-0.44921875
34776,1.162109375,1.162109375,-0.2734375,-0.46875
34777,1.2109375,1.09375,-0.2734375,-0.419921875
34778,1.201171875,1.15234375,-0.283203125,-0.419921875
34779,1.201171875,1.15234375,-0.29296875,-0.322265625
34780,1.220703125,1.11328125,-0.185546875,-0.3125
34781,1.240234375,1.15234375,-0.224609375,-0.341796875
34782,1.09375,1.162109375,-0.234375,-0.380859375
34783,1.181640625,1.279296875,-0.205078125,-0.3125
34784,1.201171875,1.162109375,-0.205078125,-0.390625
34785,1.083984375,1.2109375,-0.21484375,-0.458984375
34786,1.328125,1.162109375,-0.3125,-0.380859375
34787,1.259765625,1.201171875,-0.234375,-0.556640625
34788,1.259765625,1.25,-0.1953125,-0.3515625
34789,1.2109375,1.38671875,-0.4296875,-0.400390625
34790,1.201171875,1.181640625,-0.21484375,-0.322265625
34791,1.298828125,1.11328125,-0.166015625,-0.21484375
34792,1.2890625,1.15234375,-0.185546875,-0.41015625
34793,1.34765625,1.07421875,-0.224609375,-0.302734375
34794,1.337890625,1.1328125,-0.224609375,-0.3515625
34795,1.25,1.09375,-0.33203125,-0.361328125
34796,1.26953125,1.044921875,-0.263671875,-0.33203125
34797,1.259765625,1.07421875,-0.25390625,-0.37109375
34798,1.19140625,1.064453125,-0.205078125,-0.361328125
34799,1.298828125,1.0546875,-0.2734375,-0.25390625
34800,1.298828125,1.07421875,-0.29296875,-0.4296875
34801,1.279296875,1.23046875,-0.244140625,-0.390625
34802,1.298828125,1.142578125,-0.263671875,-0.52734375
34803,1.34765625,1.103515625,-0.234375,-0.283203125
34804,1.328125,1.0546875,-0.302734375,-0.361328125
34805,1.25,1.09375,-0.263671875,-0.2734375
34806,1.181640625,1.0546875,-0.244140625,-0.5078125
34807,1.2890625,1.201171875,-0.263671875,-0.33203125
34808,1.298828125,1.123046875,-0.146484375,-0.56640625
34809,1.376953125,1.07421875,-0.205078125,-0.380859375
34810,1.30859375,1.103515625,-0.09765625,-0.380859375
34811,1.23046875,1.044921875,-0.17578125,-0.439453125
34812,1.298828125,0.99609375,-0.166015625,-0.3515625
34813,1.240234375,1.09375,-0.048828125,-0.380859375
34814,1.25,1.181640625,-0.185546875,-0.29296875
34815,1.3671875,1.0546875,-0.17578125,-0.29296875
34816,1.337890625,0.908203125,-0.126953125,-0.33203125
34817,1.15234375,1.103515625,-0.146484375,-0.29296875
34818,1.259765625,1.07421875,-0.224609375,-0.37109375
34819,1.34765625,1.005859375,-0.17578125,-0.341796875
34820,1.240234375,0.859375,-0.1171875,-0.419921875
34821,1.3671875,1.03515625,-0.1953125,-0.302734375
34822,1.181640625,1.025390625,-0.205078125,-0.419921875
34823,1.259765625,1.005859375,-0.2734375,-0.37109375
34824,1.298828125,0.95703125,-0.2734375,-0.302734375
34825,1.220703125,1.005859375,-0.3125,-0.322265625
34826,1.181640625,0.8984375,-0.244140625,-0.33203125
34827,1.23046875,0.99609375,-0.234375,-0.439453125
34828,1.30859375,1.064453125,-0.263671875,-0.283203125
34829,1.23046875,1.03515625,-0.322265625,-0.390625
34830,1.1328125,0.947265625,-0.25390625,-0.458984375
34831,1.15234375,0.91796875,-0.263671875,-0.3515625
34832,1.23046875,1.005859375,-0.205078125,-0.3125
34833,1.318359375,1.07421875,-0.224609375,-0.263671875
34834,1.259765625,0.9765625,-0.224609375,-0.302734375
34835,1.142578125,0.830078125,-0.302734375,-0.361328125
34836,1.162109375,1.005859375,-0.17578125,-0.33203125
34837,1.2109375,1.025390625,-0.205078125,-0.302734375
34838,1.15234375,1.044921875,-0.33203125,-0.3515625
34839,1.103515625,1.03515625,-0.224609375,-0.3125
34840,1.201171875,1.015625,-0.048828125,-0.263671875
34841,1.123046875,1.044921875,-0.21484375,-0.1953125
34842,1.005859375,0.986328125,-0.146484375,-0.25390625
34843,1.201171875,0.99609375,-0.21484375,-0.2734375
34844,1.171875,1.044921875,-0.400390625,-0.29296875
34845,1.201171875,1.103515625,-0.166015625,-0.13671875
34846,1.328125,1.044921875,-0.146484375,-0.25390625
34847,1.2109375,0.9765625,-0.166015625,-0.33203125
34848,1.171875,1.171875,-0.25390625,-0.341796875
34849,1.220703125,0.99609375,-0.21484375,-0.33203125
34850,1.25,0.986328125,-0.17578125,-0.33203125
34851,1.123046875,1.005859375,-0.244140625,-0.29296875
34852,1.38671875,0.966796875,-0.25390625,-0.29296875
34853,1.23046875,0.99609375,-0.341796875,-0.37109375
34854,1.220703125,1.103515625,-0.205078125,-0.21484375
34855,1.318359375,1.005859375,-0.15625,-0.29296875
34856,1.23046875,0.9765625,-0.302734375,-0.361328125
34857,1.240234375,0.95703125,-0.126953125,-0.361328125
34858,1.34765625,0.986328125,-0.185546875,-0.283203125
34859,1.19140625,1.005859375,-0.166015625,-0.33203125
34860,1.23046875,1.044921875,-0.17578125,-0.33203125
34861,1.240234375,1.005859375,-0.205078125,-0.576171875
34862,1.2109375,0.986328125,-0.29296875,-0.263671875
34863,1.240234375,1.005859375,-0.244140625,-0.390625
34864,1.2890625,1.03515625,-0.234375,-0.400390625
34865,1.2109375,1.005859375,-0.224609375,-0.37109375
34866,1.171875,0.95703125,-0.234375,-0.390625
34867,1.09375,0.966796875,-0.185546875,-0.302734375
34868,1.162109375,1.064453125,-0.205078125,-0.33203125
34869,1.181640625,1.171875,-0.1953125,-0.3125
34870,1.181640625,1.064453125,-0.1953125,-0.263671875
34871,1.23046875,0.986328125,-0.126953125,-0.341796875
34872,1.181640625,1.0546875,-0.078125,-0.4296875
34873,1.25,0.986328125,-0.15625,-0.380859375
34874,1.23046875,1.083984375,-0.146484375,-0.361328125
34875,1.142578125,1.044921875,-0.078125,-0.478515625
34876,1.220703125,1.025390625,-0.25390625,-0.37109375
34877,1.201171875,1.044921875,-0.224609375,-0.380859375
34878,1.23046875,0.87890625,-0.234375,-0.419921875
34879,1.083984375,1.044921875,-0.244140625,-0.478515625
34880,1.11328125,0.95703125,-0.2734375,-0.3515625
34881,1.15234375,1.181640625,-0.33203125,-0.400390625
34882,1.201171875,1.025390625,-0.322265625,-0.361328125
34883,1.15234375,0.712890625,-0.244140625,-0.322265625
34884,1.07421875,1.07421875,-0.1953125,-0.419921875
34885,1.1328125,1.0546875,-0.2734375,-0.263671875
34886,1.298828125,1.03515625,-0.380859375,-0.322265625
34887,1.162109375,0.87890625,-0.17578125,-0.322265625
34888,1.11328125,0.986328125,-0.29296875,-0.1953125
34889,1.181640625,1.162109375,-0.263671875,-0.33203125
34890,1.171875,1.15234375,-0.2734375,-0.3125
34891,1.25,1.044921875,-0.302734375,-0.05859375
34892,1.240234375,1.103515625,-0.2734375,-0.380859375
34893,1.15234375,1.142578125,-0.41015625,-0.2734375
34894,1.259765625,1.025390625,-0.21484375,-0.458984375
34895,1.162109375,0.986328125,-0.17578125,-0.302734375
34896,1.201171875,0.99609375,-0.15625,-0.29296875
34897,1.142578125,1.1328125,-0.205078125,-0.3125
34898,1.201171875,1.23046875,-0.302734375,-0.3125
34899,1.19140625,1.11328125,-0.283203125,-0.29296875
34900,1.19140625,1.103515625,-0.234375,-0.263671875
34901,1.123046875,0.9375,-0.15625,-0.244140625
34902,1.162109375,1.123046875,-0.263671875,-0.380859375
34903,1.171875,1.03515625,-0.244140625,-0.2734375
34904,1.09375,0.947265625,-0.17578125,-0.361328125
34905,1.201171875,0.927734375,-0.13671875,-0.322265625
34906,1.19140625,1.044921875,-0.15625,-0.3515625
34907,1.181640625,1.162109375,-0.15625,-0.322265625
34908,1.220703125,1.064453125,-0.107421875,-0.3515625
34909,1.11328125,1.064453125,-0.15625,-0.37109375
34910,1.2109375,1.11328125,-0.078125,-0.1953125
34911,1.162109375,0.859375,-0.1953125,-0.37109375
34912,1.19140625,1.123046875,-0.234375,-0.263671875
34913,1.240234375,1.0546875,-0.15625,-0.37109375
34914,1.162109375,0.99609375,-0.09765625,-0.302734375
34915,1.142578125,1.103515625,-0.166015625,-0.3515625
34916,1.171875,1.025390625,-0.185546875,-0.3125
34917,1.162109375,1.15234375,-0.087890625,-0.29296875
34918,1.19140625,1.07421875,-0.185546875,-0.361328125
34919,1.181640625,1.171875,-0.146484375,-0.33203125
34920,1.171875,1.181640625,-0.263671875,-0.33203125
34921,1.162109375,1.162109375,-0.1953125,-0.302734375
34922,1.171875,1.025390625,-0.224609375,-0.263671875
34923,1.181640625,1.15234375,-0.185546875,-0.234375
34924,1.171875,1.064453125,-0.29296875,-0.283203125
34925,1.201171875,1.07421875,-0.244140625,-0.283203125
34926,1.181640625,1.2890625,-0.15625,-0.2734375
34927,1.1328125,1.162109375,-0.205078125,-0.21484375
34928,1.162109375,1.142578125,-0.263671875,-0.25390625
34929,1.25,1.015625,-0.1953125,-0.224609375
34930,1.220703125,1.09375,-0.2734375,-0.390625
34931,1.19140625,1.11328125,-0.263671875,-0.361328125
34932,1.2890625,1.064453125,-0.263671875,-0.25390625
34933,1.259765625,1.142578125,-0.234375,-0.283203125
34934,1.181640625,1.083984375,-0.205078125,-0.400390625
34935,1.220703125,0.859375,-0.205078125,-0.322265625
34936,1.2890625,0.986328125,-0.166015625,-0.244140625
34937,1.162109375,1.142578125,-0.234375,-0.361328125
34938,1.455078125,1.181640625,-0.263671875,-0.1953125
34939,1.2109375,1.064453125,-0.166015625,-0.234375
34940,1.23046875,1.064453125,-0.302734375,-0.302734375
34941,1.240234375,1.015625,-0.283203125,-0.29296875
34942,1.240234375,1.005859375,-0.1953125,-0.1953125
34943,1.23046875,1.0546875,-0.224609375,-0.224609375
34944,1.123046875,1.103515625,-0.205078125,-0.322265625
34945,1.142578125,1.09375,-0.244140625,-0.322265625
34946,1.19140625,1.09375,-0.17578125,-0.302734375
34947,1.25,1.083984375,-0.21484375,-0.2734375
34948,1.1328125,1.09375,-0.224609375,-0.146484375
34949,1.2109375,1.015625,-0.224609375,-0.185546875
34950,1.03515625,1.103515625,-0.283203125,-0.3125
34951,1.220703125,1.11328125,-0.21484375,-0.3515625
34952,1.23046875,1.09375,-0.29296875,-0.380859375
34953,1.15234375,1.142578125,-0.234375,-0.302734375
34954,1.23046875,0.95703125,-0.244140625,-0.2734375
34955,1.30859375,1.09375,-0.29296875,-0.126953125
34956,1.2109375,1.123046875,-0.25390625,-0.234375
34957,1.220703125,0.947265625,-0.419921875,-0.068359375
34958,1.259765625,1.044921875,-0.29296875,-0.21484375
34959,1.201171875,1.123046875,-0.33203125,-0.224609375
34960,1.240234375,1.09375,-0.419921875,-0.166015625
34961,1.279296875,1.03515625,-0.2734375,-0.322265625
34962,1.259765625,0.947265625,-0.3125,-0.1953125
34963,1.298828125,1.03515625,-0.3515625,-0.234375
34964,1.201171875,1.07421875,-0.33203125,-0.224609375
34965,1.30859375,1.064453125,-0.29296875,-0.146484375
34966,1.25,1.103515625,-0.185546875,-0.29296875
34967,1.162109375,1.044921875,-0.283203125,-0.107421875
34968,1.25,0.99609375,-0.37109375,-0.2734375
34969,1.240234375,1.09375,-0.3125,-0.234375
34970,1.23046875,1.0546875,-0.205078125,-0.224609375
34971,1.23046875,0.99609375,-0.234375,-0.224609375
34972,1.2109375,0.947265625,-0.244140625,-0.21484375
34973,1.26953125,0.986328125,-0.322265625,-0.05859375
34974,1.171875,1.07421875,-0.283203125,-0.126953125
34975,1.181640625,1.25,-0.341796875,-0.224609375
34976,1.11328125,1.083984375,-0.302734375,-0.166015625
34977,1.025390625,1.03515625,-0.2734375,-0.25390625
34978,1.142578125,0.9765625,-0.244140625,-0.21484375
34979,1.181640625,1.09375,-0.33203125,-0.107421875
34980,1.181640625,1.0546875,-0.234375,-0.224609375
34981,1.181640625,1.03515625,-0.1171875,-0.205078125
34982,1.162109375,1.083984375,-0.234375,-0.1953125
34983,1.19140625,1.07421875,-0.185546875,-0.361328125
34984,1.1328125,1.19140625,-0.21484375,-0.37109375
34985,1.123046875,1.03515625,-0.41015625,-0.263671875
34986,1.162109375,1.044921875,-0.17578125,-0.263671875
34987,1.142578125,1.11328125,-0.25390625,-0.244140625
34988,1.11328125,1.083984375,-0.2734375,-0.302734375
34989,1.15234375,1.171875,-0.21484375,-0.3515625
34990,1.142578125,1.142578125,-0.126953125,-0.2734375
34991,1.201171875,1.181640625,-0.2734375,-0.302734375
34992,1.162109375,1.103515625,-0.21484375,-0.41015625
34993,1.083984375,1.142578125,-0.1953125,-0.3125
34994,1.181640625,1.0546875,-0.21484375,-0.2734375
34995,1.123046875,1.083984375,-0.185546875,-0.322265625
34996,1.11328125,1.0546875,-0.15625,-0.322265625
34997,1.2109375,1.103515625,-0.15625,-0.166015625
34998,1.083984375,1.103515625,-0.17578125,-0.37109375
34999,1.083984375,0.99609375,-0.21484375,-0.263671875
35000,1.1328125,1.015625,-0.3515625,-0.283203125
35001,1.162109375,1.103515625,-0.234375,-0.263671875
35002,1.0546875,1.2109375,-0.234375,-0.17578125
35003,1.1328125,1.11328125,-0.322265625,-0.21484375
35004,1.30859375,1.11328125,-0.2734375,-0.234375
35005,1.11328125,1.220703125,-0.322265625,-0.146484375
35006,1.171875,1.11328125,-0.244140625,-0.224609375
35007,1.123046875,1.1328125,-0.234375,-0.205078125
35008,1.123046875,1.0546875,-0.17578125,-0.244140625
35009,1.11328125,1.07421875,-0.25390625,-0.263671875
35010,1.162109375,1.220703125,-0.244140625,-0.244140625
35011,1.171875,1.181640625,-0.2734375,-0.283203125
35012,1.123046875,1.09375,-0.322265625,-0.244140625
35013,1.279296875,1.171875,-0.263671875,-0.33203125
35014,1.23046875,1.044921875,-0.185546875,-0.29296875
35015,1.142578125,1.1328125,-0.185546875,-0.25390625
35016,1.09375,1.103515625,-0.2734375,-0.33203125
35017,1.26953125,1.279296875,-0.205078125,-0.263671875
35018,1.181640625,1.259765625,-0.21484375,-0.21484375
35019,1.19140625,1.123046875,-0.13671875,-0.224609375
35020,1.25,1.23046875,-0.107421875,-0.322265625
35021,1.171875,1.181640625,-0.244140625,-0.2734375
35022,1.220703125,1.103515625,-0.224609375,-0.3515625
35023,1.279296875,0.986328125,-0.205078125,-0.458984375
35024,1.181640625,0.966796875,-0.25390625,-0.25390625
35025,1.279296875,1.103515625,-0.263671875,-0.341796875
35026,1.240234375,1.26953125,-0.1953125,-0.224609375
35027,1.259765625,1.25,-0.234375,-0.25390625
35028,1.201171875,1.15234375,-0.21484375,0.029296875
35029,1.328125,1.171875,-0.17578125,-0.224609375
35030,1.240234375,1.064453125,-0.166015625,-0.234375
35031,1.259765625,1.220703125,-0.25390625,-0.25390625
35032,1.26953125,1.11328125,-0.185546875,-0.322265625
35033,1.15234375,1.23046875,-0.2734375,-0.263671875
35034,1.26953125,1.2109375,-0.244140625,-0.263671875
35035,1.171875,1.171875,-0.224609375,-0.25390625
35036,1.23046875,1.162109375,-0.283203125,-0.263671875
35037,1.23046875,1.171875,-0.224609375,-0.17578125
35038,1.123046875,1.123046875,-0.224609375,-0.25390625
35039,1.23046875,1.181640625,-0.2734375,-0.302734375
35040,1.19140625,1.162109375,-0.322265625,-0.341796875
35041,1.03515625,1.240234375,-0.263671875,-0.302734375
35042,1.11328125,1.162109375,-0.166015625,-0.244140625
35043,1.15234375,1.142578125,-0.244140625,0.05859375
35044,1.09375,1.19140625,-0.234375,-0.3515625
35045,1.103515625,1.298828125,-0.302734375,-0.234375
35046,1.162109375,1.1328125,-0.302734375,-0.09765625
35047,1.201171875,1.1328125,-0.234375,-0.09765625
35048,1.15234375,1.09375,-0.126953125,-0.302734375
35049,1.103515625,1.181640625,-0.234375,-0.1953125
35050,1.025390625,1.1328125,-0.234375,-0.390625
35051,1.171875,1.171875,-0.146484375,-0.25390625
35052,1.162109375,1.201171875,-0.234375,-0.205078125
35053,1.171875,1.25,-0.224609375,-0.263671875
35054,1.15234375,1.201171875,-0.166015625,-0.234375
35055,1.15234375,1.171875,-0.263671875,-0.224609375
35056,1.23046875,1.220703125,-0.25390625,-0.244140625
35057,1.2109375,1.2890625,-0.224609375,-0.25390625
35058,1.23046875,1.03515625,-0.29296875,-0.185546875
35059,1.171875,1.171875,-0.322265625,-0.234375
35060,1.201171875,1.07421875,-0.33203125,-0.1953125
35061,1.181640625,1.083984375,-0.400390625,-0.15625
35062,1.240234375,1.19140625,-0.341796875,-0.302734375
35063,1.201171875,1.07421875,-0.224609375,-0.21484375
35064,1.23046875,1.240234375,-0.37109375,-0.234375
35065,1.240234375,1.19140625,-0.2734375,-0.29296875
35066,1.181640625,1.220703125,-0.283203125,-0.283203125
35067,1.201171875,1.171875,-0.37109375,-0.263671875
35068,1.279296875,1.2109375,-0.283203125,-0.400390625
35069,1.220703125,1.26953125,-0.29296875,-0.283203125
35070,1.23046875,1.142578125,-0.341796875,-0.44921875
35071,1.279296875,1.162109375,-0.3125,-0.29296875
35072,1.142578125,1.25,-0.2734375,-0.302734375
35073,1.220703125,1.123046875,-0.341796875,-0.2734375
35074,1.220703125,1.171875,-0.205078125,-0.29296875
35075,1.26953125,1.181640625,-0.341796875,-0.2734375
35076,1.25,1.1328125,-0.25390625,-0.25390625
35077,1.181640625,1.171875,-0.13671875,-0.29296875
35078,1.220703125,1.123046875,-0.263671875,-0.263671875
35079,1.2109375,1.2109375,-0.13671875,-0.29296875
35080,1.181640625,1.162109375,-0.3515625,-0.322265625
35081,1.259765625,1.19140625,-0.3125,-0.361328125
35082,1.201171875,1.142578125,-0.33203125,-0.3515625
35083,1.171875,1.25,-0.322265625,-0.3125
35084,1.220703125,1.220703125,-0.263671875,-0.263671875
35085,1.2109375,1.298828125,-0.234375,-0.283203125
35086,1.240234375,1.181640625,-0.263671875,-0.3515625
35087,1.123046875,1.11328125,-0.2734375,-0.322265625
35088,1.181640625,1.1328125,-0.166015625,-0.322265625
35089,1.171875,1.181640625,-0.244140625,-0.419921875
35090,1.220703125,1.181640625,-0.1953125,-0.3515625
35091,1.220703125,1.34765625,-0.21484375,-0.2734375
35092,1.1328125,1.11328125,-0.224609375,-0.390625
35093,1.2109375,1.07421875,-0.205078125,-0.302734375
35094,1.220703125,1.142578125,-0.09765625,-0.37109375
35095,1.259765625,1.181640625,-0.146484375,-0.17578125
35096,1.318359375,1.15234375,-0.234375,-0.33203125
35097,1.240234375,1.30859375,-0.1171875,-0.3515625
35098,1.201171875,1.259765625,-0.224609375,-0.3515625
35099,1.25,1.181640625,-0.17578125,-0.322265625
35100,1.259765625,1.240234375,-0.21484375,-0.3515625
35101,1.23046875,1.15234375,-0.263671875,-0.234375
35102,1.123046875,1.142578125,-0.25390625,-0.41015625
35103,1.15234375,1.23046875,-0.302734375,-0.341796875
35104,1.19140625,1.240234375,-0.3125,-0.33203125
35105,1.2109375,1.19140625,-0.263671875,-0.478515625
35106,1.240234375,1.123046875,-0.17578125,-0.322265625
35107,1.220703125,1.40625,-0.29296875,-0.341796875
35108,1.259765625,1.25,-0.224609375,-0.3515625
35109,1.328125,1.171875,-0.302734375,-0.44921875
35110,1.30859375,1.2109375,-0.302734375,-0.3125
35111,1.3671875,1.171875,-0.234375,-0.3125
35112,1.2890625,1.23046875,-0.33203125,-0.263671875
35113,1.318359375,1.142578125,-0.224609375,-0.205078125
35114,1.4453125,1.09375,-0.25390625,-0.3125
35115,1.259765625,1.279296875,-0.1171875,-0.3515625
35116,1.3671875,1.259765625,-0.09765625,-0.33203125
35117,1.298828125,1.142578125,-0.244140625,-0.21484375
35118,1.318359375,1.298828125,-0.166015625,-0.3125
35119,1.298828125,1.11328125,-0.263671875,-0.361328125
35120,1.19140625,1.19140625,-0.2734375,-0.244140625
35121,1.2890625,1.259765625,-0.126953125,-0.361328125
35122,1.2890625,1.279296875,-0.17578125,-0.341796875
35123,1.298828125,1.220703125,-0.21484375,-0.244140625
35124,1.357421875,1.240234375,-0.3515625,-0.302734375
35125,1.357421875,1.064453125,-0.15625,-0.2734375
35126,1.328125,1.123046875,-0.1953125,-0.33203125
35127,1.38671875,1.25,-0.2734375,-0.322265625
35128,1.298828125,1.220703125,-0.1953125,-0.3515625
35129,1.396484375,1.26953125,-0.234375,-0.419921875
35130,1.240234375,1.142578125,-0.3125,-0.341796875
35131,1.328125,0.9765625,-0.322265625,-0.341796875
35132,1.25,1.103515625,-0.322265625,-0.146484375
35133,1.34765625,1.357421875,-0.224609375,-0.341796875
35134,1.40625,1.4453125,-0.33203125,-0.29296875
35135,1.46484375,1.19140625,-0.244140625,-0.37109375
35136,1.42578125,1.25,-0.302734375,-0.33203125
35137,1.376953125,1.09375,-0.29296875,-0.361328125
35138,1.201171875,1.220703125,-0.263671875,-0.341796875
35139,1.357421875,1.25,-0.29296875,-0.380859375
35140,1.2890625,1.162109375,-0.33203125,-0.361328125
35141,1.34765625,1.181640625,-0.361328125,-0.390625
35142,1.30859375,1.142578125,-0.380859375,-0.283203125
35143,1.19140625,1.220703125,-0.283203125,-0.341796875
35144,1.337890625,1.201171875,-0.205078125,-0.48828125
35145,1.220703125,1.25,-0.283203125,-0.2734375
35146,1.259765625,1.34765625,-0.166015625,-0.322265625
35147,1.19140625,1.298828125,-0.244140625,-0.341796875
35148,1.328125,1.30859375,-0.2734375,-0.380859375
35149,1.30859375,1.2109375,-0.17578125,-0.361328125
35150,1.318359375,1.26953125,-0.17578125,-0.41015625
35151,1.2109375,1.181640625,-0.205078125,-0.419921875
35152,1.23046875,1.259765625,-0.25390625,-0.361328125
35153,1.2109375,1.23046875,-0.21484375,-0.37109375
35154,1.19140625,1.23046875,-0.25390625,-0.234375
35155,1.240234375,1.26953125,-0.13671875,-0.41015625
35156,1.2109375,1.162109375,-0.21484375,-0.478515625
35157,1.376953125,1.23046875,-0.244140625,-0.517578125
35158,1.240234375,1.298828125,-0.185546875,-0.41015625
35159,1.240234375,1.171875,-0.3125,-0.4296875
35160,1.162109375,1.2109375,-0.21484375,-0.4296875
35161,1.26953125,1.3671875,-0.361328125,-0.341796875
35162,1.220703125,1.19140625,-0.37109375,-0.37109375
35163,1.240234375,1.201171875,-0.25390625,-0.1953125
35164,1.19140625,1.15234375,-0.224609375,-0.380859375
35165,1.220703125,1.220703125,-0.263671875,-0.322265625
35166,1.19140625,1.240234375,-0.33203125,-0.341796875
35167,1.25,1.162109375,-0.185546875,-0.302734375
35168,1.201171875,1.171875,-0.33203125,-0.458984375
35169,1.123046875,1.201171875,-0.224609375,-0.234375
35170,1.23046875,1.162109375,-0.13671875,-0.322265625
35171,1.240234375,1.181640625,-0.29296875,-0.2734375
35172,1.142578125,1.162109375,-0.263671875,-0.2734375
35173,1.23046875,1.03515625,-0.322265625,-0.3125
35174,1.357421875,1.220703125,-0.25390625,-0.439453125
35175,1.318359375,1.2109375,-0.322265625,-0.302734375
35176,1.123046875,1.103515625,-0.263671875,-0.322265625
35177,1.23046875,1.26953125,-0.41015625,-0.517578125
35178,1.328125,1.142578125,-0.380859375,-0.546875
35179,1.220703125,1.015625,-0.244140625,-0.458984375
35180,1.259765625,1.123046875,-0.400390625,-0.29296875
35181,1.279296875,1.162109375,-0.234375,-0.41015625
35182,1.220703125,1.220703125,-0.15625,-0.458984375
35183,1.2109375,1.240234375,-0.185546875,-0.302734375
35184,1.259765625,1.171875,-0.263671875,-0.390625
35185,1.23046875,1.162109375,-0.341796875,-0.439453125
35186,1.259765625,1.181640625,-0.3125,-0.341796875
35187,1.26953125,1.15234375,-0.234375,-0.478515625
35188,1.142578125,1.220703125,-0.244140625,-0.37109375
35189,1.259765625,1.083984375,-0.234375,-0.4296875
35190,1.328125,1.171875,-0.1953125,-0.517578125
35191,1.220703125,1.162109375,-0.29296875,-0.380859375
35192,1.25,1.19140625,-0.361328125,-0.361328125
35193,1.19140625,1.181640625,-0.166015625,-0.390625
35194,1.30859375,1.181640625,-0.2734375,-0.37109375
35195,1.162109375,1.142578125,-0.390625,-0.37109375
35196,1.26953125,1.181640625,-0.263671875,-0.46875
35197,1.123046875,1.201171875,-0.263671875,-0.400390625
35198,1.19140625,1.123046875,-0.244140625,-0.341796875
35199,1.181640625,1.19140625,-0.25390625,-0.29296875
35200,1.142578125,1.162109375,-0.263671875,-0.380859375
35201,1.181640625,1.15234375,-0.33203125,-0.322265625
35202,1.240234375,1.19140625,-0.390625,-0.29296875
35203,1.2890625,1.201171875,-0.2734375,-0.341796875
35204,1.15234375,1.220703125,-0.283203125,-0.478515625
35205,1.201171875,1.1328125,-0.400390625,-0.41015625
35206,1.220703125,1.201171875,-0.25390625,-0.361328125
35207,1.19140625,1.162109375,-0.400390625,-0.400390625
35208,1.171875,1.1328125,-0.21484375,-0.478515625
35209,1.15234375,1.09375,-0.224609375,-0.56640625
35210,1.201171875,1.201171875,-0.224609375,-0.37109375
35211,1.181640625,1.23046875,-0.302734375,-0.52734375
35212,1.318359375,1.15234375,-0.2734375,-0.41015625
35213,1.1328125,1.2109375,-0.17578125,-0.390625
35214,1.220703125,1.162109375,-0.087890625,-0.3515625
35215,1.181640625,1.162109375,-0.224609375,-0.390625
35216,1.15234375,1.15234375,-0.244140625,-0.46875
35217,1.181640625,1.181640625,-0.087890625,-0.41015625
35218,1.1328125,1.142578125,-0.234375,-0.41015625
35219,1.171875,1.58203125,-0.166015625,-0.29296875
35220,1.162109375,1.103515625,-0.078125,-0.3125
35221,1.181640625,1.181640625,-0.244140625,-0.390625
35222,1.25,1.23046875,-0.205078125,-0.361328125
35223,1.220703125,1.162109375,-0.13671875,-0.517578125
35224,1.3671875,1.025390625,-0.234375,-0.380859375
35225,1.259765625,1.181640625,-0.234375,-0.380859375
35226,1.2890625,1.07421875,-0.126953125,-0.419921875
35227,1.23046875,1.044921875,-0.234375,-0.33203125
35228,1.23046875,1.0546875,-0.234375,-0.380859375
35229,1.259765625,1.171875,-0.234375,-0.341796875
35230,1.30859375,1.07421875,-0.185546875,-0.33203125
35231,1.26953125,1.11328125,-0.17578125,-0.419921875
35232,1.25,1.064453125,-0.224609375,-0.458984375
35233,1.396484375,1.07421875,-0.234375,-0.380859375
35234,1.15234375,1.07421875,-0.341796875,-0.380859375
35235,1.171875,1.0546875,-0.2734375,-0.380859375
35236,1.171875,1.0546875,-0.234375,-0.322265625
35237,1.23046875,0.99609375,-0.244140625,-0.33203125
35238,1.298828125,1.11328125,-0.263671875,-0.4296875
35239,1.259765625,1.103515625,-0.263671875,-0.458984375
35240,1.201171875,0.966796875,-0.361328125,-0.33203125
35241,1.220703125,1.1328125,-0.17578125,-0.37109375
35242,1.220703125,1.07421875,-0.185546875,-0.4296875
35243,1.23046875,1.103515625,-0.13671875,-0.3515625
35244,1.23046875,1.11328125,-0.029296875,-0.390625
35245,1.279296875,1.044921875,-0.224609375,-0.283203125
35246,1.23046875,1.123046875,-0.244140625,-0.322265625
35247,1.220703125,1.03515625,-0.263671875,-0.322265625
35248,1.1328125,1.103515625,-0.185546875,-0.3125
35249,1.240234375,1.083984375,-0.205078125,-0.302734375
35250,1.23046875,1.1328125,-0.205078125,-0.283203125
35251,1.2109375,1.0546875,-0.13671875,-0.244140625
35252,1.3671875,0.8984375,-0.13671875,-0.400390625
35253,1.23046875,0.966796875,-0.185546875,-0.263671875
35254,1.162109375,0.95703125,-0.205078125,-0.41015625
35255,1.15234375,1.005859375,-0.21484375,-0.33203125
35256,1.220703125,1.005859375,-0.361328125,-0.380859375
35257,1.337890625,1.044921875,-0.244140625,-0.33203125
35258,1.201171875,0.947265625,-0.205078125,-0.3125
35259,1.171875,0.908203125,-0.09765625,-0.322265625
35260,1.201171875,1.015625,-0.234375,-0.302734375
35261,1.220703125,0.87890625,-0.21484375,-0.33203125
35262,1.201171875,0.966796875,-0.205078125,-0.341796875
35263,1.142578125,1.005859375,-0.205078125,-0.29296875
35264,1.259765625,1.015625,-0.2734375,-0.185546875
35265,1.259765625,0.9375,-0.29296875,-0.361328125
35266,1.23046875,0.9765625,-0.224609375,-0.322265625
35267,1.123046875,0.947265625,-0.146484375,-0.283203125
35268,1.083984375,0.9375,-0.361328125,-0.2734375
35269,1.103515625,0.95703125,-0.2734375,-0.3125
35270,1.2109375,1.03515625,-0.263671875,-0.322265625
35271,1.142578125,1.025390625,-0.185546875,-0.380859375
35272,1.19140625,1.005859375,-0.244140625,-0.302734375
35273,1.15234375,0.8984375,-0.302734375,-0.322265625
35274,1.123046875,0.791015625,-0.302734375,-0.322265625
35275,1.240234375,1.015625,-0.21484375,-0.37109375
35276,1.162109375,0.9375,-0.29296875,-0.41015625
35277,1.23046875,0.95703125,-0.205078125,-0.380859375
35278,1.142578125,0.966796875,-0.29296875,-0.44921875
35279,1.25,1.07421875,-0.263671875,-0.3125
35280,1.171875,1.044921875,-0.283203125,-0.361328125
35281,1.201171875,1.015625,-0.283203125,-0.44921875
35282,1.11328125,1.11328125,-0.2734375,-0.244140625
35283,1.19140625,1.0546875,-0.1953125,-0.3125
35284,1.19140625,1.0546875,-0.25390625,-0.224609375
35285,1.23046875,1.025390625,-0.2734375,-0.41015625
35286,1.259765625,0.859375,-0.146484375,-0.400390625
35287,1.15234375,1.044921875,-0.21484375,-0.1953125
35288,1.15234375,1.03515625,-0.224609375,-0.29296875
35289,1.044921875,0.80078125,-0.126953125,-0.37109375
35290,1.201171875,0.9765625,-0.33203125,-0.37109375
35291,1.103515625,1.044921875,-0.205078125,-0.205078125
35292,1.23046875,0.869140625,-0.263671875,-0.322265625
35293,1.171875,0.9375,-0.185546875,-0.341796875
35294,1.103515625,1.07421875,-0.224609375,-0.302734375
35295,1.240234375,0.947265625,-0.185546875,-0.322265625
35296,1.220703125,0.966796875,-0.15625,-0.302734375
35297,1.220703125,1.025390625,-0.21484375,-0.380859375
35298,1.044921875,1.03515625,-0.15625,-0.224609375
35299,1.181640625,0.927734375,-0.185546875,-0.283203125
35300,1.171875,1.015625,-0.341796875,-0.419921875
35301,1.318359375,1.19140625,-0.21484375,-0.29296875
35302,1.240234375,1.025390625,-0.21484375,-0.3125
35303,1.162109375,0.9765625,-0.166015625,-0.341796875
35304,1.1328125,1.09375,-0.361328125,-0.29296875
35305,1.171875,0.869140625,-0.263671875,-0.33203125
35306,1.201171875,1.044921875,-0.25390625,-0.263671875
35307,1.220703125,0.95703125,-0.205078125,-0.380859375
35308,1.09375,0.9765625,-0.283203125,-0.390625
35309,1.103515625,0.986328125,-0.234375,-0.4296875
35310,1.220703125,0.966796875,-0.283203125,-0.380859375
35311,1.19140625,1.11328125,-0.3125,-0.390625
35312,1.171875,0.99609375,-0.15625,-0.341796875
35313,1.38671875,1.171875,-0.283203125,-0.361328125
35314,1.171875,1.025390625,-0.322265625,-0.419921875
35315,1.09375,1.064453125,-0.25390625,-0.25390625
35316,1.15234375,0.9375,-0.322265625,-0.380859375
35317,1.220703125,0.966796875,-0.2734375,-0.263671875
35318,1.26953125,1.083984375,-0.3125,-0.205078125
35319,1.15234375,1.03515625,-0.2734375,-0.29296875
35320,1.171875,1.064453125,-0.224609375,-0.244140625
35321,1.171875,1.083984375,-0.302734375,-0.244140625
35322,0.986328125,1.103515625,-0.283203125,-0.244140625
35323,1.15234375,0.99609375,-0.1171875,-0.3125
35324,1.142578125,1.064453125,-0.205078125,-0.205078125
35325,1.181640625,1.11328125,-0.234375,-0.302734375
35326,1.09375,1.07421875,-0.205078125,-0.322265625
35327,1.103515625,1.03515625,-0.283203125,-0.146484375
35328,1.298828125,1.03515625,-0.1171875,-0.283203125
35329,1.162109375,1.1328125,-0.234375,-0.302734375
35330,1.03515625,1.025390625,-0.13671875,-0.234375
35331,1.07421875,1.11328125,-0.21484375,-0.2734375
35332,1.142578125,1.005859375,-0.341796875,-0.29296875
35333,1.162109375,1.0546875,-0.107421875,-0.1171875
35334,1.181640625,1.044921875,-0.146484375,-0.283203125
35335,1.181640625,0.99609375,-0.087890625,-0.263671875
35336,1.23046875,1.11328125,-0.25390625,-0.390625
35337,1.142578125,1.044921875,-0.234375,-0.234375
35338,1.2109375,1.11328125,-0.1171875,-0.29296875
35339,1.19140625,1.03515625,-0.17578125,-0.361328125
35340,1.11328125,1.11328125,-0.09765625,-0.341796875
35341,1.083984375,1.0546875,-0.166015625,-0.25390625
35342,1.2109375,1.0546875,-0.1171875,-0.380859375
35343,1.23046875,1.103515625,-0.205078125,-0.283203125
35344,1.181640625,1.03515625,-0.107421875,-0.2734375
35345,1.181640625,1.015625,-0.078125,-0.302734375
35346,1.2109375,1.064453125,-0.17578125,-0.224609375
35347,1.2109375,1.083984375,-0.09765625,-0.3125
35348,1.11328125,1.083984375,-0.17578125,-0.283203125
35349,1.142578125,1.083984375,-0.244140625,-0.5078125
35350,1.15234375,1.015625,-0.25390625,-0.361328125
35351,1.181640625,1.171875,-0.25390625,-0.283203125
35352,1.025390625,1.171875,-0.1953125,-0.224609375
35353,1.09375,1.220703125,-0.302734375,-0.263671875
35354,1.1328125,1.11328125,-0.21484375,-0.2734375
35355,1.1328125,1.044921875,-0.263671875,-0.341796875
35356,1.09375,1.025390625,-0.25390625,-0.322265625
35357,1.181640625,1.11328125,-0.205078125,-0.283203125
35358,1.083984375,1.064453125,-0.17578125,-0.3125
35359,1.259765625,0.888671875,-0.1953125,-0.361328125
35360,1.2109375,1.11328125,-0.17578125,-0.1953125
35361,1.416015625,1.0546875,-0.2734375,-0.263671875
35362,1.19140625,1.083984375,-0.21484375,-0.25390625
35363,1.318359375,1.376953125,-0.21484375,-0.25390625
35364,1.15234375,1.103515625,-0.205078125,-0.244140625
35365,1.25,0.986328125,-0.302734375,-0.263671875
35366,1.23046875,1.03515625,-0.185546875,-0.17578125
35367,1.220703125,1.064453125,-0.25390625,-0.2734375
35368,1.34765625,1.044921875,-0.380859375,-0.205078125
35369,1.181640625,1.005859375,-0.3125,-0.2734375
35370,1.103515625,1.07421875,-0.205078125,-0.068359375
35371,1.298828125,1.15234375,-0.234375,-0.21484375
35372,1.15234375,1.15234375,-0.244140625,-0.15625
35373,1.064453125,1.03515625,-0.185546875,-0.13671875
35374,1.279296875,1.015625,-0.25390625,-0.205078125
35375,1.181640625,1.1328125,-0.3125,-0.283203125
35376,1.083984375,1.103515625,-0.166015625,-0.21484375
35377,1.103515625,1.201171875,-0.185546875,-0.234375
35378,1.15234375,1.03515625,-0.107421875,-0.185546875
35379,1.142578125,1.044921875,-0.283203125,-0.25390625
35380,1.2890625,0.95703125,-0.283203125,-0.29296875
35381,1.19140625,1.103515625,-0.185546875,-0.25390625
35382,1.142578125,1.083984375,-0.29296875,-0.17578125
35383,1.220703125,1.044921875,-0.29296875,-0.2734375
35384,1.162109375,1.03515625,-0.390625,-0.224609375
35385,1.23046875,1.064453125,-0.4296875,-0.283203125
35386,1.0546875,0.99609375,-0.234375,-0.21484375
35387,1.171875,1.064453125,-0.224609375,-0.2734375
35388,1.23046875,1.025390625,-0.322265625,-0.302734375
35389,1.181640625,0.947265625,-0.322265625,-0.2734375
35390,1.2109375,1.15234375,-0.263671875,-0.341796875
35391,1.162109375,1.09375,-0.302734375,-0.263671875
35392,1.07421875,0.99609375,-0.29296875,-0.25390625
35393,1.162109375,1.064453125,-0.21484375,-0.302734375
35394,1.2109375,1.0546875,-0.21484375,-0.380859375
35395,1.162109375,1.03515625,-0.263671875,-0.263671875
35396,1.181640625,1.162109375,-0.263671875,-0.3125
35397,1.181640625,1.083984375,-0.224609375,-0.322265625
35398,1.123046875,1.015625,-0.29296875,-0.458984375
35399,1.201171875,0.947265625,-0.302734375,-0.341796875
35400,1.19140625,1.171875,-0.37109375,-0.15625
35401,1.240234375,1.044921875,-0.234375,-0.068359375
35402,1.23046875,1.162109375,-0.05859375,-0.205078125
35403,1.181640625,1.064453125,-0.15625,-0.25390625
35404,1.083984375,1.09375,-0.234375,-0.341796875
35405,1.201171875,1.09375,-0.21484375,-0.234375
35406,1.15234375,1.09375,-0.1171875,-0.3125
35407,1.142578125,1.07421875,-0.13671875,-0.15625
35408,1.181640625,1.11328125,-0.087890625,-0.185546875
35409,1.19140625,1.064453125,-0.1171875,-0.13671875
35410,1.181640625,1.103515625,-0.21484375,-0.21484375
35411,1.123046875,1.07421875,-0.234375,-0.3125
35412,1.181640625,1.03515625,-0.302734375,-0.224609375
35413,1.123046875,1.044921875,-0.25390625,-0.3515625
35414,1.15234375,1.07421875,-0.25390625,-0.185546875
35415,1.171875,1.11328125,-0.146484375,-0.5078125
35416,1.025390625,1.044921875,-0.21484375,-0.185546875
35417,1.15234375,0.95703125,-0.166015625,-0.263671875
35418,1.1328125,1.15234375,-0.224609375,-0.29296875
35419,1.15234375,1.15234375,-0.21484375,-0.107421875
35420,1.11328125,1.11328125,-0.244140625,-0.205078125
35421,1.171875,1.07421875,-0.29296875,-0.185546875
35422,1.201171875,1.09375,-0.146484375,-0.322265625
35423,1.259765625,1.015625,-0.234375,-0.185546875
35424,1.064453125,1.162109375,-0.185546875,-0.224609375
35425,1.181640625,1.123046875,-0.224609375,-0.205078125
35426,1.09375,1.123046875,-0.068359375,-0.17578125
35427,1.15234375,1.083984375,-0.185546875,-0.322265625
35428,1.171875,1.103515625,-0.166015625,-0.146484375
35429,1.162109375,1.11328125,-0.244140625,-0.2734375
35430,1.15234375,1.11328125,-0.107421875,-0.29296875
35431,1.142578125,1.083984375,-0.185546875,-0.234375
35432,1.26953125,0.9375,-0.302734375,-0.263671875
35433,1.19140625,1.09375,-0.234375,-0.3125
35434,1.30859375,1.15234375,-0.234375,-0.3515625
35435,1.142578125,1.2109375,-0.244140625,-0.29296875
35436,1.1328125,0.908203125,-0.234375,-0.263671875
35437,1.123046875,1.123046875,-0.21484375,-0.25390625
35438,1.181640625,1.103515625,-0.263671875,-0.21484375
35439,1.162109375,1.171875,-0.419921875,-0.283203125
35440,1.220703125,1.15234375,-0.224609375,-0.33203125
35441,1.240234375,1.15234375,-0.224609375,-0.15625
35442,1.15234375,1.083984375,-0.17578125,-0.322265625
35443,1.240234375,1.162109375,-0.224609375,-0.17578125
35444,1.171875,1.15234375,-0.244140625,-0.244140625
35445,1.15234375,1.259765625,-0.234375,-0.166015625
35446,1.181640625,1.123046875,-0.263671875,-0.21484375
35447,1.30859375,1.2109375,-0.205078125,-0.224609375
35448,1.15234375,1.07421875,-0.234375,-0.205078125
35449,1.11328125,1.23046875,-0.17578125,-0.0390625
35450,1.25,1.142578125,-0.205078125,-0.33203125
35451,1.2109375,1.142578125,-0.185546875,-0.21484375
35452,1.123046875,1.220703125,-0.146484375,-0.126953125
35453,1.083984375,1.19140625,-0.224609375,-0.25390625
35454,1.19140625,1.09375,-0.078125,-0.263671875
35455,1.15234375,1.171875,-0.244140625,-0.21484375
35456,1.15234375,1.1328125,-0.322265625,-0.263671875
35457,1.240234375,1.328125,-0.2734375,-0.224609375
35458,1.279296875,1.11328125,-0.15625,-0.1953125
35459,1.376953125,1.19140625,-0.205078125,-0.37109375
35460,1.2109375,1.0546875,-0.3125,-0.224609375
35461,1.25,1.162109375,-0.33203125,-0.341796875
35462,1.279296875,1.162109375,-0.146484375,-0.17578125
35463,1.25,1.1328125,-0.3125,-0.302734375
35464,1.259765625,1.25,-0.341796875,-0.341796875
35465,1.171875,1.23046875,-0.224609375,-0.3515625
35466,1.2109375,1.181640625,-0.17578125,-0.3125
35467,1.259765625,1.19140625,-0.146484375,-0.5078125
35468,1.2890625,1.162109375,-0.224609375,-0.33203125
35469,1.298828125,1.328125,-0.21484375,-0.3125
35470,1.318359375,1.201171875,-0.107421875,-0.41015625
35471,1.19140625,1.201171875,-0.1953125,-0.322265625
35472,1.2109375,1.09375,-0.205078125,-0.29296875
35473,1.2109375,1.23046875,-0.146484375,-0.390625
35474,1.201171875,1.220703125,-0.263671875,-0.302734375
35475,1.19140625,1.15234375,-0.400390625,-0.29296875
35476,1.1328125,1.298828125,-0.1953125,-0.341796875
35477,1.142578125,1.171875,-0.21484375,-0.3125
35478,1.2109375,1.162109375,-0.205078125,-0.2734375
35479,1.142578125,1.357421875,-0.2734375,-0.341796875
35480,1.123046875,1.19140625,-0.17578125,-0.302734375
35481,1.19140625,1.318359375,-0.17578125,-0.29296875
35482,1.15234375,1.15234375,-0.25390625,-0.3125
35483,1.09375,1.240234375,-0.205078125,-0.419921875
35484,1.171875,1.201171875,-0.2734375,-0.263671875
35485,1.220703125,1.2109375,-0.29296875,-0.29296875
35486,1.07421875,1.181640625,-0.205078125,-0.283203125
35487,1.15234375,1.07421875,-0.29296875,-0.234375
35488,1.259765625,1.103515625,-0.283203125,-0.234375
35489,1.279296875,1.162109375,-0.25390625,-0.2734375
35490,1.220703125,1.318359375,-0.341796875,-0.25390625
35491,1.25,1.11328125,-0.1953125,-0.29296875
35492,1.142578125,1.19140625,-0.322265625,-0.25390625
35493,1.328125,1.19140625,-0.283203125,-0.25390625
35494,1.181640625,1.201171875,-0.146484375,-0.234375
35495,1.240234375,1.1328125,-0.322265625,-0.166015625
35496,1.103515625,1.26953125,-0.25390625,-0.263671875
35497,1.26953125,1.162109375,-0.1953125,-0.244140625
35498,1.162109375,1.181640625,-0.390625,-0.283203125
35499,1.25,1.162109375,-0.13671875,-0.263671875
35500,1.19140625,1.103515625,-0.3125,-0.3125
35501,1.162109375,1.19140625,-0.302734375,-0.283203125
35502,1.171875,1.2890625,-0.263671875,-0.3125
35503,1.19140625,1.279296875,-0.29296875,-0.263671875
35504,1.181640625,1.15234375,-0.283203125,-0.380859375
35505,1.240234375,1.142578125,-0.263671875,-0.302734375
35506,1.15234375,1.1328125,-0.419921875,-0.3515625
35507,1.19140625,1.142578125,-0.322265625,-0.244140625
35508,1.181640625,1.23046875,-0.244140625,-0.2734375
35509,1.171875,1.142578125,-0.283203125,-0.244140625
35510,1.181640625,1.2109375,-0.244140625,-0.33203125
35511,1.201171875,1.181640625,-0.3125,-0.517578125
35512,1.23046875,1.15234375,-0.205078125,-0.2734375
35513,1.181640625,1.09375,-0.234375,-0.33203125
35514,1.34765625,1.240234375,-0.205078125,-0.15625
35515,1.220703125,1.279296875,-0.458984375,-0.37109375
35516,1.23046875,1.123046875,-0.25390625,-0.33203125
35517,1.201171875,1.142578125,-0.29296875,-0.3515625
35518,1.220703125,1.103515625,-0.302734375,-0.33203125
35519,1.298828125,1.171875,-0.234375,-0.234375
35520,1.005859375,1.123046875,-0.234375,-0.400390625
35521,1.23046875,1.171875,-0.3125,-0.302734375
35522,1.142578125,1.181640625,-0.33203125,-0.234375
35523,1.42578125,1.083984375,-0.2734375,-0.478515625
35524,1.26953125,1.162109375,-0.361328125,-0.3125
35525,1.30859375,1.171875,-0.205078125,-0.322265625
35526,1.240234375,1.171875,-0.244140625,-0.380859375
35527,1.25,1.201171875,-0.244140625,-0.3515625
35528,1.279296875,1.123046875,-0.224609375,-0.322265625
35529,1.30859375,1.259765625,-0.234375,-0.244140625
35530,1.259765625,1.2890625,-0.25390625,-0.3515625
35531,1.240234375,1.19140625,-0.21484375,-0.3125
35532,1.240234375,1.181640625,-0.263671875,-0.302734375
35533,1.259765625,1.2109375,-0.41015625,-0.322265625
35534,1.23046875,1.15234375,-0.29296875,-0.361328125
35535,1.26953125,1.19140625,-0.234375,-0.2734375
35536,1.2109375,1.11328125,-0.2734375,-0.322265625
35537,1.26953125,1.25,-0.234375,-0.25390625
35538,1.25,1.26953125,-0.244140625,-0.13671875
35539,1.318359375,1.2109375,-0.390625,-0.390625
35540,1.259765625,1.3671875,-0.1953125,-0.390625
35541,1.220703125,1.201171875,-0.322265625,-0.263671875
35542,1.328125,1.142578125,-0.1953125,-0.341796875
35543,1.298828125,1.23046875,-0.37109375,-0.341796875
35544,1.3671875,1.2109375,-0.244140625,-0.302734375
35545,1.259765625,1.23046875,-0.3125,-0.33203125
35546,1.318359375,1.2109375,-0.15625,-0.3125
35547,1.279296875,1.2109375,-0.185546875,-0.390625
35548,1.240234375,1.26953125,-0.244140625,-0.3515625
35549,1.23046875,1.23046875,-0.185546875,-0.361328125
35550,1.2109375,1.201171875,-0.126953125,-0.05859375
35551,1.40625,1.2109375,-0.185546875,-0.33203125
35552,1.298828125,1.19140625,-0.185546875,-0.2734375
35553,1.2109375,1.23046875,-0.283203125,-0.263671875
35554,1.162109375,1.318359375,-0.15625,-0.29296875
35555,1.328125,1.279296875,-0.17578125,-0.33203125
35556,1.318359375,1.103515625,-0.205078125,-0.390625
35557,1.220703125,1.19140625,-0.244140625,-0.322265625
35558,1.328125,1.25,-0.0390625,-0.2734375
35559,1.259765625,1.220703125,-0.283203125,-0.09765625
35560,1.2890625,1.220703125,-0.234375,-0.25390625
35561,1.279296875,1.1328125,-0.390625,-0.37109375
35562,1.181640625,1.220703125,-0.33203125,-0.263671875
35563,1.38671875,1.142578125,-0.29296875,-0.25390625
35564,1.298828125,1.30859375,-0.3125,-0.283203125
35565,1.30859375,1.220703125,-0.263671875,-0.234375
35566,1.30859375,1.240234375,-0.234375,-0.37109375
35567,1.26953125,1.2890625,-0.400390625,-0.29296875
35568,1.396484375,1.220703125,-0.25390625,-0.5078125
35569,1.30859375,1.2109375,-0.25390625,-0.439453125
35570,1.318359375,1.201171875,-0.478515625,-0.361328125
35571,1.298828125,1.23046875,-0.29296875,-0.439453125
35572,1.38671875,1.2109375,-0.322265625,-0.419921875
35573,1.396484375,1.318359375,-0.205078125,-0.44921875
35574,1.455078125,1.2109375,-0.1171875,-0.234375
35575,1.19140625,1.23046875,-0.166015625,-0.4296875
35576,1.26953125,1.279296875,-0.25390625,-0.322265625
35577,1.416015625,1.259765625,-0.13671875,-0.3515625
35578,1.2890625,1.259765625,-0.234375,-0.2734375
35579,1.298828125,1.171875,-0.15625,-0.37109375
35580,1.396484375,1.25,-0.263671875,-0.361328125
35581,1.162109375,1.23046875,-0.244140625,-0.478515625
35582,1.25,1.26953125,-0.185546875,-0.302734375
35583,1.23046875,1.26953125,-0.15625,-0.44921875
35584,1.162109375,1.259765625,-0.205078125,-0.37109375
35585,1.30859375,1.279296875,-0.146484375,-0.283203125
35586,1.25,1.220703125,-0.185546875,-0.224609375
35587,1.357421875,1.162109375,-0.244140625,-0.361328125
35588,1.2109375,1.083984375,-0.2734375,-0.41015625
35589,1.220703125,1.123046875,-0.21484375,-0.46875
35590,1.23046875,1.142578125,-0.234375,-0.390625
35591,1.2109375,1.19140625,-0.244140625,-0.361328125
35592,1.25,1.220703125,-0.224609375,-0.341796875
35593,1.279296875,1.19140625,-0.283203125,-0.419921875
35594,1.19140625,1.181640625,-0.29296875,-0.37109375
35595,1.2109375,1.1328125,-0.29296875,-0.517578125
35596,1.171875,1.171875,-0.283203125,-0.517578125
35597,1.201171875,1.1328125,-0.29296875,-0.33203125
35598,1.25,0.95703125,-0.29296875,-0.322265625
35599,1.171875,1.162109375,-0.29296875,-0.44921875
35600,1.171875,1.0546875,-0.21484375,-0.29296875
35601,1.240234375,1.064453125,-0.146484375,-0.29296875
35602,1.15234375,1.142578125,-0.25390625,-0.302734375
35603,1.15234375,1.171875,-0.13671875,-0.3515625
35604,1.23046875,1.171875,-0.29296875,-0.322265625
35605,1.19140625,1.123046875,-0.21484375,-0.33203125
35606,1.26953125,1.181640625,-0.380859375,-0.322265625
35607,1.240234375,1.025390625,-0.25390625,-0.390625
35608,1.181640625,1.123046875,-0.263671875,-0.25390625
35609,1.220703125,1.0546875,-0.146484375,-0.439453125
35610,1.220703125,1.025390625,-0.126953125,-0.3515625
35611,1.142578125,1.123046875,-0.29296875,-0.48828125
35612,1.19140625,1.162109375,-0.244140625,-0.390625
35613,1.162109375,1.25,-0.234375,-0.302734375
35614,1.279296875,1.2109375,-0.17578125,-0.3125
35615,1.025390625,1.26953125,-0.25390625,-0.3125
35616,1.15234375,1.19140625,-0.15625,-0.341796875
35617,1.220703125,1.220703125,-0.244140625,-0.3515625
35618,1.23046875,1.26953125,-0.244140625,-0.380859375
35619,1.19140625,1.15234375,-0.1953125,-0.361328125
35620,1.171875,1.220703125,-0.283203125,-0.302734375
35621,1.298828125,1.376953125,-0.2734375,-0.3125
35622,1.181640625,1.201171875,-0.234375,-0.41015625
35623,1.03515625,1.19140625,-0.2734375,-0.380859375
35624,1.2109375,1.240234375,-0.302734375,-0.44921875
35625,1.09375,1.298828125,-0.37109375,-0.37109375
35626,1.171875,1.259765625,-0.21484375,-0.283203125
35627,1.19140625,1.181640625,-0.29296875,-0.380859375
35628,1.220703125,1.25,-0.2734375,-0.3515625
35629,1.123046875,1.162109375,-0.302734375,-0.478515625
35630,1.2109375,1.25,-0.322265625,-0.478515625
35631,1.171875,1.123046875,-0.205078125,-0.3515625
35632,1.0546875,1.181640625,-0.283203125,-0.361328125
35633,1.083984375,1.201171875,-0.29296875,-0.33203125
35634,1.142578125,1.07421875,-0.234375,-0.29296875
35635,1.201171875,1.171875,-0.21484375,-0.576171875
35636,1.298828125,1.201171875,-0.21484375,-0.400390625
35637,1.1328125,1.220703125,-0.1953125,-0.4296875
35638,1.259765625,1.162109375,-0.2734375,-0.44921875
35639,1.220703125,1.142578125,-0.224609375,-0.380859375
35640,1.162109375,1.26953125,-0.29296875,-0.400390625
35641,1.15234375,1.162109375,-0.205078125,-0.341796875
35642,1.201171875,1.103515625,-0.166015625,-0.41015625
35643,1.171875,1.09375,-0.224609375,-0.361328125
35644,1.2890625,1.1328125,-0.17578125,-0.33203125
35645,1.220703125,1.1328125,-0.322265625,-0.3125
35646,1.337890625,1.015625,-0.234375,-0.390625
35647,1.279296875,0.99609375,-0.283203125,-0.52734375
35648,1.23046875,1.103515625,-0.205078125,-0.478515625
35649,1.1328125,1.083984375,-0.1953125,-0.400390625
35650,1.162109375,1.07421875,-0.126953125,-0.458984375
35651,1.142578125,1.123046875,-0.224609375,-0.439453125
35652,1.09375,1.03515625,-0.205078125,-0.380859375
35653,1.23046875,1.083984375,-0.15625,-0.44921875
35654,1.09375,1.064453125,-0.263671875,-0.146484375
35655,1.23046875,1.064453125,-0.1171875,-0.361328125
35656,1.26953125,1.0546875,-0.302734375,-0.283203125
35657,1.318359375,1.083984375,-0.17578125,-0.263671875
35658,1.2890625,1.07421875,-0.3515625,-0.3125
35659,1.279296875,1.044921875,-0.21484375,-0.37109375
35660,1.19140625,1.044921875,-0.166015625,-0.390625
35661,1.259765625,0.986328125,-0.29296875,-0.380859375
35662,1.23046875,1.025390625,-0.15625,-0.37109375
35663,1.201171875,1.09375,-0.234375,-0.390625
35664,1.171875,0.986328125,-0.302734375,-0.341796875
35665,1.220703125,1.064453125,-0.341796875,-0.4296875
35666,1.181640625,1.03515625,-0.21484375,-0.41015625
35667,1.259765625,0.966796875,-0.1953125,-0.341796875
35668,1.26953125,0.888671875,-0.126953125,-0.3125
35669,1.357421875,1.09375,-0.205078125,-0.4296875
35670,1.279296875,1.220703125,-0.25390625,-0.380859375
35671,1.279296875,1.0546875,-0.341796875,-0.41015625
35672,1.279296875,1.015625,-0.29296875,-0.322265625
35673,1.1328125,0.9765625,-0.21484375,-0.322265625
35674,1.240234375,1.025390625,-0.263671875,-0.33203125
35675,1.181640625,1.064453125,-0.283203125,-0.390625
35676,1.162109375,1.015625,-0.283203125,-0.33203125
35677,1.240234375,0.927734375,-0.361328125,-0.244140625
35678,1.23046875,1.025390625,-0.29296875,-0.3515625
35679,1.25,1.11328125,-0.29296875,-0.33203125
35680,1.19140625,1.07421875,-0.341796875,-0.322265625
35681,1.142578125,1.044921875,-0.283203125,-0.400390625
35682,1.123046875,1.03515625,-0.2734375,-0.37109375
35683,1.201171875,1.064453125,-0.224609375,-0.29296875
35684,1.30859375,1.03515625,-0.166015625,-0.283203125
35685,1.201171875,1.083984375,-0.21484375,-0.322265625
35686,1.259765625,0.830078125,-0.166015625,-0.341796875
35687,1.2890625,1.044921875,-0.224609375,-0.25390625
35688,1.2890625,1.005859375,-0.224609375,-0.33203125
35689,1.240234375,1.103515625,-0.283203125,-0.3515625
35690,1.1328125,1.0546875,-0.25390625,-0.29296875
35691,1.2109375,1.083984375,-0.126953125,-0.341796875
35692,1.259765625,0.9375,-0.146484375,-0.3515625
35693,1.2109375,1.201171875,-0.126953125,-0.361328125
35694,1.259765625,1.0546875,-0.205078125,-0.263671875
35695,1.26953125,1.03515625,-0.283203125,-0.33203125
35696,1.259765625,0.927734375,-0.234375,-0.3125
35697,1.1328125,0.927734375,-0.25390625,-0.283203125
35698,1.142578125,1.0546875,-0.224609375,-0.322265625
35699,1.23046875,1.015625,-0.21484375,-0.37109375
35700,1.318359375,0.947265625,-0.302734375,-0.419921875
35701,1.240234375,0.9765625,-0.09765625,-0.341796875
35702,1.19140625,0.95703125,-0.302734375,-0.205078125
35703,1.376953125,0.947265625,-0.17578125,-0.302734375
35704,1.181640625,0.849609375,-0.205078125,-0.3125
35705,1.142578125,0.9765625,-0.185546875,-0.205078125
35706,1.2109375,0.986328125,-0.244140625,-0.478515625
35707,1.19140625,1.142578125,-0.17578125,-0.302734375
35708,1.15234375,0.947265625,-0.15625,-0.41015625
35709,1.220703125,0.927734375,-0.263671875,-0.625
35710,1.26953125,0.95703125,-0.263671875,-0.33203125
35711,1.123046875,0.947265625,-0.205078125,-0.3125
35712,1.025390625,1.03515625,-0.3125,-0.2734375
35713,1.181640625,0.95703125,-0.2734375,-0.3515625
35714,1.103515625,0.9765625,-0.25390625,-0.400390625
35715,1.259765625,0.986328125,-0.2734375,-0.439453125
35716,1.0546875,1.07421875,-0.25390625,-0.37109375
35717,1.142578125,1.11328125,-0.302734375,-0.283203125
35718,1.19140625,1.025390625,-0.263671875,-0.283203125
35719,1.07421875,0.908203125,-0.25390625,-0.3515625
35720,1.15234375,0.966796875,-0.25390625,-0.3515625
35721,1.259765625,1.025390625,-0.185546875,-0.44921875
35722,1.162109375,1.005859375,-0.146484375,-0.41015625
35723,1.15234375,1.03515625,-0.224609375,-0.25390625
35724,1.1328125,0.986328125,-0.263671875,-0.46875
35725,1.259765625,0.9375,-0.21484375,-0.322265625
35726,1.201171875,0.9375,-0.15625,-0.224609375
35727,1.19140625,1.03515625,-0.166015625,-0.361328125
35728,1.2890625,1.123046875,-0.1953125,-0.3515625
35729,1.201171875,1.064453125,-0.15625,-0.146484375
35730,1.09375,0.99609375,-0.1953125,-0.1953125
35731,1.2109375,1.2109375,-0.21484375,-0.29296875
35732,1.2109375,0.91796875,-0.29296875,-0.322265625
35733,1.07421875,1.064453125,-0.244140625,-0.322265625
35734,1.11328125,1.044921875,-0.322265625,-0.29296875
35735,1.201171875,1.2109375,-0.13671875,-0.33203125
35736,1.123046875,1.03515625,-0.283203125,-0.37109375
35737,0.947265625,1.2109375,-0.244140625,-0.2734375
35738,1.15234375,1.083984375,-0.25390625,-0.3515625
35739,1.09375,0.9765625,-0.234375,-0.25390625
35740,1.1328125,1.0546875,-0.234375,-0.224609375
35741,1.083984375,1.015625,-0.322265625,-0.37109375
35742,1.201171875,1.07421875,-0.185546875,-0.380859375
35743,1.162109375,1.064453125,-0.3515625,-0.341796875
35744,1.1328125,1.0546875,-0.341796875,-0.37109375
35745,1.083984375,1.064453125,-0.25390625,-0.3125
35746,1.044921875,1.1328125,-0.166015625,-0.5078125
35747,1.181640625,1.09375,-0.146484375,-0.2734375
35748,1.19140625,1.11328125,-0.29296875,-0.498046875
35749,1.26953125,1.03515625,-0.244140625,-0.29296875
35750,1.19140625,1.025390625,-0.3125,-0.33203125
35751,1.162109375,1.09375,-0.3125,-0.380859375
35752,1.201171875,1.015625,-0.25390625,-0.244140625
35753,1.15234375,1.123046875,-0.185546875,-0.33203125
35754,1.181640625,1.083984375,-0.17578125,-0.33203125
35755,1.0546875,1.083984375,-0.1953125,-0.302734375
35756,1.15234375,1.142578125,-0.37109375,-0.341796875
35757,1.220703125,1.064453125,-0.1953125,-0.37109375
35758,1.1328125,1.083984375,-0.087890625,-0.224609375
35759,1.171875,1.064453125,-0.390625,-0.380859375
35760,1.279296875,1.083984375,-0.205078125,-0.390625
35761,1.23046875,1.064453125,-0.244140625,-0.205078125
35762,1.181640625,1.064453125,-0.234375,-0.33203125
35763,1.220703125,1.15234375,-0.302734375,-0.224609375
35764,1.2109375,1.025390625,-0.1953125,-0.46875
35765,1.240234375,1.19140625,-0.224609375,-0.25390625
35766,1.279296875,1.083984375,-0.3515625,-0.41015625
35767,1.298828125,1.103515625,-0.185546875,-0.166015625
35768,1.279296875,1.103515625,-0.1953125,-0.21484375
35769,1.2109375,1.083984375,-0.029296875,-0.458984375
35770,1.09375,1.083984375,-0.09765625,-0.234375
35771,1.220703125,1.044921875,-0.166015625,-0.263671875
35772,1.25,1.03515625,-0.244140625,-0.166015625
35773,1.357421875,0.9375,-0.205078125,-0.33203125
35774,1.376953125,1.19140625,-0.166015625,-0.224609375
35775,1.26953125,1.162109375,-0.17578125,-0.25390625
35776,1.1328125,1.005859375,-0.146484375,-0.234375
35777,1.083984375,1.103515625,-0.21484375,-0.224609375
35778,1.2109375,1.064453125,-0.205078125,-0.3515625
35779,1.15234375,1.09375,-0.224609375,-0.29296875
35780,1.15234375,0.888671875,-0.234375,-0.29296875
35781,1.171875,1.025390625,-0.205078125,-0.29296875
35782,1.162109375,1.09375,-0.1953125,-0.2734375
35783,1.23046875,1.025390625,-0.244140625,-0.205078125
35784,1.15234375,1.0546875,-0.322265625,-0.29296875
35785,1.220703125,1.07421875,-0.25390625,-0.341796875
35786,1.09375,1.1328125,-0.166015625,-0.2734375
35787,1.09375,1.044921875,-0.322265625,-0.302734375
35788,1.09375,1.123046875,-0.126953125,-0.37109375
35789,1.07421875,1.064453125,-0.25390625,-0.283203125
35790,1.240234375,1.025390625,-0.3125,-0.33203125
35791,1.240234375,1.0546875,-0.1953125,-0.3125
35792,1.298828125,1.0546875,-0.29296875,-0.29296875
35793,1.2109375,1.318359375,-0.205078125,-0.234375
35794,1.279296875,1.083984375,-0.166015625,-0.3125
35795,1.083984375,1.09375,-0.224609375,-0.263671875
35796,1.220703125,1.083984375,-0.21484375,-0.302734375
35797,1.181640625,1.07421875,-0.263671875,-0.21484375
35798,1.279296875,1.015625,-0.29296875,-0.205078125
35799,1.220703125,1.259765625,-0.13671875,-0.3125
35800,1.181640625,1.083984375,-0.224609375,-0.3515625
35801,1.26953125,0.927734375,-0.224609375,-0.2734375
35802,1.220703125,1.1328125,-0.244140625,-0.302734375
35803,1.19140625,1.09375,-0.29296875,-0.224609375
35804,1.201171875,1.123046875,-0.244140625,-0.3515625
35805,1.1328125,1.044921875,-0.107421875,-0.2734375
35806,1.220703125,1.07421875,-0.224609375,-0.224609375
35807,1.259765625,1.11328125,-0.17578125,-0.25390625
35808,1.162109375,1.123046875,-0.29296875,-0.224609375
35809,1.1328125,1.083984375,-0.17578125,-0.302734375
35810,1.220703125,1.11328125,-0.283203125,-0.244140625
35811,1.15234375,1.123046875,-0.13671875,-0.15625
35812,1.328125,1.0546875,-0.224609375,-0.087890625
35813,1.15234375,1.15234375,-0.3515625,-0.21484375
35814,1.201171875,1.0546875,-0.263671875,-0.205078125
35815,1.220703125,1.123046875,-0.2734375,-0.166015625
35816,1.30859375,1.07421875,-0.361328125,-0.234375
35817,1.25,1.005859375,-0.29296875,-0.234375
35818,1.181640625,1.025390625,-0.380859375,-0.361328125
35819,1.15234375,1.1328125,-0.25390625,-0.283203125
35820,1.181640625,1.044921875,-0.322265625,-0.205078125
35821,1.220703125,1.123046875,-0.234375,-0.380859375
35822,1.259765625,1.083984375,-0.25390625,-0.33203125
35823,1.23046875,1.142578125,-0.15625,-0.25390625
35824,1.19140625,1.09375,-0.166015625,-0.3515625
35825,1.30859375,1.03515625,-0.166015625,-0.205078125
35826,1.19140625,0.849609375,-0.263671875,-0.263671875
35827,1.2109375,1.0546875,-0.283203125,-0.2734375
35828,1.2109375,1.015625,-0.185546875,-0.185546875
35829,1.2109375,1.025390625,-0.078125,-0.224609375
35830,1.181640625,1.083984375,-0.166015625,-0.234375
35831,1.23046875,1.025390625,-0.15625,-0.166015625
35832,1.0546875,1.044921875,-0.390625,-0.283203125
35833,1.123046875,1.083984375,-0.185546875,-0.3515625
35834,1.181640625,1.0546875,-0.185546875,-0.244140625
35835,1.15234375,1.11328125,-0.3515625,-0.2734375
35836,1.1328125,1.19140625,-0.1953125,-0.1953125
35837,1.181640625,1.064453125,-0.185546875,-0.29296875
35838,1.123046875,1.220703125,-0.15625,-0.263671875
35839,1.15234375,1.142578125,-0.068359375,-0.283203125
35840,1.279296875,1.123046875,-0.17578125,-0.146484375
35841,1.201171875,1.09375,-0.224609375,-0.25390625
35842,1.123046875,1.103515625,-0.126953125,-0.263671875
35843,1.240234375,1.162109375,-0.21484375,-0.234375
35844,1.07421875,1.11328125,-0.1953125,-0.1953125
35845,1.162109375,1.142578125,-0.146484375,-0.1953125
35846,1.220703125,1.142578125,-0.205078125,-0.3125
35847,1.15234375,0.99609375,-0.15625,-0.1953125
35848,1.07421875,1.07421875,-0.224609375,-0.205078125
35849,1.318359375,1.142578125,-0.2734375,-0.56640625
35850,1.19140625,1.1328125,-0.25390625,-0.25390625
35851,1.240234375,1.083984375,-0.244140625,-0.17578125
35852,1.11328125,1.142578125,-0.17578125,-0.263671875
35853,1.11328125,1.11328125,-0.166015625,-0.244140625
35854,1.162109375,1.1328125,-0.1953125,-0.224609375
35855,1.181640625,1.171875,-0.15625,-0.244140625
35856,1.1328125,1.220703125,-0.21484375,-0.263671875
35857,1.1328125,1.142578125,-0.205078125,-0.302734375
35858,0.99609375,1.123046875,-0.234375,-0.185546875
35859,1.298828125,1.19140625,-0.185546875,-0.2734375
35860,1.201171875,1.142578125,-0.185546875,-0.234375
35861,1.2109375,1.07421875,-0.185546875,-0.166015625
35862,1.162109375,1.181640625,-0.1953125,-0.2734375
35863,1.201171875,1.240234375,-0.185546875,-0.302734375
35864,1.2890625,1.142578125,-0.146484375,-0.302734375
35865,1.11328125,1.083984375,-0.21484375,-0.244140625
35866,1.162109375,1.240234375,-0.166015625,-0.283203125
35867,1.220703125,1.162109375,-0.234375,-0.107421875
35868,1.2109375,1.2890625,-0.21484375,-0.322265625
35869,1.259765625,1.19140625,-0.21484375,-0.2734375
35870,1.09375,1.23046875,-0.234375,-0.439453125
35871,1.1328125,1.181640625,-0.185546875,-0.302734375
35872,1.142578125,1.142578125,-0.166015625,-0.29296875
35873,1.19140625,1.142578125,-0.25390625,-0.263671875
35874,1.162109375,1.2109375,-0.1953125,-0.400390625
35875,1.11328125,1.064453125,-0.2734375,-0.302734375
35876,1.201171875,1.142578125,-0.185546875,-0.2734375
35877,1.142578125,1.103515625,-0.224609375,-0.302734375
35878,1.259765625,1.123046875,-0.13671875,-0.234375
35879,1.1328125,1.15234375,-0.17578125,-0.25390625
35880,1.23046875,1.19140625,-0.126953125,-0.244140625
35881,1.142578125,1.1328125,-0.126953125,-0.205078125
35882,1.19140625,1.103515625,-0.15625,-0.322265625
35883,1.181640625,1.09375,-0.13671875,-0.302734375
35884,1.142578125,1.07421875,-0.1953125,-0.29296875
35885,1.11328125,1.15234375,-0.3125,-0.400390625
35886,1.15234375,1.162109375,-0.1953125,-0.13671875
35887,1.23046875,1.181640625,-0.25390625,-0.2734375
35888,1.162109375,1.1328125,-0.224609375,-0.107421875
35889,1.328125,1.15234375,-0.205078125,-0.56640625
35890,1.123046875,1.1328125,-0.17578125,-0.2734375
35891,1.259765625,1.123046875,-0.302734375,-0.380859375
35892,1.25,1.09375,-0.234375,-0.29296875
35893,1.240234375,1.259765625,-0.1953125,-0.283203125
35894,1.259765625,1.15234375,-0.2734375,-0.48828125
35895,1.123046875,1.1328125,-0.166015625,-0.1953125
35896,1.15234375,1.23046875,-0.21484375,-0.224609375
35897,1.2109375,1.19140625,-0.224609375,-0.29296875
35898,1.23046875,1.220703125,-0.224609375,-0.361328125
35899,1.25,1.19140625,-0.25390625,-0.302734375
35900,1.181640625,1.201171875,-0.1953125,-0.390625
35901,1.1328125,1.15234375,-0.2734375,-0.166015625
35902,1.259765625,1.1328125,-0.25390625,-0.283203125
35903,1.15234375,1.11328125,-0.21484375,-0.400390625
35904,1.03515625,1.162109375,-0.25390625,-0.166015625
35905,1.220703125,1.11328125,-0.15625,-0.37109375
35906,1.142578125,1.171875,-0.21484375,-0.283203125
35907,1.2109375,1.15234375,-0.2734375,-0.322265625
35908,1.142578125,1.07421875,-0.166015625,-0.302734375
35909,1.15234375,1.181640625,-0.146484375,-0.33203125
35910,1.11328125,1.19140625,-0.205078125,-0.244140625
35911,1.044921875,1.240234375,-0.21484375,-0.2734375
35912,1.15234375,1.09375,-0.1953125,-0.322265625
35913,1.19140625,1.1328125,-0.25390625,-0.302734375
35914,0.9375,1.240234375,-0.283203125,-0.302734375
35915,1.11328125,1.318359375,-0.1953125,-0.380859375
35916,1.259765625,1.220703125,-0.224609375,-0.3125
35917,1.162109375,1.162109375,-0.15625,-0.244140625
35918,1.19140625,1.240234375,-0.322265625,-0.29296875
35919,1.23046875,1.162109375,-0.234375,-0.537109375
35920,1.201171875,1.083984375,-0.2734375,-0.25390625
35921,1.2109375,0.986328125,-0.33203125,-0.2734375
35922,1.220703125,1.171875,-0.322265625,-0.390625
35923,1.181640625,1.15234375,-0.2734375,-0.302734375
35924,1.19140625,1.025390625,-0.1171875,-0.283203125
35925,1.19140625,1.142578125,-0.341796875,-0.439453125
35926,1.376953125,1.181640625,-0.234375,-0.3515625
35927,1.1328125,1.2109375,-0.33203125,-0.2734375
35928,1.26953125,1.15234375,-0.224609375,-0.341796875
35929,1.171875,1.11328125,-0.1953125,-0.302734375
35930,1.15234375,1.201171875,-0.234375,-0.302734375
35931,1.2109375,1.1328125,-0.166015625,-0.263671875
35932,1.103515625,1.181640625,-0.244140625,-0.3125
35933,1.26953125,1.19140625,-0.25390625,-0.21484375
35934,1.201171875,1.162109375,-0.244140625,-0.322265625
35935,1.09375,1.23046875,-0.25390625,-0.322265625
35936,1.181640625,1.142578125,-0.21484375,-0.322265625
35937,1.171875,1.181640625,-0.234375,-0.244140625
35938,1.11328125,1.19140625,-0.29296875,-0.302734375
35939,1.171875,1.201171875,-0.2734375,-0.283203125
35940,1.23046875,1.19140625,-0.44921875,-0.3125
35941,1.171875,1.15234375,-0.302734375,-0.234375
35942,1.259765625,1.318359375,-0.3125,-0.3515625
35943,1.171875,1.23046875,-0.3515625,-0.15625
35944,1.220703125,1.142578125,-0.3125,-0.3125
35945,1.19140625,1.1328125,-0.234375,-0.2734375
35946,1.11328125,1.1328125,-0.283203125,-0.185546875
35947,1.240234375,1.181640625,-0.166015625,-0.1953125
35948,1.279296875,1.09375,-0.263671875,-0.185546875
35949,1.181640625,1.201171875,-0.341796875,-0.33203125
35950,1.19140625,1.181640625,-0.263671875,-0.380859375
35951,1.25,1.201171875,-0.263671875,-0.29296875
35952,1.123046875,1.220703125,-0.21484375,-0.2734375
35953,1.142578125,1.142578125,-0.283203125,-0.224609375
35954,1.09375,1.142578125,-0.25390625,-0.244140625
35955,1.1328125,1.19140625,-0.068359375,-0.341796875
35956,1.279296875,1.162109375,-0.25390625,-0.341796875
35957,1.328125,1.103515625,-0.25390625,-0.205078125
35958,1.25,1.162109375,-0.224609375,-0.3125
35959,1.318359375,1.162109375,-0.283203125,-0.263671875
35960,1.337890625,1.142578125,-0.419921875,-0.3125
35961,1.34765625,1.0546875,-0.1953125,-0.29296875
35962,1.30859375,1.15234375,-0.29296875,-0.33203125
35963,1.2890625,1.25,-0.244140625,-0.322265625
35964,1.26953125,1.201171875,-0.21484375,-0.244140625
35965,1.40625,1.26953125,-0.263671875,-0.3515625
35966,1.11328125,1.181640625,-0.263671875,-0.302734375
35967,1.201171875,1.15234375,-0.283203125,-0.302734375
35968,1.2109375,1.19140625,-0.29296875,-0.361328125
35969,1.2109375,1.30859375,-0.244140625,-0.2734375
35970,1.25,1.23046875,-0.185546875,-0.3515625
35971,1.328125,1.181640625,-0.25390625,-0.419921875
35972,1.181640625,1.15234375,-0.322265625,-0.283203125
35973,1.26953125,1.19140625,-0.1953125,-0.263671875
35974,1.318359375,1.220703125,-0.224609375,-0.224609375
35975,1.181640625,1.025390625,-0.17578125,-0.302734375
35976,1.26953125,1.181640625,-0.21484375,-0.263671875
35977,1.2109375,1.23046875,-0.2734375,-0.2734375
35978,1.46484375,1.298828125,-0.205078125,-0.361328125
35979,1.279296875,0.986328125,-0.224609375,-0.283203125
35980,1.2890625,1.181640625,-0.15625,-0.44921875
35981,1.328125,1.240234375,-0.25390625,-0.3125
35982,1.25,1.181640625,-0.205078125,-0.2734375
35983,1.38671875,1.240234375,-0.1953125,-0.341796875
35984,1.25,1.220703125,-0.224609375,-0.263671875
35985,1.25,1.30859375,-0.224609375,-0.3125
35986,1.2109375,1.2890625,-0.234375,-0.322265625
35987,1.123046875,1.240234375,-0.166015625,-0.37109375
35988,1.23046875,1.240234375,-0.302734375,-0.37109375
35989,1.25,1.162109375,-0.166015625,-0.361328125
35990,1.279296875,1.09375,-0.2734375,-0.380859375
35991,1.220703125,1.142578125,-0.21484375,-0.380859375
35992,1.19140625,1.19140625,-0.224609375,-0.244140625
35993,1.11328125,1.15234375,-0.361328125,-0.361328125
35994,1.2109375,1.15234375,-0.25390625,-0.361328125
35995,1.19140625,1.259765625,-0.15625,-0.361328125
35996,1.328125,1.2109375,-0.263671875,-0.341796875
35997,1.2890625,1.162109375,-0.361328125,-0.380859375
35998,1.34765625,1.1328125,-0.263671875,-0.380859375
35999,1.26953125,1.23046875,-0.234375,-0.33203125
36000,1.279296875,1.25,-0.33203125,-0.361328125
36001,1.328125,1.162109375,-0.2734375,-0.09765625
36002,1.240234375,1.162109375,-0.224609375,-0.048828125
36003,1.26953125,1.240234375,-0.166015625,-0.3125
36004,1.318359375,1.1328125,-0.205078125,-0.380859375
36005,1.357421875,1.240234375,-0.17578125,-0.3125
36006,1.279296875,1.015625,-0.283203125,-0.33203125
36007,1.337890625,1.220703125,-0.17578125,-0.322265625
36008,1.298828125,1.201171875,-0.166015625,-0.224609375
36009,1.298828125,1.2109375,-0.361328125,-0.380859375
36010,1.34765625,1.15234375,-0.37109375,-0.4296875
36011,1.396484375,1.162109375,-0.17578125,-0.458984375
36012,1.298828125,1.279296875,-0.146484375,-0.33203125
36013,1.23046875,1.19140625,-0.29296875,-0.478515625
36014,1.181640625,1.220703125,-0.21484375,-0.244140625
36015,1.34765625,1.240234375,-0.146484375,-0.33203125
36016,1.23046875,1.201171875,-0.205078125,-0.302734375
36017,1.19140625,1.240234375,-0.25390625,-0.302734375
36018,1.30859375,1.1328125,-0.341796875,-0.341796875
36019,1.220703125,1.2109375,-0.15625,-0.41015625
36020,1.259765625,1.19140625,-0.322265625,-0.341796875
36021,1.15234375,1.083984375,-0.400390625,-0.3515625
36022,1.240234375,1.162109375,-0.41015625,-0.341796875
36023,1.3671875,1.181640625,-0.29296875,-0.4296875
36024,1.25,1.19140625,-0.283203125,-0.341796875
36025,1.259765625,1.25,-0.17578125,-0.44921875
36026,1.23046875,1.142578125,-0.234375,-0.205078125
36027,1.279296875,1.03515625,-0.2734375,-0.302734375
36028,1.19140625,1.23046875,-0.322265625,-0.419921875
36029,1.201171875,1.142578125,-0.25390625,-0.400390625
36030,1.09375,0.966796875,-0.2734375,-0.380859375
36031,1.23046875,1.2109375,-0.341796875,-0.400390625
36032,1.171875,1.25,-0.166015625,-0.361328125
36033,0.99609375,1.11328125,-0.29296875,-0.361328125
36034,1.142578125,1.171875,-0.185546875,-0.458984375
36035,1.220703125,1.201171875,-0.205078125,-0.380859375
36036,1.181640625,0.99609375,-0.224609375,-0.33203125
36037,1.142578125,1.15234375,-0.283203125,-0.400390625
36038,1.162109375,1.103515625,-0.263671875,-0.33203125
36039,1.19140625,1.0546875,-0.302734375,-0.400390625
36040,1.19140625,1.171875,-0.361328125,-0.37109375
36041,1.181640625,1.123046875,-0.283203125,-0.380859375
36042,1.19140625,1.19140625,-0.283203125,-0.380859375
36043,1.220703125,1.298828125,-0.244140625,-0.33203125
36044,1.0546875,1.123046875,-0.234375,-0.302734375
36045,1.337890625,1.11328125,-0.224609375,-0.478515625
36046,1.201171875,1.181640625,-0.341796875,-0.33203125
36047,1.3671875,1.181640625,-0.234375,-0.498046875
36048,1.328125,1.123046875,-0.25390625,-0.390625
36049,1.23046875,1.19140625,-0.205078125,-0.3515625
36050,1.240234375,1.15234375,-0.205078125,-0.3125
36051,1.220703125,1.044921875,-0.33203125,-0.3125
36052,1.1328125,1.19140625,-0.3125,-0.302734375
36053,1.201171875,1.11328125,-0.234375,-0.2734375
36054,1.162109375,1.162109375,-0.302734375,-0.322265625
36055,1.15234375,1.201171875,-0.29296875,-0.33203125
36056,1.11328125,1.142578125,-0.322265625,-0.439453125
36057,1.083984375,1.15234375,-0.21484375,-0.3515625
36058,1.142578125,1.2109375,-0.107421875,-0.361328125
36059,1.26953125,1.201171875,-0.2734375,-0.439453125
36060,1.15234375,1.11328125,-0.15625,-0.126953125
36061,1.162109375,1.1328125,-0.2734375,-0.37109375
36062,1.240234375,1.201171875,-0.1171875,-0.400390625
36063,1.142578125,1.162109375,-0.15625,-0.48828125
36064,1.162109375,1.220703125,-0.185546875,-0.341796875
36065,1.11328125,1.15234375,-0.166015625,-0.478515625
36066,1.181640625,1.171875,-0.1953125,-0.439453125
36067,1.240234375,1.0546875,-0.224609375,-0.3515625
36068,1.23046875,1.328125,-0.205078125,-0.361328125
36069,1.23046875,1.19140625,-0.1953125,-0.37109375
36070,1.201171875,1.201171875,-0.087890625,-0.419921875
36071,1.201171875,1.162109375,-0.3515625,-0.439453125
36072,1.1328125,1.201171875,-0.263671875,-0.458984375
36073,1.2109375,1.142578125,-0.224609375,-0.390625
36074,1.240234375,1.005859375,-0.25390625,-0.41015625
36075,1.201171875,1.083984375,-0.33203125,-0.4296875
36076,1.34765625,1.064453125,-0.21484375,-0.3515625
36077,1.259765625,1.201171875,-0.205078125,-0.37109375
36078,1.181640625,1.083984375,-0.263671875,-0.283203125
36079,1.26953125,1.171875,-0.166015625,-0.361328125
36080,1.2109375,0.927734375,-0.107421875,-0.3515625
36081,1.2109375,1.083984375,-0.263671875,-0.400390625
36082,1.201171875,1.083984375,-0.166015625,-0.322265625
36083,1.15234375,1.03515625,-0.15625,-0.29296875
36084,1.279296875,1.171875,-0.224609375,-0.380859375
36085,1.201171875,1.03515625,-0.263671875,-0.3515625
36086,1.171875,1.0546875,-0.185546875,-0.25390625
36087,1.123046875,1.064453125,-0.25390625,-0.48828125
36088,1.201171875,0.966796875,-0.17578125,-0.41015625
36089,1.2109375,1.1328125,-0.224609375,-0.3515625
36090,1.19140625,1.07421875,-0.29296875,-0.224609375
36091,1.2109375,1.0546875,-0.302734375,-0.341796875
36092,1.25,1.123046875,-0.15625,-0.29296875
36093,1.19140625,1.025390625,-0.244140625,-0.458984375
36094,1.123046875,0.888671875,-0.322265625,-0.33203125
36095,1.171875,1.220703125,-0.234375,-0.3515625
36096,1.23046875,1.044921875,-0.224609375,-0.21484375
36097,1.015625,0.99609375,-0.17578125,-0.361328125
36098,1.25,1.142578125,-0.25390625,-0.400390625
36099,1.103515625,1.083984375,-0.17578125,-0.185546875
36100,1.171875,1.11328125,-0.146484375,-0.33203125
36101,1.259765625,1.162109375,-0.185546875,-0.302734375
36102,1.15234375,1.064453125,-0.29296875,-0.46875
36103,1.328125,0.927734375,-0.21484375,-0.478515625
36104,1.201171875,1.025390625,-0.17578125,-0.361328125
36105,1.2109375,0.95703125,-0.224609375,-0.478515625
36106,1.201171875,1.07421875,-0.1953125,-0.60546875
36107,1.201171875,0.830078125,-0.107421875,-0.380859375
36108,1.03515625,0.99609375,-0.2734375,-0.361328125
36109,1.25,0.966796875,-0.244140625,-0.48828125
36110,1.171875,0.99609375,-0.15625,-0.283203125
36111,1.142578125,0.927734375,-0.21484375,-0.224609375
36112,1.11328125,0.9375,-0.21484375,-0.341796875
36113,1.19140625,1.220703125,-0.185546875,-0.341796875
36114,1.142578125,0.927734375,-0.283203125,-0.322265625
36115,1.103515625,0.99609375,-0.17578125,-0.205078125
36116,1.25,1.162109375,-0.01953125,-0.361328125
36117,1.1328125,1.015625,-0.166015625,-0.244140625
36118,1.09375,1.07421875,-0.15625,-0.1171875
36119,1.162109375,0.87890625,-0.21484375,-0.302734375
36120,1.142578125,1.0546875,-0.146484375,-0.25390625
36121,1.15234375,1.03515625,-0.13671875,-0.322265625
36122,1.201171875,1.064453125,-0.029296875,-0.33203125
36123,1.201171875,1.07421875,-0.205078125,-0.244140625
36124,1.25,1.03515625,-0.185546875,-0.41015625
36125,1.240234375,1.03515625,-0.25390625,-0.2734375
36126,1.201171875,1.07421875,-0.009765625,-0.234375
36127,1.181640625,1.064453125,-0.17578125,-0.29296875
36128,1.23046875,1.07421875,-0.322265625,-0.3125
36129,1.15234375,1.0546875,-0.244140625,-0.21484375
36130,1.220703125,1.005859375,-0.244140625,-0.25390625
36131,1.1328125,0.986328125,-0.46875,-0.3125
36132,1.220703125,0.986328125,-0.21484375,-0.302734375
36133,1.2109375,0.966796875,-0.224609375,-0.341796875
36134,1.11328125,1.015625,-0.078125,-0.3125
36135,1.2109375,0.9375,-0.400390625,-0.341796875
36136,1.15234375,1.025390625,-0.29296875,-0.205078125
36137,1.279296875,1.201171875,-0.3515625,-0.33203125
36138,1.171875,1.07421875,-0.263671875,-0.29296875
36139,1.25,0.947265625,-0.224609375,-0.439453125
36140,1.103515625,1.083984375,-0.17578125,-0.3125
36141,1.15234375,1.005859375,-0.17578125,-0.234375
36142,1.025390625,0.966796875,-0.322265625,-0.263671875
36143,1.23046875,1.03515625,-0.1171875,-0.341796875
36144,1.1328125,0.986328125,-0.4296875,-0.341796875
36145,1.240234375,1.044921875,-0.33203125,-0.41015625
36146,1.07421875,1.103515625,-0.185546875,-0.3125
36147,1.1328125,0.869140625,-0.146484375,-0.322265625
36148,1.123046875,1.005859375,-0.21484375,-0.244140625
36149,1.1328125,1.0546875,-0.17578125,-0.3125
36150,1.07421875,0.99609375,-0.21484375,-0.263671875
36151,1.083984375,0.966796875,-0.2734375,-0.2734375
36152,1.044921875,1.03515625,-0.244140625,-0.3125
36153,1.19140625,1.044921875,-0.400390625,-0.4296875
36154,1.220703125,1.015625,-0.15625,-0.41015625
36155,1.11328125,0.927734375,-0.234375,-0.37109375
36156,1.181640625,0.810546875,-0.166015625,-0.283203125
36157,1.103515625,1.03515625,-0.283203125,-0.283203125
36158,1.0546875,0.966796875,-0.205078125,-0.33203125
36159,1.15234375,0.849609375,-0.2734375,-0.322265625
36160,1.162109375,1.015625,-0.1953125,-0.400390625
36161,1.162109375,1.025390625,-0.205078125,-0.3125
36162,1.220703125,1.044921875,-0.107421875,-0.29296875
36163,1.19140625,0.99609375,-0.1953125,-0.15625
36164,1.083984375,0.966796875,-0.146484375,-0.33203125
36165,1.123046875,1.34765625,-0.283203125,-0.3515625
36166,1.07421875,1.005859375,-0.244140625,-0.185546875
36167,1.0546875,0.966796875,-0.224609375,-0.3125
36168,1.07421875,1.11328125,-0.3515625,-0.33203125
36169,1.11328125,1.005859375,-0.17578125,-0.478515625
36170,1.083984375,0.986328125,-0.234375,-0.29296875
36171,1.181640625,0.947265625,-0.107421875,-0.322265625
36172,1.15234375,1.03515625,-0.205078125,-0.380859375
36173,1.07421875,1.11328125,-0.263671875,-0.302734375
36174,1.142578125,1.103515625,-0.17578125,-0.263671875
36175,1.162109375,0.99609375,-0.25390625,-0.1953125
36176,1.064453125,1.09375,-0.25390625,-0.341796875
36177,1.142578125,1.25,-0.048828125,-0.33203125
36178,1.142578125,1.064453125,-0.2734375,-0.21484375
36179,1.26953125,1.044921875,-0.244140625,-0.400390625
36180,1.220703125,1.181640625,-0.41015625,-0.322265625
36181,1.201171875,1.09375,-0.15625,-0.25390625
36182,1.162109375,1.083984375,-0.361328125,-0.322265625
36183,1.162109375,1.09375,-0.185546875,-0.2734375
36184,1.259765625,1.103515625,-0.2734375,-0.302734375
36185,1.2109375,1.123046875,-0.17578125,-0.302734375
36186,1.23046875,1.123046875,-0.17578125,-0.302734375
36187,1.171875,1.015625,-0.224609375,-0.29296875
36188,1.181640625,1.015625,-0.244140625,-0.380859375
36189,1.15234375,1.123046875,-0.341796875,-0.29296875
36190,1.318359375,1.162109375,-0.380859375,-0.322265625
36191,1.279296875,1.0546875,-0.21484375,-0.3515625
36192,1.220703125,1.103515625,-0.244140625,-0.390625
36193,1.11328125,1.044921875,-0.244140625,-0.322265625
36194,1.103515625,1.07421875,-0.263671875,-0.390625
36195,1.2109375,1.083984375,-0.09765625,-0.234375
36196,1.181640625,1.220703125,-0.29296875,-0.390625
36197,1.11328125,1.07421875,-0.21484375,-0.3125
36198,1.337890625,1.015625,-0.25390625,-0.302734375
36199,1.2109375,0.87890625,-0.244140625,-0.263671875
36200,1.220703125,1.044921875,-0.25390625,-0.322265625
36201,1.298828125,1.044921875,-0.17578125,-0.283203125
36202,1.279296875,1.07421875,-0.283203125,-0.224609375
36203,1.26953125,1.09375,-0.185546875,-0.263671875
36204,1.279296875,0.99609375,-0.263671875,-0.25390625
36205,1.19140625,1.142578125,-0.33203125,-0.341796875
36206,1.0546875,1.103515625,-0.185546875,-0.380859375
36207,1.0546875,1.123046875,-0.17578125,-0.2734375
36208,1.2109375,1.19140625,-0.17578125,-0.341796875
36209,1.15234375,1.064453125,-0.205078125,-0.15625
36210,1.123046875,1.015625,-0.166015625,-0.205078125
36211,1.19140625,1.064453125,-0.01953125,-0.3125
36212,1.15234375,1.1328125,-0.146484375,-0.2734375
36213,1.201171875,1.220703125,-0.185546875,-0.224609375
36214,1.1328125,0.9375,-0.21484375,-0.244140625
36215,1.298828125,1.07421875,-0.17578125,-0.17578125
36216,1.1328125,1.07421875,-0.283203125,-0.21484375
36217,1.15234375,1.2890625,-0.244140625,-0.21484375
36218,1.083984375,1.0546875,-0.21484375,-0.322265625
36219,1.123046875,1.1328125,-0.244140625,-0.17578125
36220,1.162109375,1.025390625,-0.146484375,-0.224609375
36221,1.201171875,1.015625,-0.185546875,-0.439453125
36222,1.11328125,1.11328125,-0.205078125,-0.234375
36223,1.11328125,0.986328125,-0.25390625,-0.244140625
36224,1.103515625,1.015625,-0.234375,-0.205078125
36225,1.2109375,1.005859375,-0.25390625,-0.234375
36226,1.171875,1.1328125,-0.37109375,-0.263671875
36227,1.123046875,1.083984375,-0.205078125,-0.380859375
36228,1.0546875,1.103515625,-0.302734375,-0.33203125
36229,1.23046875,1.07421875,-0.185546875,-0.224609375
36230,1.1328125,1.015625,-0.283203125,-0.126953125
36231,1.162109375,1.142578125,-0.25390625,-0.25390625
36232,1.1328125,0.9765625,-0.205078125,-0.322265625
36233,1.15234375,1.005859375,-0.2734375,-0.390625
36234,1.171875,0.986328125,-0.224609375,-0.3125
36235,1.23046875,1.064453125,-0.3125,-0.29296875
36236,1.171875,1.015625,-0.302734375,-0.009765625
36237,1.15234375,0.966796875,-0.224609375,-0.498046875
36238,1.09375,1.025390625,-0.234375,-0.1953125
36239,1.181640625,1.005859375,-0.205078125,-0.1953125
36240,1.34765625,1.064453125,-0.3125,-0.224609375
36241,1.19140625,1.103515625,-0.263671875,-0.205078125
36242,1.220703125,1.123046875,-0.224609375,-0.498046875
36243,1.19140625,1.03515625,-0.3125,-0.15625
36244,1.1328125,1.015625,-0.361328125,-0.17578125
36245,1.2109375,1.103515625,-0.244140625,-0.25390625
36246,1.240234375,1.025390625,-0.263671875,-0.244140625
36247,1.2109375,1.09375,-0.283203125,-0.234375
36248,1.1328125,0.95703125,-0.244140625,-0.2734375
36249,1.07421875,1.07421875,-0.234375,-0.361328125
36250,1.07421875,1.0546875,-0.283203125,-0.234375
36251,1.181640625,1.09375,-0.185546875,-0.4296875
36252,1.2109375,0.99609375,-0.2734375,-0.01953125
36253,1.1328125,1.09375,-0.224609375,-0.244140625
36254,1.171875,1.005859375,-0.21484375,-0.2734375
36255,1.123046875,1.064453125,-0.1953125,-0.1953125
36256,1.171875,1.181640625,-0.244140625,-0.146484375
36257,1.181640625,0.986328125,-0.3125,-0.244140625
36258,1.171875,1.0546875,-0.224609375,-0.09765625
36259,1.201171875,1.083984375,-0.1953125,-0.205078125
36260,1.19140625,1.0546875,-0.29296875,-0.21484375
36261,0.99609375,1.064453125,-0.17578125,-0.185546875
36262,1.09375,0.91796875,-0.205078125,-0.21484375
36263,1.103515625,1.025390625,-0.13671875,-0.2734375
36264,1.181640625,1.083984375,-0.3515625,-0.185546875
36265,1.09375,1.11328125,-0.25390625,-0.1953125
36266,1.220703125,1.1328125,-0.126953125,-0.234375
36267,1.201171875,1.11328125,-0.205078125,-0.166015625
36268,1.09375,1.0546875,-0.21484375,-0.244140625
36269,1.171875,1.0546875,-0.263671875,-0.2734375
36270,1.298828125,1.1328125,-0.1953125,-0.29296875
36271,1.171875,1.044921875,-0.13671875,-0.244140625
36272,1.103515625,1.15234375,-0.21484375,-0.185546875
36273,1.142578125,1.11328125,-0.185546875,-0.25390625
36274,1.259765625,1.09375,-0.185546875,-0.17578125
36275,1.142578125,1.34765625,-0.185546875,-0.15625
36276,1.162109375,1.123046875,-0.283203125,-0.263671875
36277,1.0546875,1.142578125,-0.263671875,-0.29296875
36278,1.15234375,1.1328125,-0.1953125,-0.29296875
36279,1.07421875,1.11328125,-0.21484375,-0.3125
36280,1.25,1.07421875,-0.205078125,-0.283203125
36281,1.1328125,1.19140625,-0.185546875,-0.244140625
36282,1.083984375,1.19140625,-0.185546875,-0.05859375
36283,1.015625,1.15234375,-0.224609375,-0.205078125
36284,1.1328125,1.123046875,-0.01953125,-0.185546875
36285,1.171875,1.09375,-0.283203125,-0.1953125
36286,1.181640625,1.19140625,-0.146484375,-0.25390625
36287,1.142578125,1.0546875,-0.078125,-0.263671875
36288,1.11328125,1.103515625,-0.302734375,-0.302734375
36289,1.220703125,1.015625,-0.205078125,-0.244140625
36290,1.2109375,1.15234375,-0.244140625,-0.224609375
36291,1.220703125,1.142578125,-0.263671875,-0.05859375
36292,1.181640625,1.083984375,-0.244140625,-0.107421875
36293,1.11328125,1.0546875,-0.185546875,-0.234375
36294,1.19140625,1.064453125,-0.21484375,-0.263671875
36295,1.19140625,1.103515625,-0.25390625,-0.33203125
36296,1.220703125,1.103515625,-0.2734375,-0.3125
36297,1.259765625,1.171875,-0.263671875,-0.25390625
36298,1.328125,1.1328125,-0.234375,-0.17578125
36299,1.23046875,1.181640625,-0.263671875,-0.29296875
36300,1.123046875,1.171875,-0.283203125,-0.21484375
36301,1.240234375,1.201171875,-0.2734375,-0.166015625
36302,1.240234375,1.220703125,-0.17578125,-0.244140625
36303,1.25,1.142578125,-0.234375,-0.361328125
36304,1.181640625,1.19140625,-0.29296875,-0.29296875
36305,1.15234375,1.25,-0.126953125,-0.302734375
36306,1.19140625,1.181640625,-0.205078125,-0.3515625
36307,1.171875,1.201171875,-0.263671875,-0.25390625
36308,1.220703125,1.23046875,-0.25390625,-0.263671875
36309,1.2109375,1.19140625,-0.1953125,-0.33203125
36310,1.240234375,1.19140625,-0.25390625,-0.37109375
36311,1.19140625,1.09375,-0.234375,-0.29296875
36312,1.240234375,1.162109375,-0.15625,-0.25390625
36313,1.23046875,1.162109375,-0.234375,-0.37109375
36314,1.30859375,0.966796875,-0.263671875,-0.2734375
36315,1.201171875,1.1328125,-0.166015625,-0.205078125
36316,1.142578125,1.11328125,-0.21484375,-0.224609375
36317,1.201171875,1.025390625,-0.205078125,-0.263671875
36318,1.162109375,1.259765625,-0.205078125,-0.25390625
36319,1.19140625,1.142578125,-0.21484375,-0.302734375
36320,1.19140625,1.103515625,-0.224609375,-0.283203125
36321,1.171875,1.171875,-0.244140625,-0.322265625
36322,1.19140625,1.19140625,-0.29296875,-0.341796875
36323,1.171875,1.2890625,-0.3125,-0.3125
36324,1.2109375,0.986328125,-0.3125,-0.2734375
36325,1.171875,1.1328125,-0.17578125,-0.458984375
36326,1.171875,1.259765625,-0.146484375,-0.283203125
36327,1.220703125,1.103515625,-0.146484375,-0.380859375
36328,1.09375,1.123046875,-0.2734375,-0.2734375
36329,1.1328125,1.142578125,-0.244140625,-0.2734375
36330,1.181640625,1.123046875,-0.205078125,-0.400390625
36331,1.298828125,1.11328125,-0.25390625,-0.3125
36332,1.220703125,1.19140625,-0.263671875,-0.25390625
36333,1.201171875,1.11328125,-0.224609375,-0.283203125
36334,1.201171875,1.181640625,-0.21484375,-0.244140625
36335,1.201171875,1.11328125,-0.1953125,-0.3125
36336,1.181640625,1.03515625,-0.458984375,-0.302734375
36337,1.142578125,1.19140625,-0.1953125,-0.3125
36338,1.162109375,1.11328125,-0.21484375,-0.29296875
36339,1.181640625,1.15234375,-0.5078125,-0.3125
36340,1.240234375,1.142578125,-0.234375,-0.17578125
36341,1.23046875,1.171875,-0.244140625,-0.302734375
36342,1.25,1.1328125,-0.3125,-0.244140625
36343,1.083984375,1.09375,-0.263671875,-0.41015625
36344,1.2890625,1.142578125,-0.21484375,-0.263671875
36345,1.201171875,1.2890625,-0.185546875,-0.244140625
36346,1.201171875,1.201171875,-0.234375,-0.263671875
36347,1.26953125,1.42578125,-0.21484375,-0.13671875
36348,1.2109375,1.11328125,-0.25390625,-0.302734375
36349,1.15234375,1.15234375,-0.25390625,-0.185546875
36350,1.11328125,1.15234375,-0.29296875,-0.302734375
36351,1.240234375,1.15234375,-0.087890625,-0.33203125
36352,1.1328125,1.162109375,-0.2734375,-0.37109375
36353,1.171875,1.220703125,-0.244140625,-0.302734375
36354,1.298828125,1.19140625,-0.25390625,-0.283203125
36355,1.240234375,1.19140625,-0.263671875,-0.400390625
36356,1.0546875,1.181640625,-0.33203125,-0.234375
36357,1.220703125,1.30859375,-0.068359375,-0.3125
36358,1.171875,1.201171875,-0.2734375,-0.3515625
36359,1.11328125,1.09375,-0.302734375,-0.2734375
36360,1.15234375,1.1328125,-0.2734375,-0.224609375
36361,1.181640625,1.162109375,-0.283203125,-0.068359375
36362,1.201171875,1.19140625,-0.322265625,-0.390625
36363,1.201171875,1.30859375,-0.33203125,-0.283203125
36364,1.142578125,1.181640625,-0.2734375,-0.1171875
36365,1.103515625,1.162109375,-0.322265625,-0.478515625
36366,1.181640625,1.201171875,-0.41015625,-0.263671875
36367,1.181640625,1.15234375,-0.2734375,-0.302734375
36368,1.19140625,1.142578125,-0.29296875,-0.3515625
36369,1.2109375,1.162109375,-0.341796875,-0.302734375
36370,1.19140625,1.142578125,-0.380859375,-0.21484375
36371,1.19140625,1.181640625,-0.341796875,-0.29296875
36372,1.201171875,1.201171875,-0.2734375,-0.2734375
36373,1.142578125,1.19140625,-0.2734375,-0.302734375
36374,1.220703125,1.181640625,-0.361328125,-0.37109375
36375,1.15234375,1.142578125,-0.361328125,-0.37109375
36376,1.220703125,1.142578125,-0.390625,-0.302734375
36377,1.2109375,1.15234375,-0.37109375,-0.21484375
36378,1.19140625,1.259765625,-0.2734375,-0.29296875
36379,1.19140625,1.279296875,-0.224609375,-0.21484375
36380,1.19140625,1.181640625,-0.322265625,-0.166015625
36381,1.083984375,1.142578125,-0.302734375,-0.302734375
36382,1.201171875,1.259765625,-0.25390625,-0.33203125
36383,1.337890625,1.181640625,-0.33203125,-0.41015625
36384,1.259765625,1.298828125,-0.21484375,-0.33203125
36385,1.2109375,1.201171875,-0.224609375,-0.302734375
36386,1.30859375,1.23046875,-0.33203125,-0.419921875
36387,1.181640625,1.181640625,-0.341796875,-0.2734375
36388,1.15234375,1.171875,-0.400390625,-0.361328125
36389,1.240234375,1.201171875,-0.224609375,-0.3125
36390,1.220703125,1.064453125,-0.322265625,-0.283203125
36391,1.240234375,1.220703125,-0.283203125,-0.234375
36392,1.171875,1.19140625,-0.224609375,-0.17578125
36393,1.171875,1.11328125,-0.33203125,-0.224609375
36394,1.259765625,1.240234375,-0.29296875,-0.380859375
36395,1.25,1.220703125,-0.244140625,-0.29296875
36396,1.337890625,1.09375,-0.263671875,-0.3125
36397,1.279296875,1.1328125,-0.37109375,-0.244140625
36398,1.2109375,1.19140625,-0.15625,-0.380859375
36399,1.2109375,1.259765625,-0.21484375,-0.263671875
36400,1.26953125,1.279296875,-0.185546875,-0.283203125
36401,1.15234375,1.19140625,-0.29296875,-0.1953125
36402,1.318359375,1.416015625,-0.283203125,-0.302734375
36403,1.23046875,1.259765625,-0.09765625,-0.380859375
36404,1.220703125,1.201171875,-0.2734375,-0.263671875
36405,1.220703125,1.201171875,-0.1953125,-0.37109375
36406,1.26953125,1.19140625,-0.25390625,-0.25390625
36407,1.26953125,1.171875,-0.25390625,-0.302734375
36408,1.318359375,1.23046875,-0.224609375,-0.3125
36409,1.279296875,1.2109375,-0.2734375,-0.283203125
36410,1.3671875,1.220703125,-0.25390625,-0.185546875
36411,1.298828125,1.279296875,-0.244140625,-0.37109375
36412,1.279296875,1.09375,-0.25390625,-0.29296875
36413,1.318359375,1.25,-0.17578125,-0.068359375
36414,1.30859375,1.220703125,-0.283203125,-0.341796875
36415,1.23046875,1.240234375,-0.400390625,-0.263671875
36416,1.259765625,1.171875,-0.234375,-0.322265625
36417,1.2109375,1.23046875,-0.25390625,-0.33203125
36418,1.19140625,1.15234375,-0.146484375,-0.400390625
36419,1.240234375,1.15234375,-0.29296875,-0.2734375
36420,1.220703125,1.240234375,-0.234375,-0.400390625
36421,1.30859375,1.220703125,-0.224609375,-0.341796875
36422,1.1328125,1.15234375,-0.2734375,-0.3515625
36423,1.171875,1.181640625,-0.234375,-0.185546875
36424,1.259765625,1.171875,-0.283203125,-0.37109375
36425,1.201171875,1.171875,-0.107421875,-0.478515625
36426,1.23046875,1.201171875,-0.283203125,-0.48828125
36427,1.30859375,1.2109375,-0.302734375,-0.3125
36428,1.259765625,1.220703125,-0.09765625,-0.576171875
36429,1.396484375,1.2109375,-0.2734375,-0.400390625
36430,1.26953125,1.26953125,-0.13671875,-0.400390625
36431,1.26953125,1.220703125,-0.21484375,-0.302734375
36432,1.3671875,1.2890625,-0.283203125,-0.2734375
36433,1.318359375,1.103515625,-0.322265625,-0.341796875
36434,1.201171875,1.25,-0.33203125,-0.48828125
36435,1.30859375,1.15234375,-0.322265625,-0.517578125
36436,1.34765625,1.09375,-0.33203125,-0.322265625
36437,1.259765625,1.220703125,-0.244140625,-0.44921875
36438,1.298828125,1.181640625,-0.2734375,-0.3125
36439,1.201171875,1.220703125,-0.185546875,-0.3515625
36440,1.34765625,1.103515625,-0.25390625,-0.3125
36441,1.26953125,1.201171875,-0.29296875,-0.419921875
36442,1.259765625,1.142578125,-0.322265625,-0.4296875
36443,1.259765625,1.103515625,-0.2734375,-0.400390625
36444,1.328125,1.181640625,-0.17578125,-0.380859375
36445,1.318359375,1.2890625,-0.185546875,-0.341796875
36446,1.2109375,1.259765625,-0.244140625,-0.29296875
36447,1.201171875,1.162109375,-0.1953125,-0.400390625
36448,1.34765625,1.2109375,-0.244140625,-0.33203125
36449,1.259765625,1.171875,-0.166015625,-0.29296875
36450,1.240234375,1.2109375,-0.302734375,-0.25390625
36451,1.25,1.2109375,-0.302734375,-0.322265625
36452,1.30859375,1.103515625,-0.283203125,-0.3515625
36453,1.259765625,1.171875,-0.341796875,-0.400390625
36454,1.298828125,1.11328125,-0.341796875,-0.3125
36455,1.171875,1.123046875,-0.302734375,-0.283203125
36456,1.15234375,1.181640625,-0.25390625,-0.3125
36457,1.279296875,1.259765625,-0.302734375,-0.29296875
36458,1.171875,1.083984375,-0.302734375,-0.3515625
36459,1.171875,1.171875,-0.302734375,-0.615234375
36460,1.2109375,1.083984375,-0.263671875,-0.3125
36461,1.240234375,1.240234375,-0.205078125,-0.37109375
36462,1.15234375,1.171875,-0.185546875,-0.400390625
36463,1.1328125,1.083984375,-0.224609375,-0.37109375
36464,1.201171875,1.07421875,-0.302734375,-0.361328125
36465,1.201171875,1.07421875,-0.1953125,-0.185546875
36466,1.07421875,1.2109375,-0.224609375,-0.361328125
36467,1.19140625,1.15234375,-0.361328125,-0.380859375
36468,1.240234375,1.11328125,-0.302734375,-0.37109375
36469,1.162109375,1.142578125,-0.126953125,-0.263671875
36470,1.2109375,0.95703125,-0.322265625,-0.283203125
36471,1.201171875,1.142578125,-0.15625,-0.419921875
36472,1.328125,1.2890625,-0.263671875,-0.283203125
36473,1.25,1.09375,-0.322265625,-0.302734375
36474,1.240234375,1.123046875,-0.25390625,-0.400390625
36475,1.123046875,1.142578125,-0.263671875,-0.478515625
36476,1.240234375,1.0546875,-0.341796875,-0.3515625
36477,1.23046875,1.1328125,-0.17578125,-0.44921875
36478,1.162109375,1.142578125,-0.263671875,-0.380859375
36479,1.259765625,1.19140625,-0.126953125,-0.3515625
36480,1.220703125,1.171875,-0.234375,-0.498046875
36481,1.19140625,1.07421875,-0.2734375,-0.380859375
36482,1.2109375,1.2109375,-0.263671875,-0.361328125
36483,1.240234375,1.123046875,-0.224609375,-0.556640625
36484,1.26953125,1.220703125,-0.302734375,-0.380859375
36485,1.123046875,1.181640625,-0.390625,-0.380859375
36486,1.181640625,1.142578125,-0.361328125,-0.439453125
36487,1.09375,1.103515625,-0.2734375,-0.283203125
36488,1.201171875,1.2890625,-0.166015625,-0.46875
36489,1.2109375,1.123046875,-0.21484375,-0.3125
36490,1.07421875,1.171875,-0.126953125,-0.439453125
36491,1.15234375,1.25,-0.21484375,-0.361328125
36492,1.259765625,1.201171875,-0.302734375,-0.498046875
36493,1.220703125,1.1328125,-0.185546875,-0.361328125
36494,1.279296875,1.171875,-0.0390625,-0.322265625
36495,1.15234375,1.220703125,-0.107421875,-0.322265625
36496,1.328125,1.181640625,-0.146484375,-0.546875
36497,1.181640625,1.044921875,-0.25390625,-0.37109375
36498,1.15234375,1.337890625,-0.361328125,-0.439453125
36499,1.1328125,1.19140625,-0.234375,-0.15625
36500,1.259765625,1.2890625,-0.224609375,-0.29296875
36501,1.23046875,1.19140625,-0.29296875,-0.390625
36502,1.23046875,1.103515625,-0.146484375,-0.25390625
36503,1.40625,1.083984375,-0.17578125,-0.380859375
36504,1.240234375,1.1328125,-0.263671875,-0.41015625
36505,1.171875,1.181640625,-0.41015625,-0.33203125
36506,1.240234375,1.142578125,-0.25390625,-0.3515625
36507,1.201171875,1.15234375,-0.322265625,-0.322265625
36508,1.171875,1.064453125,-0.302734375,-0.3515625
36509,1.240234375,1.142578125,-0.322265625,-0.33203125
36510,1.220703125,1.15234375,-0.234375,-0.390625
36511,1.201171875,1.064453125,-0.283203125,-0.302734375
36512,1.40625,1.201171875,-0.341796875,-0.37109375
36513,1.220703125,1.171875,-0.3125,-0.341796875
36514,1.30859375,1.15234375,-0.302734375,-0.478515625
36515,1.2109375,1.07421875,-0.107421875,-0.37109375
36516,1.220703125,1.337890625,-0.341796875,-0.361328125
36517,1.26953125,1.03515625,-0.29296875,-0.3515625
36518,1.23046875,1.15234375,-0.25390625,-0.361328125
36519,1.23046875,1.03515625,-0.341796875,-0.439453125
36520,1.2109375,1.09375,-0.283203125,-0.5078125
36521,1.23046875,1.044921875,-0.25390625,-0.37109375
36522,1.259765625,1.07421875,-0.224609375,-0.33203125
36523,1.181640625,1.123046875,-0.2734375,-0.263671875
36524,1.298828125,1.11328125,-0.244140625,-0.44921875
36525,1.26953125,1.0546875,-0.498046875,-0.41015625
36526,1.279296875,1.005859375,-0.283203125,-0.283203125
36527,1.318359375,1.103515625,-0.25390625,-0.341796875
36528,1.26953125,1.103515625,-0.234375,-0.341796875
36529,1.25,1.083984375,-0.341796875,-0.390625
36530,1.240234375,1.07421875,-0.21484375,-0.390625
36531,1.2890625,1.15234375,-0.09765625,-0.283203125
36532,1.23046875,1.025390625,-0.244140625,-0.33203125
36533,1.279296875,1.07421875,-0.263671875,-0.37109375
36534,1.259765625,1.11328125,-0.21484375,-0.283203125
36535,1.357421875,1.005859375,-0.234375,-0.234375
36536,1.19140625,1.044921875,-0.185546875,-0.33203125
36537,1.26953125,1.03515625,-0.21484375,-0.3125
36538,1.259765625,0.947265625,-0.302734375,-0.283203125
36539,1.25,1.015625,-0.3125,-0.1953125
36540,1.220703125,1.0546875,-0.263671875,-0.341796875
36541,1.23046875,0.99609375,-0.205078125,-0.25390625
36542,1.171875,1.123046875,-0.234375,-0.224609375
36543,1.259765625,1.0546875,-0.29296875,-0.3125
36544,1.142578125,0.8984375,-0.29296875,-0.302734375
36545,1.11328125,0.986328125,-0.263671875,-0.380859375
36546,1.240234375,1.07421875,-0.2734375,-0.33203125
36547,1.259765625,1.044921875,-0.185546875,-0.224609375
36548,1.240234375,1.07421875,-0.224609375,-0.3125
36549,1.15234375,1.005859375,-0.1953125,-0.3125
36550,1.171875,1.064453125,-0.341796875,-0.3125
36551,1.240234375,1.015625,-0.1953125,-0.126953125
36552,1.1328125,1.044921875,-0.146484375,-0.283203125
36553,1.201171875,1.123046875,-0.1953125,-0.33203125
36554,1.279296875,1.025390625,-0.234375,-0.4296875
36555,1.220703125,1.25,-0.322265625,-0.29296875
36556,1.25,0.966796875,-0.3125,-0.341796875
36557,1.259765625,1.025390625,-0.21484375,-0.13671875
36558,1.23046875,0.791015625,-0.234375,-0.29296875
36559,1.25,1.044921875,-0.25390625,-0.33203125
36560,1.181640625,1.005859375,-0.361328125,-0.361328125
36561,1.2109375,1.07421875,-0.25390625,-0.33203125
36562,1.23046875,0.9765625,-0.15625,-0.41015625
36563,1.30859375,1.07421875,-0.234375,-0.09765625
36564,1.26953125,1.005859375,-0.185546875,-0.29296875
36565,1.25,0.986328125,-0.2734375,-0.244140625
36566,1.298828125,1.0546875,-0.263671875,-0.33203125
36567,1.26953125,1.07421875,-0.25390625,-0.3125
36568,1.15234375,1.123046875,-0.322265625,-0.3125
36569,1.03515625,1.09375,-0.1953125,-0.263671875
36570,1.259765625,1.171875,-0.21484375,-0.380859375
36571,1.162109375,1.03515625,-0.2734375,-0.380859375
36572,1.1328125,1.025390625,-0.166015625,-0.380859375
36573,1.0546875,1.025390625,-0.15625,-0.224609375
36574,1.15234375,0.791015625,-0.205078125,-0.283203125
36575,1.123046875,1.005859375,-0.224609375,-0.322265625
36576,1.298828125,0.95703125,-0.2734375,-0.234375
36577,1.1328125,1.07421875,-0.302734375,-0.234375
36578,1.142578125,1.0546875,-0.205078125,-0.419921875
36579,1.1328125,0.947265625,-0.224609375,-0.283203125
36580,1.2890625,1.015625,-0.37109375,-0.2734375
36581,1.2890625,1.0546875,-0.234375,-0.390625
36582,1.259765625,1.09375,-0.224609375,-0.2734375
36583,1.201171875,1.03515625,-0.244140625,-0.25390625
36584,1.23046875,0.9765625,-0.205078125,-0.361328125
36585,1.09375,1.09375,-0.2734375,-0.361328125
36586,1.2109375,0.95703125,-0.244140625,-0.322265625
36587,1.171875,1.07421875,-0.25390625,-0.302734375
36588,1.2109375,1.015625,-0.205078125,-0.4296875
36589,1.30859375,1.123046875,-0.1171875,-0.37109375
36590,1.220703125,1.0546875,-0.25390625,-0.400390625
36591,1.23046875,0.927734375,-0.224609375,-0.146484375
36592,1.23046875,0.91796875,-0.33203125,-0.263671875
36593,1.19140625,1.07421875,-0.25390625,-0.439453125
36594,1.09375,1.09375,-0.25390625,-0.3125
36595,1.181640625,0.927734375,-0.29296875,-0.302734375
36596,1.2109375,1.015625,-0.17578125,-0.41015625
36597,1.2109375,1.09375,-0.263671875,-0.302734375
36598,1.201171875,1.064453125,-0.17578125,-0.322265625
36599,1.201171875,1.03515625,-0.234375,-0.52734375
36600,1.25,1.044921875,-0.234375,-0.29296875
36601,1.2109375,1.0546875,-0.205078125,-0.29296875
36602,1.181640625,1.03515625,-0.263671875,-0.29296875
36603,1.26953125,0.99609375,-0.263671875,-0.29296875
36604,1.201171875,1.005859375,-0.15625,-0.25390625
36605,1.201171875,1.1328125,-0.302734375,-0.283203125
36606,1.279296875,1.11328125,-0.17578125,-0.37109375
36607,1.2109375,1.005859375,-0.224609375,-0.283203125
36608,1.220703125,1.142578125,-0.283203125,-0.380859375
36609,1.259765625,1.103515625,-0.2734375,-0.1171875
36610,1.15234375,1.103515625,-0.283203125,-0.283203125
36611,1.318359375,1.171875,-0.185546875,-0.21484375
36612,1.123046875,1.103515625,-0.205078125,-0.458984375
36613,1.220703125,1.015625,-0.25390625,-0.263671875
36614,1.220703125,1.015625,-0.29296875,-0.263671875
36615,1.201171875,1.083984375,-0.234375,-0.244140625
36616,1.015625,1.123046875,-0.185546875,-0.283203125
36617,1.1328125,1.162109375,-0.146484375,-0.3515625
36618,1.240234375,1.103515625,-0.263671875,-0.283203125
36619,1.162109375,1.064453125,-0.21484375,-0.29296875
36620,1.19140625,1.25,-0.21484375,-0.29296875
36621,1.240234375,1.07421875,-0.166015625,-0.380859375
36622,1.220703125,1.103515625,-0.205078125,-0.283203125
36623,1.23046875,0.99609375,-0.15625,-0.185546875
36624,1.1328125,1.064453125,-0.244140625,-0.302734375
36625,1.220703125,1.337890625,-0.13671875,-0.263671875
36626,1.259765625,1.240234375,-0.146484375,-0.224609375
36627,1.123046875,1.0546875,-0.205078125,-0.4296875
36628,1.25,1.1328125,-0.244140625,-0.33203125
36629,1.220703125,1.005859375,-0.302734375,-0.283203125
36630,1.220703125,1.103515625,-0.244140625,-0.41015625
36631,1.220703125,1.142578125,-0.224609375,-0.3125
36632,1.220703125,1.1328125,-0.244140625,-0.29296875
36633,1.259765625,1.09375,-0.1953125,-0.33203125
36634,1.162109375,1.181640625,-0.234375,-0.3125
36635,1.171875,0.888671875,-0.3125,-0.302734375
36636,1.181640625,1.15234375,-0.244140625,-0.341796875
36637,1.30859375,1.07421875,-0.29296875,-0.302734375
36638,1.171875,1.318359375,-0.09765625,-0.302734375
36639,1.15234375,1.044921875,-0.234375,-0.390625
36640,1.142578125,1.015625,-0.21484375,-0.302734375
36641,1.2109375,1.142578125,-0.17578125,-0.15625
36642,1.171875,1.064453125,-0.13671875,-0.341796875
36643,1.220703125,1.1328125,-0.244140625,-0.21484375
36644,1.162109375,0.986328125,-0.166015625,-0.185546875
36645,1.15234375,1.044921875,-0.234375,-0.3125
36646,1.19140625,1.09375,-0.25390625,-0.185546875
36647,1.220703125,1.015625,-0.13671875,-0.166015625
36648,1.23046875,1.142578125,-0.1953125,-0.1953125
36649,1.083984375,1.26953125,-0.234375,-0.205078125
36650,1.259765625,1.416015625,-0.146484375,-0.205078125
36651,1.09375,1.11328125,-0.2734375,-0.126953125
36652,1.171875,1.083984375,-0.21484375,-0.234375
36653,1.181640625,1.103515625,-0.283203125,-0.234375
36654,1.240234375,1.103515625,-0.185546875,-0.33203125
36655,1.171875,1.103515625,-0.263671875,-0.263671875
36656,1.181640625,1.07421875,-0.263671875,-0.283203125
36657,1.2109375,1.09375,-0.322265625,-0.3125
36658,1.25,1.03515625,-0.380859375,-0.283203125
36659,1.279296875,1.103515625,-0.302734375,-0.283203125
36660,1.298828125,1.1328125,-0.185546875,-0.17578125
36661,1.259765625,1.064453125,-0.3125,-0.302734375
36662,1.171875,1.07421875,-0.25390625,-0.2734375
36663,1.142578125,1.083984375,-0.25390625,-0.25390625
36664,1.181640625,1.09375,-0.21484375,-0.234375
36665,1.162109375,1.15234375,-0.44921875,-0.234375
36666,1.2109375,1.044921875,-0.3515625,-0.17578125
36667,1.279296875,1.083984375,-0.283203125,-0.2734375
36668,1.240234375,1.11328125,-0.322265625,-0.244140625
36669,1.328125,0.9765625,-0.341796875,-0.341796875
36670,1.240234375,1.083984375,-0.322265625,-0.205078125
36671,1.26953125,1.123046875,-0.4296875,-0.2734375
36672,1.259765625,1.19140625,-0.205078125,-0.224609375
36673,1.30859375,1.09375,-0.263671875,-0.478515625
36674,1.201171875,1.1328125,-0.2734375,-0.21484375
36675,1.25,1.064453125,-0.1171875,-0.1953125
36676,1.240234375,1.11328125,-0.341796875,-0.0390625
36677,1.181640625,1.2109375,-0.322265625,-0.244140625
36678,1.19140625,1.09375,-0.17578125,-0.244140625
36679,1.1328125,1.11328125,-0.234375,-0.205078125
36680,1.123046875,1.09375,-0.224609375,-0.283203125
36681,1.1328125,1.025390625,-0.234375,-0.283203125
36682,1.1328125,1.083984375,-0.244140625,-0.263671875
36683,1.19140625,1.0546875,-0.283203125,-0.2734375
36684,1.123046875,1.19140625,-0.44921875,-0.283203125
36685,1.201171875,1.07421875,-0.263671875,-0.263671875
36686,1.2109375,1.26953125,-0.29296875,-0.21484375
36687,1.11328125,0.80078125,-0.29296875,-0.283203125
36688,1.171875,1.103515625,-0.234375,-0.4296875
36689,1.142578125,1.0546875,-0.244140625,-0.302734375
36690,1.142578125,1.181640625,-0.205078125,-0.244140625
36691,1.171875,1.123046875,-0.1953125,-0.234375
36692,1.162109375,1.025390625,-0.21484375,-0.1953125
36693,1.142578125,1.19140625,-0.33203125,-0.185546875
36694,1.142578125,1.123046875,-0.17578125,-0.25390625
36695,1.181640625,1.2109375,-0.29296875,-0.1953125
36696,1.11328125,0.9765625,-0.25390625,-0.29296875
36697,1.162109375,1.103515625,-0.224609375,-0.224609375
36698,1.220703125,1.07421875,-0.205078125,-0.3515625
36699,1.162109375,1.07421875,-0.390625,-0.234375
36700,1.2109375,1.11328125,-0.21484375,-0.302734375
36701,1.220703125,1.07421875,-0.263671875,-0.25390625
36702,1.181640625,1.15234375,-0.224609375,-0.234375
36703,1.19140625,1.0546875,-0.21484375,-0.2734375
36704,1.23046875,1.15234375,-0.322265625,-0.146484375
36705,1.15234375,1.181640625,-0.068359375,-0.29296875
36706,1.142578125,1.09375,-0.283203125,-0.205078125
36707,1.2109375,0.927734375,-0.15625,-0.224609375
36708,1.1328125,1.142578125,-0.244140625,-0.1953125
36709,1.19140625,1.103515625,-0.2734375,-0.234375
36710,1.11328125,0.99609375,-0.1953125,-0.21484375
36711,1.142578125,1.064453125,-0.09765625,-0.263671875
36712,1.083984375,1.171875,-0.244140625,-0.2734375
36713,1.03515625,1.064453125,-0.166015625,-0.126953125
36714,1.11328125,1.279296875,-0.13671875,-0.234375
36715,1.0546875,1.044921875,-0.205078125,-0.263671875
36716,1.162109375,1.083984375,-0.25390625,-0.2734375
36717,1.09375,1.123046875,-0.15625,-0.302734375
36718,1.044921875,1.11328125,-0.244140625,-0.1953125
36719,1.15234375,1.19140625,-0.29296875,-0.2734375
36720,1.19140625,1.26953125,-0.29296875,-0.185546875
36721,1.220703125,1.123046875,-0.21484375,-0.341796875
36722,1.201171875,1.15234375,-0.21484375,-0.205078125
36723,1.279296875,1.19140625,-0.21484375,-0.2734375
36724,1.2890625,1.07421875,-0.15625,-0.234375
36725,1.298828125,1.171875,-0.21484375,-0.302734375
36726,1.23046875,1.240234375,-0.1953125,-0.25390625
36727,1.19140625,1.201171875,-0.185546875,-0.1953125
36728,1.23046875,1.1328125,-0.21484375,-0.302734375
36729,1.2109375,1.26953125,-0.087890625,-0.185546875
36730,1.25,1.19140625,-0.17578125,-0.439453125
36731,1.19140625,1.220703125,-0.166015625,-0.244140625
36732,1.1328125,1.23046875,-0.361328125,-0.244140625
36733,1.19140625,1.083984375,-0.234375,-0.263671875
36734,1.2890625,1.15234375,-0.21484375,-0.244140625
36735,1.123046875,1.07421875,-0.2734375,-0.25390625
36736,1.171875,1.19140625,-0.13671875,-0.166015625
36737,1.142578125,1.15234375,-0.205078125,-0.234375
36738,1.23046875,1.26953125,-0.302734375,-0.21484375
36739,1.19140625,1.220703125,-0.263671875,-0.25390625
36740,1.19140625,1.171875,-0.205078125,-0.25390625
36741,1.201171875,1.26953125,-0.205078125,-0.244140625
36742,1.23046875,1.07421875,-0.185546875,-0.2734375
36743,1.298828125,1.220703125,-0.25390625,-0.341796875
36744,1.162109375,1.103515625,-0.17578125,-0.25390625
36745,1.2109375,1.123046875,-0.341796875,-0.4296875
36746,1.181640625,1.201171875,-0.244140625,-0.2734375
36747,1.240234375,1.259765625,-0.224609375,-0.29296875
36748,1.19140625,1.298828125,-0.234375,-0.302734375
36749,1.2109375,1.15234375,-0.244140625,-0.25390625
36750,1.142578125,1.220703125,-0.3125,-0.25390625
36751,1.25,1.162109375,-0.25390625,-0.234375
36752,1.3671875,1.19140625,-0.25390625,-0.234375
36753,1.015625,1.1328125,-0.224609375,-0.244140625
36754,1.181640625,1.1328125,-0.068359375,-0.341796875
36755,1.2109375,1.181640625,-0.17578125,-0.15625
36756,1.240234375,1.220703125,-0.09765625,-0.3125
36757,1.19140625,1.11328125,-0.21484375,-0.37109375
36758,1.240234375,1.15234375,-0.13671875,-0.25390625
36759,1.162109375,1.015625,-0.15625,-0.25390625
36760,1.171875,1.07421875,-0.17578125,-0.302734375
36761,1.201171875,1.171875,-0.126953125,-0.5078125
36762,1.19140625,1.220703125,-0.185546875,-0.3125
36763,1.162109375,1.15234375,-0.087890625,-0.244140625
36764,1.2109375,1.19140625,-0.15625,-0.1953125
36765,1.1328125,1.240234375,-0.166015625,-0.244140625
36766,1.220703125,1.171875,-0.205078125,-0.25390625
36767,1.181640625,1.240234375,-0.17578125,-0.3515625
36768,1.328125,1.2109375,-0.2734375,-0.361328125
36769,1.201171875,1.19140625,-0.390625,-0.244140625
36770,1.201171875,1.19140625,-0.244140625,0.0390625
36771,1.40625,1.2109375,-0.322265625,-0.048828125
36772,1.220703125,1.201171875,-0.41015625,-0.244140625
36773,1.201171875,1.162109375,-0.25390625,-0.2734375
36774,1.15234375,1.201171875,-0.25390625,-0.224609375
36775,1.19140625,1.162109375,-0.263671875,-0.25390625
36776,1.083984375,1.171875,-0.25390625,-0.458984375
36777,1.220703125,1.240234375,-0.21484375,-0.21484375
36778,1.240234375,1.25,-0.29296875,-0.244140625
36779,1.162109375,1.11328125,-0.263671875,-0.263671875
36780,1.220703125,1.171875,-0.25390625,-0.2734375
36781,1.181640625,1.005859375,-0.3515625,-0.2734375
36782,1.201171875,1.142578125,-0.419921875,-0.234375
36783,1.162109375,1.1328125,-0.263671875,-0.224609375
36784,1.298828125,1.103515625,-0.3125,-0.283203125
36785,1.201171875,1.123046875,-0.322265625,-0.25390625
36786,1.259765625,1.171875,-0.322265625,-0.322265625
36787,1.07421875,1.171875,-0.21484375,-0.263671875
36788,1.2109375,1.2890625,-0.361328125,-0.458984375
36789,1.30859375,1.103515625,-0.25390625,-0.224609375
36790,1.11328125,1.142578125,-0.3515625,-0.263671875
36791,1.240234375,1.103515625,-0.25390625,-0.263671875
36792,1.23046875,1.201171875,-0.322265625,-0.2734375
36793,1.2109375,1.11328125,-0.37109375,-0.29296875
36794,1.25,1.220703125,-0.361328125,-0.263671875
36795,1.181640625,1.19140625,-0.244140625,-0.302734375
36796,1.181640625,1.15234375,-0.380859375,-0.302734375
36797,1.171875,1.142578125,-0.1953125,-0.400390625
36798,1.15234375,1.19140625,-0.3125,-0.107421875
36799,1.142578125,1.2890625,-0.380859375,-0.322265625
36800,1.142578125,1.259765625,-0.3125,-0.25390625
36801,1.298828125,1.09375,-0.322265625,-0.166015625
36802,1.279296875,1.142578125,-0.25390625,-0.283203125
36803,1.220703125,1.318359375,-0.2734375,-0.244140625
36804,1.328125,1.1328125,-0.3125,-0.244140625
36805,1.2109375,1.34765625,-0.244140625,-0.244140625
36806,1.181640625,1.201171875,-0.185546875,-0.263671875
36807,1.2890625,1.171875,-0.263671875,-0.400390625
36808,1.298828125,1.083984375,-0.2734375,-0.302734375
36809,1.181640625,1.435546875,-0.2734375,-0.283203125
36810,1.103515625,1.181640625,-0.244140625,-0.322265625
36811,1.23046875,1.201171875,-0.29296875,-0.29296875
36812,1.26953125,1.162109375,0,-0.341796875
36813,1.259765625,1.23046875,-0.234375,-0.2734375
36814,1.201171875,1.3671875,-0.244140625,-0.283203125
36815,1.2109375,1.240234375,-0.234375,-0.3515625
36816,1.25,1.162109375,-0.3515625,-0.3125
36817,1.23046875,1.064453125,-0.33203125,-0.341796875
36818,1.181640625,1.19140625,-0.205078125,-0.380859375
36819,1.259765625,1.23046875,-0.185546875,-0.341796875
36820,1.201171875,1.083984375,-0.21484375,-0.3515625
36821,1.162109375,1.279296875,-0.205078125,-0.361328125
36822,1.2890625,1.2109375,-0.21484375,-0.29296875
36823,1.07421875,1.171875,-0.234375,-0.29296875
36824,1.25,1.30859375,-0.17578125,-0.361328125
36825,1.279296875,1.26953125,-0.17578125,-0.33203125
36826,1.259765625,1.240234375,-0.1171875,-0.3125
36827,1.25,1.162109375,-0.224609375,-0.302734375
36828,1.259765625,1.2109375,-0.234375,-0.263671875
36829,1.240234375,1.259765625,-0.234375,-0.2734375
36830,1.328125,1.2109375,-0.3125,-0.3515625
36831,1.376953125,1.30859375,-0.205078125,-0.33203125
36832,1.26953125,1.123046875,-0.234375,-0.33203125
36833,1.23046875,1.171875,-0.263671875,-0.29296875
36834,1.435546875,1.171875,-0.15625,-0.17578125
36835,1.416015625,1.162109375,-0.3515625,-0.3125
36836,1.298828125,1.07421875,-0.185546875,-0.341796875
36837,1.337890625,1.1328125,-0.263671875,-0.33203125
36838,1.357421875,1.181640625,-0.244140625,-0.33203125
36839,1.328125,1.240234375,-0.244140625,-0.33203125
36840,1.2890625,1.279296875,-0.25390625,-0.205078125
36841,1.3671875,1.26953125,-0.234375,-0.224609375
36842,1.30859375,1.19140625,-0.400390625,-0.322265625
36843,1.3671875,1.259765625,-0.322265625,-0.361328125
36844,1.240234375,1.220703125,-0.1953125,-0.224609375
36845,1.25,1.25,-0.205078125,-0.29296875
36846,1.25,1.162109375,-0.205078125,-0.29296875
36847,1.11328125,1.259765625,-0.185546875,-0.107421875
36848,1.298828125,1.220703125,-0.29296875,-0.302734375
36849,1.26953125,1.220703125,-0.05859375,-0.341796875
36850,1.30859375,1.220703125,-0.29296875,-0.322265625
36851,1.2890625,1.2890625,-0.224609375,-0.2734375
36852,1.25,1.328125,-0.1953125,-0.283203125
36853,1.240234375,1.26953125,-0.205078125,-0.17578125
36854,1.328125,1.220703125,-0.29296875,-0.361328125
36855,1.2890625,1.181640625,-0.29296875,-0.3515625
36856,1.23046875,1.220703125,-0.15625,-0.25390625
36857,1.201171875,1.240234375,-0.29296875,-0.361328125
36858,1.279296875,1.1328125,-0.234375,-0.380859375
36859,1.337890625,1.259765625,-0.244140625,-0.33203125
36860,1.171875,1.30859375,-0.234375,-0.322265625
36861,1.25,1.181640625,-0.283203125,-0.322265625
36862,1.142578125,1.220703125,-0.263671875,-0.283203125
36863,1.30859375,1.064453125,-0.1171875,-0.390625
36864,1.328125,1.259765625,-0.17578125,-0.283203125
36865,1.240234375,1.279296875,-0.2734375,-0.48828125
36866,1.1328125,1.171875,-0.341796875,-0.341796875
36867,1.26953125,1.11328125,-0.263671875,-0.283203125
36868,1.298828125,1.15234375,-0.224609375,-0.3515625
36869,1.298828125,1.11328125,-0.21484375,-0.322265625
36870,1.30859375,1.09375,-0.185546875,-0.41015625
36871,1.15234375,1.1328125,-0.21484375,-0.244140625
36872,1.23046875,1.181640625,-0.244140625,-0.3515625
36873,1.2890625,1.171875,-0.25390625,-0.37109375
36874,1.30859375,1.171875,-0.205078125,-0.5078125
36875,1.240234375,1.07421875,-0.25390625,-0.390625
36876,1.26953125,1.1328125,-0.224609375,-0.361328125
36877,1.279296875,1.171875,-0.21484375,-0.322265625
36878,1.2109375,1.103515625,-0.205078125,-0.361328125
36879,1.328125,1.07421875,-0.37109375,-0.283203125
36880,1.11328125,1.15234375,-0.33203125,-0.263671875
36881,1.34765625,1.064453125,-0.361328125,-0.341796875
36882,1.30859375,1.142578125,-0.33203125,-0.400390625
36883,1.142578125,1.23046875,-0.380859375,-0.29296875
36884,1.259765625,1.181640625,-0.341796875,-0.322265625
36885,1.337890625,1.2109375,-0.283203125,-0.390625
36886,1.201171875,1.15234375,-0.33203125,-0.3125
36887,1.19140625,1.15234375,-0.33203125,-0.263671875
36888,1.220703125,1.3671875,-0.302734375,-0.322265625
36889,1.25,1.142578125,-0.29296875,-0.263671875
36890,1.2890625,1.15234375,-0.283203125,-0.29296875
36891,1.2109375,1.19140625,-0.283203125,-0.224609375
36892,1.259765625,1.142578125,-0.244140625,-0.537109375
36893,1.2109375,1.162109375,-0.244140625,-0.302734375
36894,1.23046875,1.03515625,-0.1171875,-0.546875
36895,1.240234375,1.2109375,-0.244140625,-0.224609375
36896,1.1328125,1.201171875,-0.283203125,-0.390625
36897,1.181640625,1.26953125,-0.205078125,-0.3515625
36898,1.142578125,1.171875,-0.205078125,-0.263671875
36899,1.279296875,1.162109375,-0.21484375,-0.419921875
36900,1.162109375,1.357421875,-0.33203125,-0.361328125
36901,1.11328125,1.2109375,-0.146484375,-0.400390625
36902,1.26953125,1.201171875,-0.2734375,-0.5859375
36903,1.279296875,1.103515625,-0.126953125,-0.400390625
36904,1.2109375,1.19140625,-0.25390625,-0.341796875
36905,1.220703125,1.1328125,-0.263671875,-0.341796875
36906,1.259765625,1.298828125,-0.419921875,-0.361328125
36907,1.171875,1.11328125,-0.302734375,-0.400390625
36908,1.123046875,1.2109375,-0.234375,-0.302734375
36909,1.2109375,1.09375,-0.17578125,-0.361328125
36910,1.19140625,1.044921875,-0.15625,-0.390625
36911,1.162109375,1.240234375,-0.244140625,-0.48828125
36912,1.15234375,1.201171875,-0.302734375,-0.37109375
36913,1.220703125,1.2109375,-0.205078125,-0.3515625
36914,1.259765625,1.171875,-0.21484375,-0.341796875
36915,1.201171875,1.259765625,-0.17578125,-0.341796875
36916,1.181640625,1.142578125,-0.205078125,-0.322265625
36917,1.15234375,1.2109375,-0.341796875,-0.4296875
36918,1.220703125,1.005859375,-0.21484375,-0.322265625
36919,1.181640625,1.142578125,-0.263671875,-0.37109375
36920,1.2890625,1.201171875,-0.244140625,-0.498046875
36921,1.220703125,1.220703125,-0.29296875,-0.419921875
36922,1.181640625,1.220703125,-0.244140625,-0.4296875
36923,1.1328125,1.201171875,-0.205078125,-0.478515625
36924,1.123046875,1.07421875,-0.205078125,-0.41015625
36925,1.26953125,0.99609375,-0.166015625,-0.4296875
36926,1.23046875,1.1328125,-0.224609375,-0.4296875
36927,1.201171875,1.09375,-0.244140625,-0.380859375
36928,1.220703125,1.1328125,-0.234375,-0.4296875
36929,1.34765625,1.07421875,-0.25390625,-0.498046875
36930,1.25,1.2890625,-0.25390625,-0.37109375
36931,1.19140625,1.03515625,-0.185546875,-0.3515625
36932,1.30859375,1.171875,-0.244140625,-0.478515625
36933,1.259765625,1.0546875,-0.25390625,-0.380859375
36934,1.220703125,1.201171875,-0.2734375,-0.400390625
36935,1.23046875,1.064453125,-0.283203125,-0.44921875
36936,1.07421875,1.1328125,-0.25390625,-0.33203125
36937,1.220703125,1.11328125,-0.3125,-0.390625
36938,1.279296875,1.103515625,-0.33203125,-0.478515625
36939,1.318359375,1.03515625,-0.244140625,-0.380859375
36940,1.279296875,1.19140625,-0.146484375,-0.283203125
36941,1.259765625,1.083984375,-0.322265625,-0.37109375
36942,1.142578125,1.044921875,-0.1953125,-0.37109375
36943,1.220703125,1.025390625,-0.21484375,-0.3515625
36944,1.2109375,1.03515625,-0.3125,-0.5078125
36945,1.201171875,1.0546875,-0.2734375,-0.380859375
36946,1.23046875,1.025390625,-0.400390625,-0.390625
36947,1.201171875,1.064453125,-0.302734375,-0.37109375
36948,1.220703125,1.142578125,-0.1953125,-0.322265625
36949,1.357421875,0.927734375,-0.17578125,-0.3515625
36950,1.201171875,1.044921875,-0.244140625,-0.37109375
36951,1.005859375,1.015625,-0.224609375,-0.21484375
36952,1.171875,1.09375,-0.263671875,-0.33203125
36953,1.30859375,1.09375,-0.224609375,-0.361328125
36954,1.162109375,1.103515625,-0.263671875,-0.3125
36955,1.240234375,1.07421875,-0.1953125,-0.341796875
36956,1.23046875,1.083984375,-0.1953125,-0.41015625
36957,1.201171875,1.123046875,-0.21484375,-0.29296875
36958,1.298828125,0.9765625,-0.283203125,-0.341796875
36959,1.240234375,1.064453125,-0.234375,-0.46875
36960,1.2109375,1.123046875,-0.1953125,-0.3125
36961,1.2890625,1.0546875,-0.205078125,-0.302734375
36962,1.25,1.123046875,-0.322265625,-0.537109375
36963,1.318359375,1.064453125,-0.25390625,-0.29296875
36964,1.240234375,1.09375,-0.21484375,-0.361328125
36965,1.240234375,1.123046875,-0.2734375,-0.15625
36966,1.19140625,1.03515625,-0.283203125,-0.3125
36967,1.298828125,1.123046875,-0.146484375,-0.458984375
36968,1.328125,1.025390625,-0.263671875,-0.2734375
36969,1.259765625,1.0546875,-0.234375,-0.244140625
36970,1.044921875,1.11328125,-0.263671875,-0.380859375
36971,1.240234375,0.91796875,-0.17578125,-0.341796875
36972,1.181640625,1.03515625,-0.224609375,-0.283203125
36973,1.240234375,1.025390625,-0.185546875,-0.380859375
36974,1.181640625,0.927734375,-0.234375,-0.322265625
36975,1.23046875,1.0546875,-0.166015625,-0.517578125
36976,1.123046875,1.044921875,-0.29296875,-0.302734375
36977,1.171875,1.044921875,-0.302734375,-0.21484375
36978,1.19140625,1.07421875,-0.2734375,-0.2734375
36979,1.2890625,1.09375,-0.25390625,-0.224609375
36980,1.19140625,1.11328125,-0.126953125,-0.29296875
36981,1.1328125,1.025390625,-0.234375,-0.244140625
36982,1.09375,1.123046875,-0.185546875,-0.2734375
36983,1.23046875,1.025390625,-0.224609375,-0.263671875
36984,1.220703125,1.015625,-0.234375,-0.21484375
36985,1.201171875,0.751953125,-0.283203125,-0.244140625
36986,1.23046875,1.0546875,-0.224609375,-0.322265625
36987,1.220703125,0.9765625,-0.205078125,-0.302734375
36988,1.298828125,0.927734375,-0.29296875,-0.25390625
36989,1.220703125,0.986328125,-0.3125,-0.3125
36990,1.318359375,0.95703125,-0.283203125,-0.3125
36991,1.318359375,1.103515625,-0.205078125,-0.341796875
36992,1.279296875,1.03515625,-0.302734375,-0.400390625
36993,1.240234375,1.015625,-0.224609375,-0.2734375
36994,1.23046875,0.99609375,-0.21484375,-0.234375
36995,1.23046875,1.23046875,-0.2734375,-0.21484375
36996,1.201171875,1.015625,-0.21484375,-0.29296875
36997,1.279296875,1.11328125,-0.15625,-0.29296875
36998,1.162109375,0.87890625,-0.1953125,-0.302734375
36999,1.279296875,1.015625,-0.263671875,-0.3125
37000,1.064453125,1.11328125,-0.244140625,-0.3125
37001,1.123046875,0.947265625,-0.341796875,-0.302734375
37002,1.1328125,1.07421875,-0.33203125,-0.46875
37003,1.201171875,0.87890625,-0.244140625,-0.341796875
37004,1.171875,0.83984375,-0.46875,-0.322265625
37005,1.2109375,1.025390625,-0.21484375,-0.2734375
37006,1.25,0.986328125,-0.166015625,-0.2734375
37007,1.171875,1.005859375,-0.25390625,-0.33203125
37008,1.2109375,1.044921875,-0.3125,-0.205078125
37009,1.2109375,1.0546875,-0.29296875,-0.263671875
37010,1.240234375,0.966796875,-0.263671875,-0.302734375
37011,1.11328125,1.03515625,-0.185546875,-0.3125
37012,1.337890625,1.09375,-0.283203125,-0.25390625
37013,1.220703125,1.181640625,-0.25390625,-0.29296875
37014,1.1328125,1.015625,-0.25390625,-0.33203125
37015,1.318359375,1.025390625,-0.17578125,-0.25390625
37016,1.142578125,0.986328125,-0.17578125,-0.25390625
37017,1.25,1.09375,-0.302734375,-0.224609375
37018,1.123046875,1.0546875,-0.341796875,-0.302734375
37019,1.201171875,1.083984375,-0.283203125,-0.361328125
37020,1.23046875,1.064453125,-0.234375,-0.244140625
37021,1.201171875,1.09375,-0.302734375,-0.400390625
37022,1.15234375,1.07421875,-0.3515625,-0.244140625
37023,1.25,1.09375,-0.224609375,-0.302734375
37024,1.171875,1.09375,-0.25390625,-0.1953125
37025,1.318359375,0.9765625,-0.13671875,-0.341796875
37026,1.220703125,1.15234375,-0.29296875,-0.390625
37027,1.328125,1.083984375,-0.2734375,-0.3125
37028,1.259765625,1.015625,-0.3515625,-0.3515625
37029,1.318359375,1.220703125,-0.29296875,-0.3125
37030,1.19140625,1.09375,-0.244140625,-0.380859375
37031,1.26953125,1.103515625,-0.234375,-0.322265625
37032,1.220703125,1.015625,-0.166015625,-0.234375
37033,1.240234375,1.07421875,-0.166015625,-0.419921875
37034,1.25,1.09375,-0.234375,-0.25390625
37035,1.30859375,1.103515625,-0.3125,-0.283203125
37036,1.30859375,1.025390625,-0.283203125,-0.322265625
37037,1.2109375,1.015625,-0.33203125,-0.33203125
37038,1.25,1.015625,-0.205078125,-0.3515625
37039,1.181640625,1.1328125,-0.205078125,-0.458984375
37040,1.259765625,1.15234375,-0.21484375,-0.322265625
37041,1.2109375,1.09375,-0.1953125,-0.17578125
37042,1.19140625,1.07421875,-0.2734375,-0.3515625
37043,1.171875,1.083984375,-0.205078125,-0.29296875
37044,1.19140625,1.103515625,-0.302734375,-0.29296875
37045,1.279296875,1.09375,-0.1953125,-0.341796875
37046,1.220703125,1.162109375,-0.048828125,-0.302734375
37047,1.220703125,1.025390625,-0.126953125,-0.234375
37048,1.171875,1.064453125,-0.205078125,-0.37109375
37049,1.15234375,1.103515625,-0.263671875,-0.33203125
37050,1.26953125,1.171875,-0.107421875,-0.33203125
37051,1.09375,1.064453125,-0.15625,-0.322265625
37052,1.3671875,1.083984375,-0.224609375,-0.33203125
37053,1.201171875,1.26953125,-0.234375,-0.244140625
37054,1.142578125,1.09375,-0.17578125,-0.185546875
37055,1.220703125,1.201171875,-0.3125,-0.302734375
37056,1.220703125,0.95703125,-0.322265625,-0.25390625
37057,1.181640625,1.07421875,-0.15625,-0.1953125
37058,1.103515625,0.9765625,-0.2734375,-0.3125
37059,1.259765625,1.11328125,-0.3515625,-0.224609375
37060,1.220703125,1.0546875,-0.234375,-0.400390625
37061,1.240234375,0.947265625,-0.224609375,-0.234375
37062,1.201171875,1.11328125,-0.283203125,-0.263671875
37063,1.240234375,1.1328125,-0.263671875,-0.205078125
37064,1.30859375,1.103515625,-0.234375,-0.146484375
37065,1.201171875,1.19140625,-0.33203125,-0.2734375
37066,1.1328125,1.103515625,-0.205078125,-0.361328125
37067,1.23046875,1.083984375,-0.234375,-0.205078125
37068,1.259765625,1.005859375,-0.41015625,-0.283203125
37069,1.201171875,1.044921875,-0.21484375,-0.263671875
37070,1.259765625,1.044921875,-0.17578125,-0.3515625
37071,1.162109375,1.259765625,-0.341796875,-0.263671875
37072,1.171875,1.005859375,-0.185546875,-0.13671875
37073,1.3671875,0.986328125,-0.185546875,-0.25390625
37074,1.2109375,1.083984375,-0.322265625,-0.263671875
37075,1.23046875,1.044921875,-0.09765625,-0.21484375
37076,1.171875,1.11328125,-0.21484375,-0.361328125
37077,1.19140625,1.201171875,-0.087890625,-0.244140625
37078,1.220703125,1.123046875,-0.1953125,-0.146484375
37079,1.220703125,1.044921875,-0.1953125,-0.283203125
37080,1.259765625,1.083984375,-0.1171875,-0.244140625
37081,1.103515625,1.064453125,-0.107421875,-0.263671875
37082,1.064453125,1.07421875,-0.185546875,-0.302734375
37083,1.064453125,1.044921875,-0.2734375,-0.2734375
37084,1.19140625,1.123046875,-0.166015625,-0.15625
37085,1.181640625,1.19140625,-0.146484375,-0.302734375
37086,1.25,1.044921875,-0.185546875,-0.29296875
37087,1.201171875,1.03515625,-0.3515625,-0.17578125
37088,1.044921875,1.064453125,-0.263671875,-0.126953125
37089,1.240234375,1.09375,-0.1171875,-0.25390625
37090,1.083984375,1.064453125,-0.224609375,-0.41015625
37091,1.083984375,1.044921875,-0.25390625,-0.17578125
37092,1.259765625,0.966796875,-0.15625,-0.283203125
37093,1.171875,1.103515625,-0.263671875,-0.234375
37094,1.181640625,1.103515625,-0.234375,-0.17578125
37095,1.181640625,1.23046875,-0.126953125,-0.263671875
37096,1.220703125,1.123046875,-0.3515625,-0.13671875
37097,1.240234375,1.103515625,-0.25390625,-0.283203125
37098,1.220703125,1.044921875,-0.3515625,-0.234375
37099,1.201171875,1.162109375,-0.361328125,-0.166015625
37100,1.2109375,1.15234375,-0.283203125,-0.29296875
37101,1.162109375,1.162109375,-0.205078125,-0.1953125
37102,1.19140625,1.123046875,-0.29296875,-0.244140625
37103,1.142578125,1.09375,-0.25390625,-0.078125
37104,1.328125,0.888671875,-0.15625,-0.2734375
37105,1.25,1.044921875,-0.29296875,-0.166015625
37106,1.259765625,1.103515625,-0.234375,-0.2734375
37107,1.25,1.103515625,-0.29296875,-0.29296875
37108,1.19140625,1.171875,-0.341796875,-0.244140625
37109,1.103515625,1.083984375,-0.263671875,-0.205078125
37110,1.103515625,1.15234375,-0.25390625,-0.234375
37111,1.19140625,1.103515625,-0.205078125,-0.25390625
37112,1.201171875,1.15234375,-0.2734375,-0.21484375
37113,1.103515625,1.09375,-0.21484375,-0.2734375
37114,1.171875,1.162109375,-0.283203125,-0.3125
37115,1.171875,1.1328125,-0.234375,-0.25390625
37116,1.171875,0.91796875,-0.244140625,-0.3125
37117,1.171875,1.0546875,-0.1953125,-0.185546875
37118,1.162109375,1.103515625,-0.3125,-0.21484375
37119,1.1328125,1.025390625,-0.244140625,-0.25390625
37120,1.2109375,1.142578125,-0.263671875,-0.25390625
37121,1.19140625,1.15234375,-0.21484375,-0.25390625
37122,1.07421875,1.201171875,-0.263671875,-0.244140625
37123,1.19140625,1.279296875,-0.302734375,-0.29296875
37124,1.181640625,1.19140625,-0.29296875,-0.283203125
37125,1.240234375,1.11328125,-0.15625,-0.21484375
37126,1.162109375,1.09375,-0.3515625,-0.29296875
37127,1.03515625,1.123046875,-0.224609375,-0.37109375
37128,1.015625,1.1328125,-0.21484375,-0.166015625
37129,1.15234375,1.1328125,-0.224609375,-0.234375
37130,1.259765625,1.15234375,-0.25390625,-0.205078125
37131,1.07421875,1.044921875,-0.185546875,-0.21484375
37132,1.1328125,1.279296875,-0.09765625,-0.224609375
37133,1.23046875,1.123046875,-0.15625,-0.15625
37134,1.2109375,1.162109375,-0.1953125,0.009765625
37135,1.162109375,1.064453125,-0.068359375,-0.283203125
37136,1.0546875,1.162109375,-0.25390625,-0.166015625
37137,1.123046875,1.09375,-0.25390625,-0.244140625
37138,1.19140625,1.162109375,-0.166015625,-0.17578125
37139,1.181640625,1.162109375,-0.15625,-0.25390625
37140,1.2109375,1.162109375,-0.13671875,-0.244140625
37141,1.181640625,1.23046875,-0.244140625,-0.224609375
37142,1.220703125,1.181640625,-0.283203125,-0.166015625
37143,1.1328125,1.201171875,-0.205078125,-0.263671875
37144,1.23046875,1.240234375,-0.17578125,-0.1953125
37145,1.07421875,1.083984375,-0.166015625,-0.29296875
37146,1.15234375,1.044921875,-0.283203125,-0.283203125
37147,1.162109375,1.09375,-0.224609375,-0.25390625
37148,1.181640625,1.09375,-0.33203125,-0.3125
37149,1.25,1.15234375,-0.205078125,-0.068359375
37150,1.11328125,1.279296875,-0.341796875,-0.17578125
37151,1.19140625,1.103515625,-0.341796875,-0.322265625
37152,1.2109375,1.162109375,-0.3125,-0.205078125
37153,1.240234375,1.123046875,-0.263671875,-0.263671875
37154,1.201171875,0.966796875,-0.21484375,-0.087890625
37155,1.201171875,1.083984375,-0.21484375,-0.29296875
37156,1.220703125,1.181640625,-0.263671875,-0.263671875
37157,1.240234375,1.103515625,-0.17578125,-0.21484375
37158,1.19140625,1.11328125,-0.21484375,-0.283203125
37159,1.2109375,1.11328125,-0.263671875,-0.263671875
37160,1.201171875,1.025390625,-0.05859375,-0.3125
37161,1.201171875,1.220703125,-0.17578125,-0.33203125
37162,1.103515625,1.162109375,-0.25390625,-0.244140625
37163,1.201171875,1.15234375,-0.13671875,-0.244140625
37164,1.34765625,1.2109375,-0.263671875,-0.185546875
37165,1.11328125,1.064453125,-0.1953125,-0.283203125
37166,1.259765625,1.162109375,-0.1953125,-0.283203125
37167,1.162109375,1.15234375,-0.205078125,-0.17578125
37168,1.025390625,1.19140625,-0.1953125,-0.234375
37169,1.23046875,1.201171875,-0.234375,-0.224609375
37170,1.142578125,1.181640625,-0.21484375,-0.283203125
37171,1.171875,1.171875,-0.048828125,-0.1953125
37172,1.181640625,1.220703125,-0.224609375,-0.224609375
37173,1.220703125,1.162109375,-0.205078125,-0.146484375
37174,1.25,1.220703125,-0.2734375,-0.234375
37175,1.19140625,1.083984375,-0.234375,-0.25390625
37176,1.103515625,1.123046875,-0.224609375,-0.322265625
37177,1.15234375,1.19140625,-0.13671875,-0.3125
37178,1.25,1.171875,-0.322265625,-0.234375
37179,1.123046875,1.171875,-0.107421875,-0.21484375
37180,1.2109375,1.2109375,-0.185546875,-0.2734375
37181,1.181640625,1.11328125,-0.1953125,-0.3125
37182,1.171875,1.171875,-0.15625,-0.1953125
37183,1.220703125,1.15234375,-0.185546875,-0.234375
37184,1.201171875,1.162109375,-0.17578125,-0.224609375
37185,1.23046875,1.171875,-0.21484375,-0.224609375
37186,1.240234375,1.1328125,-0.283203125,-0.283203125
37187,1.162109375,1.005859375,-0.234375,-0.3125
37188,1.240234375,1.123046875,-0.166015625,-0.263671875
37189,1.1328125,1.15234375,-0.146484375,-0.244140625
37190,1.162109375,1.25,-0.078125,-0.29296875
37191,1.19140625,1.240234375,-0.166015625,-0.302734375
37192,1.201171875,1.201171875,-0.21484375,-0.3515625
37193,1.23046875,1.1328125,-0.05859375,-0.29296875
37194,1.19140625,1.19140625,-0.107421875,-0.1953125
37195,1.2890625,1.240234375,-0.1953125,-0.078125
37196,1.171875,1.2109375,-0.224609375,-0.283203125
37197,1.25,1.201171875,-0.263671875,-0.29296875
37198,1.259765625,1.162109375,-0.25390625,-0.185546875
37199,1.240234375,1.09375,-0.3125,-0.263671875
37200,1.25,1.25,-0.25390625,-0.341796875
37201,1.2109375,1.162109375,-0.29296875,-0.2734375
37202,1.2109375,1.25,-0.283203125,-0.263671875
37203,1.25,1.171875,-0.244140625,-0.361328125
37204,1.279296875,1.19140625,-0.29296875,-0.15625
37205,1.201171875,1.2109375,-0.390625,-0.234375
37206,1.220703125,1.220703125,-0.25390625,-0.400390625
37207,1.26953125,1.2109375,-0.2734375,-0.09765625
37208,1.1328125,1.26953125,-0.126953125,-0.263671875
37209,1.220703125,1.19140625,-0.3125,-0.37109375
37210,1.2109375,1.220703125,-0.263671875,-0.166015625
37211,1.2890625,1.11328125,-0.302734375,-0.29296875
37212,1.240234375,1.162109375,-0.380859375,-0.5078125
37213,1.23046875,1.19140625,-0.302734375,-0.15625
37214,1.220703125,1.2109375,-0.322265625,-0.263671875
37215,1.19140625,1.083984375,-0.2734375,-0.341796875
37216,1.19140625,1.201171875,-0.21484375,-0.234375
37217,1.201171875,1.23046875,-0.3125,-0.283203125
37218,1.240234375,1.2109375,-0.48828125,-0.380859375
37219,1.201171875,1.220703125,-0.283203125,-0.244140625
37220,1.123046875,1.142578125,-0.283203125,-0.263671875
37221,1.201171875,1.171875,-0.283203125,-0.234375
37222,1.1328125,1.25,-0.283203125,-0.078125
37223,1.11328125,1.19140625,-0.224609375,-0.283203125
37224,1.162109375,1.11328125,-0.13671875,-0.25390625
37225,1.15234375,1.2890625,-0.224609375,-0.244140625
37226,1.298828125,1.25,-0.166015625,-0.302734375
37227,1.19140625,1.03515625,-0.17578125,-0.283203125
37228,1.11328125,1.220703125,-0.205078125,-0.244140625
37229,1.23046875,1.142578125,-0.126953125,-0.302734375
37230,1.171875,1.2890625,-0.224609375,-0.224609375
37231,1.15234375,1.2109375,-0.263671875,-0.37109375
37232,1.162109375,1.220703125,-0.21484375,-0.234375
37233,1.26953125,1.083984375,-0.13671875,-0.419921875
37234,1.201171875,1.142578125,-0.224609375,-0.341796875
37235,1.220703125,1.2890625,-0.224609375,-0.2734375
37236,1.23046875,1.26953125,-0.263671875,-0.33203125
37237,1.11328125,1.181640625,-0.205078125,-0.17578125
37238,1.201171875,1.09375,-0.244140625,-0.33203125
37239,1.181640625,1.259765625,-0.33203125,-0.283203125
37240,1.171875,1.181640625,-0.283203125,-0.4296875
37241,1.279296875,1.1328125,-0.263671875,-0.3125
37242,1.26953125,1.15234375,-0.146484375,-0.263671875
37243,1.328125,1.23046875,-0.2734375,-0.244140625
37244,1.337890625,1.142578125,-0.244140625,-0.263671875
37245,1.201171875,1.201171875,-0.33203125,-0.224609375
37246,1.11328125,1.25,-0.283203125,-0.166015625
37247,1.42578125,1.25,-0.244140625,-0.205078125
37248,1.318359375,1.103515625,-0.322265625,-0.224609375
37249,1.220703125,1.25,-0.29296875,-0.41015625
37250,1.328125,1.220703125,-0.283203125,-0.33203125
37251,1.259765625,1.240234375,-0.185546875,-0.302734375
37252,1.357421875,1.181640625,-0.29296875,-0.1171875
37253,1.318359375,1.23046875,-0.15625,-0.25390625
37254,1.30859375,1.25,-0.3125,-0.25390625
37255,1.337890625,1.2109375,-0.224609375,-0.29296875
37256,1.279296875,1.162109375,-0.244140625,-0.2734375
37257,1.337890625,1.337890625,-0.13671875,-0.25390625
37258,1.30859375,1.259765625,-0.29296875,-0.146484375
37259,1.328125,1.26953125,-0.224609375,-0.2734375
37260,1.2890625,1.201171875,-0.419921875,-0.29296875
37261,1.38671875,1.318359375,-0.21484375,-0.205078125
37262,1.396484375,1.259765625,-0.224609375,-0.25390625
37263,1.328125,1.259765625,-0.185546875,-0.224609375
37264,1.416015625,1.298828125,-0.3515625,-0.25390625
37265,1.279296875,1.337890625,-0.234375,-0.29296875
37266,1.376953125,1.259765625,-0.224609375,-0.263671875
37267,1.34765625,1.15234375,-0.400390625,-0.224609375
37268,1.416015625,1.25,-0.224609375,-0.3125
37269,1.337890625,1.142578125,-0.46875,-0.390625
37270,1.357421875,1.26953125,-0.341796875,-0.205078125
37271,1.50390625,1.357421875,-0.25390625,-0.3515625
37272,1.42578125,1.23046875,-0.322265625,-0.322265625
37273,1.30859375,1.2890625,-0.234375,-0.380859375
37274,1.34765625,1.25,-0.205078125,-0.322265625
37275,1.34765625,1.220703125,-0.29296875,-0.3515625
37276,1.259765625,1.1328125,-0.166015625,-0.41015625
37277,1.30859375,1.240234375,-0.29296875,-0.3125
37278,1.357421875,1.25,-0.29296875,-0.390625
37279,1.337890625,1.201171875,-0.205078125,-0.25390625
37280,1.142578125,1.19140625,-0.263671875,-0.33203125
37281,1.357421875,1.34765625,-0.166015625,-0.2734375
37282,1.2890625,1.240234375,-0.205078125,-0.17578125
37283,1.318359375,1.181640625,-0.234375,-0.41015625
37284,1.3671875,1.259765625,-0.244140625,-0.2734375
37285,1.220703125,1.220703125,-0.13671875,-0.33203125
37286,1.3671875,1.23046875,-0.224609375,-0.3515625
37287,1.357421875,1.23046875,-0.166015625,-0.33203125
37288,1.25,1.15234375,-0.29296875,-0.283203125
37289,1.318359375,1.279296875,-0.21484375,-0.44921875
37290,1.1328125,1.2109375,-0.166015625,-0.37109375
37291,1.357421875,1.19140625,-0.302734375,-0.283203125
37292,1.201171875,1.240234375,-0.263671875,-0.302734375
37293,1.25,1.23046875,-0.126953125,-0.390625
37294,1.201171875,1.103515625,-0.283203125,-0.3515625
37295,1.005859375,1.240234375,-0.21484375,-0.44921875
37296,1.259765625,1.083984375,-0.21484375,-0.302734375
37297,1.240234375,1.1328125,-0.244140625,-0.33203125
37298,1.318359375,1.2109375,-0.17578125,-0.302734375
37299,1.2890625,1.103515625,-0.15625,-0.33203125
37300,1.26953125,1.2890625,-0.185546875,-0.4296875
37301,1.25,1.2109375,-0.21484375,-0.322265625
37302,1.15234375,1.19140625,-0.224609375,-0.3515625
37303,1.34765625,1.2890625,-0.17578125,-0.380859375
37304,1.2890625,1.171875,-0.205078125,-0.380859375
37305,1.171875,1.1328125,-0.146484375,-0.3515625
37306,1.23046875,1.19140625,-0.15625,-0.3515625
37307,1.40625,1.26953125,-0.185546875,-0.302734375
37308,1.201171875,1.0546875,-0.341796875,-0.29296875
37309,1.2890625,1.09375,-0.29296875,-0.37109375
37310,1.2890625,1.23046875,-0.37109375,-0.341796875
37311,1.240234375,1.1328125,-0.37109375,-0.341796875
37312,1.455078125,1.2109375,-0.322265625,-0.390625
37313,1.2109375,1.19140625,-0.25390625,-0.3125
37314,1.201171875,1.181640625,-0.3125,-0.3125
37315,1.30859375,1.171875,-0.400390625,-0.3515625
37316,1.259765625,1.171875,-0.322265625,-0.361328125
37317,1.23046875,1.23046875,-0.33203125,-0.56640625
37318,1.26953125,1.201171875,-0.361328125,-0.3515625
37319,1.220703125,1.19140625,-0.302734375,-0.29296875
37320,1.259765625,1.181640625,-0.33203125,-0.25390625
37321,1.201171875,1.19140625,-0.33203125,-0.361328125
37322,1.240234375,1.201171875,-0.1953125,-0.185546875
37323,1.2890625,1.2109375,-0.3125,-0.439453125
37324,1.19140625,1.07421875,-0.390625,-0.44921875
37325,1.279296875,1.23046875,-0.283203125,-0.322265625
37326,1.15234375,1.201171875,-0.146484375,-0.234375
37327,1.2109375,1.259765625,-0.224609375,-0.322265625
37328,1.26953125,1.26953125,-0.302734375,-0.126953125
37329,1.2890625,1.25,-0.21484375,-0.341796875
37330,1.240234375,1.044921875,-0.21484375,-0.302734375
37331,1.220703125,1.19140625,-0.29296875,-0.3125
37332,1.2890625,1.201171875,-0.2734375,-0.33203125
37333,1.1328125,1.201171875,-0.341796875,-0.3515625
37334,1.162109375,1.201171875,-0.2734375,-0.37109375
37335,1.240234375,1.19140625,-0.244140625,-0.390625
37336,1.083984375,1.220703125,-0.3125,-0.302734375
37337,1.162109375,1.259765625,-0.244140625,-0.4296875
37338,1.1328125,1.2109375,-0.2734375,-0.2734375
37339,1.142578125,1.19140625,-0.283203125,-0.3125
37340,1.1328125,1.19140625,-0.46875,-0.390625
37341,1.15234375,1.2109375,-0.244140625,-0.37109375
37342,1.318359375,1.26953125,-0.234375,-0.361328125
37343,1.11328125,1.1328125,-0.2734375,-0.205078125
37344,1.2109375,1.123046875,-0.33203125,-0.224609375
37345,1.142578125,1.26953125,-0.283203125,-0.33203125
37346,1.162109375,1.2109375,-0.234375,-0.29296875
37347,1.142578125,1.240234375,-0.283203125,-0.25390625
37348,1.26953125,1.15234375,-0.21484375,-0.361328125
37349,1.19140625,1.064453125,-0.126953125,-0.419921875
37350,1.2109375,1.103515625,-0.25390625,-0.234375
37351,1.162109375,1.376953125,-0.263671875,-0.33203125
37352,1.201171875,1.201171875,-0.21484375,-0.322265625
37353,1.337890625,1.181640625,-0.1953125,-0.234375
37354,1.19140625,1.181640625,-0.21484375,-0.33203125
37355,1.19140625,1.162109375,-0.244140625,-0.4296875
37356,1.2109375,1.181640625,-0.2734375,-0.302734375
37357,1.181640625,1.005859375,-0.263671875,-0.361328125
37358,1.23046875,1.142578125,-0.29296875,-0.44921875
37359,1.2890625,1.11328125,-0.234375,-0.498046875
37360,1.259765625,1.23046875,-0.25390625,-0.37109375
37361,1.2109375,1.26953125,-0.2734375,-0.41015625
37362,1.11328125,1.123046875,-0.29296875,-0.263671875
37363,1.337890625,1.181640625,-0.302734375,-0.3515625
37364,1.220703125,1.09375,-0.25390625,-0.390625
37365,1.19140625,1.083984375,-0.302734375,-0.341796875
37366,1.240234375,1.09375,-0.283203125,-0.341796875
37367,1.279296875,1.03515625,-0.3125,-0.419921875
37368,1.2890625,1.142578125,-0.25390625,-0.3515625
37369,1.2109375,1.09375,-0.33203125,-0.400390625
37370,1.25,1.0546875,-0.322265625,-0.380859375
37371,1.220703125,1.142578125,-0.322265625,-0.625
37372,1.15234375,1.123046875,-0.25390625,-0.322265625
37373,1.298828125,1.064453125,-0.185546875,-0.29296875
37374,1.40625,1.103515625,-0.263671875,-0.322265625
37375,1.26953125,1.15234375,-0.29296875,-0.3515625
37376,1.318359375,0.966796875,-0.25390625,-0.341796875
37377,1.201171875,1.103515625,-0.1171875,-0.361328125
37378,1.240234375,1.123046875,-0.185546875,-0.341796875
37379,1.30859375,1.015625,-0.234375,-0.3515625
37380,1.240234375,0.9765625,-0.224609375,-0.21484375
37381,1.298828125,1.025390625,-0.21484375,-0.224609375
37382,1.259765625,1.181640625,-0.322265625,-0.3515625
37383,1.337890625,1.142578125,-0.1953125,-0.3515625
37384,1.328125,1.11328125,-0.205078125,-0.361328125
37385,1.30859375,1.0546875,-0.25390625,-0.2734375
37386,1.279296875,1.142578125,-0.25390625,-0.244140625
37387,1.2109375,1.064453125,-0.185546875,-0.244140625
37388,1.201171875,0.95703125,-0.37109375,-0.322265625
37389,1.181640625,1.044921875,-0.380859375,-0.283203125
37390,1.30859375,1.07421875,-0.224609375,-0.419921875
37391,1.201171875,0.927734375,-0.263671875,-0.361328125
37392,1.25,1.03515625,-0.17578125,-0.37109375
37393,1.279296875,1.064453125,-0.3125,-0.361328125
37394,1.279296875,1.083984375,-0.3125,-0.400390625
37395,1.259765625,1.03515625,-0.283203125,-0.3125
37396,1.220703125,1.03515625,-0.283203125,-0.302734375
37397,1.181640625,1.03515625,-0.2734375,-0.25390625
37398,1.298828125,1.044921875,-0.37109375,-0.341796875
37399,1.171875,1.103515625,-0.224609375,-0.33203125
37400,1.23046875,0.986328125,-0.302734375,-0.33203125
37401,1.220703125,1.09375,-0.244140625,-0.2734375
37402,1.162109375,1.09375,-0.224609375,-0.283203125
37403,1.279296875,0.8984375,-0.283203125,-0.302734375
37404,1.181640625,1.103515625,-0.25390625,-0.244140625
37405,1.259765625,1.083984375,-0.244140625,-0.1953125
37406,1.2109375,1.181640625,-0.1171875,-0.3125
37407,1.201171875,1.30859375,-0.3125,-0.33203125
37408,1.4453125,1.103515625,-0.21484375,-0.3125
37409,1.11328125,1.064453125,-0.3125,-0.21484375
37410,1.23046875,1.015625,-0.224609375,-0.29296875
37411,1.15234375,1.11328125,-0.13671875,-0.009765625
37412,1.259765625,1.083984375,-0.185546875,-0.3515625
37413,1.220703125,1.09375,-0.419921875,-0.263671875
37414,1.181640625,1.025390625,-0.21484375,-0.283203125
37415,1.279296875,1.005859375,-0.17578125,-0.341796875
37416,1.240234375,0.80078125,-0.25390625,-0.234375
37417,1.2109375,0.99609375,-0.166015625,-0.244140625
37418,1.240234375,1.015625,-0.244140625,-0.29296875
37419,1.26953125,1.064453125,-0.244140625,-0.341796875
37420,1.240234375,1.044921875,-0.25390625,-0.302734375
37421,1.23046875,1.015625,-0.244140625,-0.341796875
37422,1.259765625,0.966796875,-0.21484375,-0.244140625
37423,1.181640625,0.986328125,-0.244140625,-0.0390625
37424,1.201171875,1.005859375,-0.302734375,-0.3515625
37425,1.2109375,1.015625,-0.283203125,-0.302734375
37426,1.259765625,1.064453125,-0.302734375,-0.439453125
37427,1.220703125,0.99609375,-0.244140625,-0.29296875
37428,1.220703125,1.025390625,-0.234375,-0.3515625
37429,1.19140625,1.083984375,-0.2734375,-0.302734375
37430,1.103515625,1.0546875,-0.322265625,-0.15625
37431,1.162109375,1.15234375,-0.0390625,-0.341796875
37432,1.181640625,1.064453125,-0.224609375,-0.146484375
37433,1.162109375,1.005859375,-0.29296875,-0.302734375
37434,1.220703125,1.142578125,-0.15625,-0.341796875
37435,1.2109375,1.123046875,-0.21484375,-0.205078125
37436,1.123046875,1.044921875,-0.224609375,-0.29296875
37437,1.083984375,1.083984375,-0.33203125,-0.25390625
37438,1.23046875,1.103515625,-0.322265625,-0.3125
37439,1.1328125,1.064453125,-0.234375,-0.390625
37440,1.171875,1.1328125,-0.2734375,-0.322265625
37441,1.23046875,1.07421875,-0.1953125,-0.283203125
37442,1.103515625,1.0546875,-0.244140625,-0.3125
37443,1.19140625,0.99609375,-0.224609375,-0.2734375
37444,1.15234375,1.1328125,-0.37109375,-0.41015625
37445,1.23046875,1.1328125,-0.263671875,-0.302734375
37446,1.083984375,1.044921875,-0.361328125,-0.341796875
37447,1.103515625,1.162109375,-0.25390625,-0.283203125
37448,1.162109375,1.103515625,-0.244140625,-0.46875
37449,1.162109375,1.025390625,-0.25390625,-0.361328125
37450,1.2109375,1.064453125,-0.3515625,-0.263671875
37451,1.123046875,1.11328125,-0.25390625,-0.302734375
37452,1.19140625,1.0546875,-0.205078125,-0.244140625
37453,1.201171875,1.083984375,-0.302734375,-0.37109375
37454,1.181640625,1.07421875,-0.283203125,-0.25390625
37455,1.201171875,1.09375,-0.380859375,-0.302734375
37456,1.201171875,1.15234375,-0.185546875,-0.224609375
37457,1.11328125,1.11328125,-0.302734375,-0.1953125
37458,1.298828125,1.162109375,-0.224609375,-0.2734375
37459,1.23046875,1.103515625,-0.439453125,-0.263671875
37460,1.171875,1.1328125,-0.25390625,-0.21484375
37461,1.220703125,1.103515625,-0.234375,-0.302734375
37462,1.259765625,1.162109375,-0.224609375,-0.234375
37463,1.2890625,1.09375,-0.185546875,-0.3125
37464,1.23046875,0.99609375,-0.126953125,-0.302734375
37465,1.240234375,1.279296875,-0.126953125,-0.2734375
37466,1.240234375,1.0546875,-0.21484375,-0.302734375
37467,1.240234375,1.142578125,-0.15625,-0.400390625
37468,1.19140625,1.123046875,-0.234375,-0.341796875
37469,1.123046875,1.123046875,-0.263671875,-0.341796875
37470,1.337890625,1.1328125,-0.263671875,-0.341796875
37471,1.162109375,0.986328125,-0.224609375,-0.302734375
37472,1.279296875,1.03515625,-0.1953125,-0.33203125
37473,1.162109375,1.1328125,-0.107421875,-0.341796875
37474,1.19140625,1.064453125,-0.25390625,-0.302734375
37475,1.23046875,1.09375,-0.17578125,-0.44921875
37476,1.25,1.083984375,-0.21484375,-0.361328125
37477,1.201171875,1.142578125,-0.107421875,-0.33203125
37478,1.2109375,1.123046875,-0.185546875,-0.37109375
37479,1.171875,1.15234375,-0.17578125,-0.283203125
37480,1.19140625,1.103515625,-0.205078125,-0.25390625
37481,1.220703125,1.123046875,-0.244140625,-0.3515625
37482,1.064453125,1.11328125,-0.185546875,-0.341796875
37483,1.240234375,1.181640625,-0.166015625,-0.283203125
37484,1.09375,1.1328125,-0.185546875,-0.205078125
37485,1.259765625,1.11328125,-0.15625,-0.17578125
37486,1.123046875,1.15234375,-0.13671875,-0.29296875
37487,1.1328125,1.11328125,-0.244140625,-0.146484375
37488,1.23046875,0.947265625,-0.224609375,-0.29296875
37489,1.171875,1.064453125,-0.302734375,-0.3125
37490,1.1328125,1.083984375,-0.234375,-0.322265625
37491,1.142578125,1.064453125,-0.048828125,-0.244140625
37492,1.123046875,1.09375,-0.244140625,-0.283203125
37493,1.259765625,1.1328125,-0.2734375,-0.439453125
37494,1.162109375,1.0546875,-0.25390625,-0.3125
37495,1.162109375,1.201171875,-0.13671875,-0.234375
37496,1.171875,1.0546875,-0.33203125,-0.205078125
37497,1.337890625,1.0546875,-0.17578125,-0.263671875
37498,1.25,1.0546875,-0.263671875,-0.234375
37499,1.25,1.07421875,-0.21484375,-0.17578125
37500,1.23046875,1.083984375,-0.234375,-0.263671875
37501,1.2890625,0.99609375,-0.33203125,-0.25390625
37502,1.181640625,1.083984375,-0.185546875,-0.146484375
37503,1.220703125,1.09375,-0.263671875,-0.25390625
37504,1.240234375,1.1328125,-0.09765625,-0.2734375
37505,1.259765625,1.09375,-0.05859375,-0.44921875
37506,1.38671875,1.083984375,-0.234375,-0.263671875
37507,1.201171875,0.9375,-0.263671875,-0.263671875
37508,1.23046875,1.0546875,-0.146484375,-0.29296875
37509,1.240234375,1.044921875,-0.244140625,-0.234375
37510,1.259765625,1.11328125,-0.21484375,-0.21484375
37511,1.171875,1.103515625,-0.21484375,-0.15625
37512,1.064453125,1.07421875,-0.15625,-0.3515625
37513,1.171875,1.083984375,-0.107421875,-0.21484375
37514,1.201171875,0.859375,-0.25390625,-0.33203125
37515,1.2109375,1.123046875,-0.283203125,-0.234375
37516,1.123046875,1.03515625,-0.15625,-0.283203125
37517,1.083984375,1.09375,-0.234375,-0.234375
37518,1.15234375,1.044921875,-0.283203125,-0.1953125
37519,1.181640625,1.123046875,-0.3125,-0.29296875
37520,1.103515625,1.03515625,-0.33203125,-0.3125
37521,1.171875,1.064453125,-0.263671875,-0.33203125
37522,1.240234375,1.103515625,-0.2734375,-0.205078125
37523,1.142578125,1.09375,-0.2734375,-0.244140625
37524,1.23046875,1.11328125,-0.33203125,-0.1953125
37525,1.171875,1.0546875,-0.3515625,-0.302734375
37526,1.201171875,0.986328125,-0.234375,-0.234375
37527,1.26953125,1.0546875,-0.263671875,-0.21484375
37528,1.201171875,1.103515625,-0.283203125,-0.166015625
37529,1.2109375,1.2890625,-0.2734375,-0.185546875
37530,1.201171875,1.142578125,-0.322265625,-0.224609375
37531,1.259765625,1.0546875,-0.1953125,-0.21484375
37532,1.11328125,1.044921875,-0.33203125,-0.263671875
37533,1.142578125,1.064453125,-0.322265625,-0.205078125
37534,1.25,1.005859375,-0.322265625,-0.185546875
37535,1.181640625,1.23046875,-0.33203125,-0.283203125
37536,1.23046875,1.0546875,-0.2734375,-0.3125
37537,1.19140625,1.123046875,-0.3125,-0.283203125
37538,1.25,0.947265625,-0.322265625,-0.283203125
37539,1.2109375,1.15234375,-0.244140625,-0.33203125
37540,1.123046875,1.07421875,-0.2734375,-0.21484375
37541,1.220703125,1.142578125,-0.302734375,-0.244140625
37542,1.25,1.123046875,-0.3515625,-0.3125
37543,1.19140625,1.2890625,-0.21484375,-0.2734375
37544,1.23046875,1.044921875,-0.185546875,-0.166015625
37545,1.240234375,1.11328125,-0.33203125,-0.234375
37546,1.171875,1.11328125,-0.234375,-0.244140625
37547,1.181640625,1.0546875,-0.15625,-0.25390625
37548,1.25,1.162109375,-0.25390625,-0.283203125
37549,1.201171875,1.0546875,-0.244140625,-0.263671875
37550,1.2109375,1.171875,-0.205078125,-0.2734375
37551,1.2890625,1.142578125,-0.2734375,-0.234375
37552,1.005859375,1.083984375,-0.234375,-0.283203125
37553,1.1328125,1.09375,-0.185546875,-0.322265625
37554,1.1328125,1.19140625,-0.25390625,-0.2734375
37555,1.142578125,1.07421875,-0.244140625,-0.263671875
37556,1.220703125,1.083984375,-0.087890625,-0.29296875
37557,1.064453125,1.1328125,-0.244140625,-0.166015625
37558,1.259765625,1.19140625,-0.1953125,-0.21484375
37559,1.142578125,1.142578125,-0.166015625,-0.3125
37560,1.103515625,1.142578125,-0.1953125,-0.234375
37561,1.15234375,1.103515625,-0.1953125,-0.185546875
37562,1.142578125,0.95703125,-0.224609375,-0.263671875
37563,1.142578125,1.162109375,-0.25390625,-0.322265625
37564,1.171875,1.1328125,-0.1171875,-0.302734375
37565,1.123046875,1.220703125,-0.361328125,-0.244140625
37566,1.1328125,1.2109375,-0.21484375,-0.29296875
37567,1.220703125,1.09375,-0.244140625,-0.087890625
37568,1.171875,1.103515625,-0.205078125,-0.185546875
37569,1.15234375,1.171875,-0.224609375,-0.185546875
37570,1.171875,1.279296875,-0.15625,-0.068359375
37571,1.142578125,1.2109375,-0.185546875,-0.166015625
37572,1.171875,1.181640625,-0.33203125,-0.1953125
37573,1.09375,1.15234375,-0.29296875,-0.380859375
37574,1.123046875,1.11328125,-0.126953125,-0.146484375
37575,1.201171875,1.171875,-0.25390625,-0.25390625
37576,1.181640625,1.19140625,-0.283203125,-0.205078125
37577,1.162109375,0.859375,-0.166015625,-0.224609375
37578,1.103515625,1.142578125,-0.283203125,-0.283203125
37579,1.0546875,1.083984375,-0.33203125,-0.21484375
37580,1.09375,1.083984375,-0.3125,-0.283203125
37581,1.240234375,1.15234375,-0.3125,-0.2734375
37582,1.2890625,1.19140625,-0.29296875,-0.498046875
37583,1.259765625,1.25,-0.29296875,-0.302734375
37584,1.181640625,1.123046875,-0.25390625,-0.37109375
37585,1.142578125,1.162109375,-0.302734375,-0.15625
37586,1.11328125,1.07421875,-0.33203125,-0.234375
37587,1.23046875,1.25,-0.15625,-0.21484375
37588,1.1328125,1.240234375,-0.1953125,-0.44921875
37589,1.3671875,1.337890625,-0.25390625,-0.322265625
37590,1.26953125,1.328125,-0.380859375,-0.224609375
37591,1.30859375,1.2109375,-0.205078125,-0.341796875
37592,1.15234375,1.005859375,-0.205078125,-0.234375
37593,1.25,1.337890625,-0.17578125,-0.244140625
37594,1.298828125,1.171875,-0.1953125,-0.1953125
37595,1.142578125,1.19140625,-0.15625,-0.224609375
37596,1.23046875,1.044921875,-0.09765625,-0.3125
37597,1.240234375,1.15234375,-0.205078125,-0.41015625
37598,1.259765625,1.162109375,-0.17578125,-0.2734375
37599,1.25,1.162109375,-0.068359375,-0.25390625
37600,1.25,1.15234375,-0.21484375,-0.21484375
37601,1.220703125,0.99609375,-0.1953125,-0.263671875
37602,1.171875,1.240234375,-0.302734375,-0.244140625
37603,1.2890625,1.142578125,-0.244140625,-0.146484375
37604,1.3671875,1.23046875,-0.25390625,-0.224609375
37605,1.30859375,1.416015625,-0.09765625,-0.166015625
37606,1.30859375,1.142578125,-0.224609375,-0.322265625
37607,1.123046875,1.11328125,-0.234375,-0.25390625
37608,1.15234375,1.201171875,-0.234375,-0.244140625
37609,1.26953125,1.181640625,-0.21484375,-0.078125
37610,1.171875,1.11328125,-0.263671875,-0.25390625
37611,1.123046875,1.083984375,-0.166015625,-0.3125
37612,1.2109375,1.162109375,-0.25390625,-0.283203125
37613,1.171875,1.181640625,-0.224609375,-0.234375
37614,1.171875,1.25,-0.2734375,-0.2734375
37615,1.123046875,1.220703125,-0.244140625,-0.29296875
37616,1.2109375,1.2109375,-0.224609375,-0.244140625
37617,1.0546875,1.11328125,-0.283203125,-0.21484375
37618,1.220703125,1.162109375,-0.17578125,-0.25390625
37619,1.30859375,1.201171875,-0.234375,-0.244140625
37620,1.142578125,1.15234375,-0.37109375,-0.29296875
37621,1.240234375,1.30859375,-0.1953125,-0.224609375
37622,1.220703125,1.259765625,-0.1953125,-0.302734375
37623,1.201171875,1.162109375,-0.166015625,-0.322265625
37624,1.240234375,1.162109375,-0.078125,-0.302734375
37625,1.23046875,1.240234375,-0.244140625,-0.21484375
37626,1.2890625,1.181640625,-0.224609375,-0.15625
37627,1.26953125,1.2109375,-0.146484375,-0.263671875
37628,1.2890625,1.19140625,-0.25390625,-0.478515625
37629,1.2890625,1.25,-0.224609375,-0.263671875
37630,1.201171875,1.171875,-0.33203125,-0.234375
37631,1.30859375,1.240234375,-0.29296875,-0.244140625
37632,1.318359375,1.23046875,-0.205078125,-0.2734375
37633,1.298828125,1.142578125,-0.224609375,-0.17578125
37634,1.142578125,1.162109375,-0.263671875,-0.283203125
37635,1.181640625,1.240234375,-0.283203125,-0.263671875
37636,1.19140625,1.220703125,-0.234375,-0.283203125
37637,1.171875,1.162109375,-0.234375,-0.166015625
37638,1.201171875,1.2890625,-0.263671875,-0.2734375
37639,1.19140625,1.19140625,-0.224609375,-0.322265625
37640,1.1328125,1.181640625,-0.1171875,-0.361328125
37641,1.220703125,1.181640625,-0.3125,-0.361328125
37642,1.23046875,1.26953125,-0.29296875,-0.21484375
37643,1.279296875,1.171875,-0.2734375,-0.33203125
37644,1.171875,1.142578125,-0.283203125,-0.2734375
37645,1.259765625,1.123046875,-0.341796875,-0.37109375
37646,1.240234375,1.220703125,-0.25390625,-0.224609375
37647,1.2890625,1.0546875,-0.166015625,-0.2734375
37648,1.240234375,1.19140625,-0.41015625,-0.244140625
37649,1.15234375,1.19140625,-0.283203125,-0.302734375
37650,1.19140625,1.259765625,-0.37109375,-0.3125
37651,1.23046875,1.2109375,-0.244140625,-0.2734375
37652,1.11328125,1.23046875,-0.322265625,-0.29296875
37653,1.162109375,1.171875,-0.322265625,-0.25390625
37654,1.259765625,1.15234375,-0.33203125,-0.29296875
37655,1.396484375,1.2109375,-0.107421875,-0.1953125
37656,1.23046875,1.318359375,-0.1953125,-0.224609375
37657,1.201171875,1.23046875,-0.0390625,-0.361328125
37658,1.201171875,1.220703125,-0.25390625,-0.224609375
37659,1.23046875,1.240234375,-0.2734375,-0.0390625
37660,1.259765625,1.3671875,0.009765625,-0.224609375
37661,1.171875,1.220703125,-0.17578125,-0.224609375
37662,1.240234375,1.201171875,-0.263671875,-0.29296875
37663,1.279296875,1.162109375,-0.05859375,-0.29296875
37664,1.181640625,1.2109375,-0.1953125,-0.21484375
37665,1.25,1.26953125,-0.29296875,-0.29296875
37666,1.2890625,1.220703125,-0.15625,-0.263671875
37667,1.318359375,1.181640625,-0.244140625,-0.3125
37668,1.259765625,1.279296875,-0.224609375,-0.263671875
37669,1.259765625,1.2890625,-0.21484375,-0.322265625
37670,1.38671875,1.298828125,-0.234375,-0.078125
37671,0.99609375,1.201171875,-0.33203125,-0.341796875
37672,1.26953125,1.220703125,-0.1953125,-0.341796875
37673,1.25,1.2109375,-0.234375,-0.322265625
37674,1.07421875,1.259765625,-0.3515625,-0.244140625
37675,1.240234375,1.11328125,-0.29296875,-0.244140625
37676,1.2890625,1.2109375,-0.21484375,-0.185546875
37677,1.318359375,1.23046875,-0.302734375,-0.419921875
37678,1.396484375,1.2109375,-0.234375,-0.283203125
37679,1.23046875,1.181640625,-0.380859375,-0.322265625
37680,1.455078125,1.171875,-0.283203125,-0.419921875
37681,1.357421875,1.044921875,-0.302734375,-0.283203125
37682,1.259765625,1.30859375,-0.283203125,-0.1953125
37683,1.25,1.25,-0.283203125,-0.439453125
37684,1.220703125,1.181640625,-0.3125,-0.263671875
37685,1.25,1.240234375,-0.2734375,-0.361328125
37686,1.328125,1.1328125,-0.205078125,-0.33203125
37687,1.435546875,1.162109375,-0.3125,-0.302734375
37688,1.337890625,1.220703125,-0.263671875,-0.234375
37689,1.259765625,1.220703125,-0.322265625,-0.21484375
37690,1.328125,1.2109375,-0.263671875,-0.322265625
37691,1.3671875,1.220703125,-0.17578125,-0.322265625
37692,1.357421875,1.298828125,-0.205078125,-0.390625
37693,1.455078125,1.25,-0.29296875,-0.283203125
37694,1.34765625,1.26953125,-0.263671875,-0.322265625
37695,1.318359375,1.26953125,-0.244140625,-0.33203125
37696,1.3671875,1.162109375,-0.29296875,-0.302734375
37697,1.34765625,1.19140625,-0.05859375,-0.234375
37698,1.328125,1.2109375,-0.224609375,-0.205078125
37699,1.298828125,1.328125,-0.166015625,-0.302734375
37700,1.376953125,1.30859375,-0.224609375,-0.3125
37701,1.318359375,1.25,-0.2734375,-0.322265625
37702,1.46484375,1.220703125,-0.21484375,-0.33203125
37703,1.357421875,1.171875,-0.21484375,-0.390625
37704,1.30859375,1.26953125,-0.322265625,-0.439453125
37705,1.3671875,1.279296875,-0.283203125,-0.361328125
37706,1.34765625,1.044921875,-0.087890625,-0.17578125
37707,1.40625,1.23046875,-0.283203125,-0.48828125
37708,1.30859375,1.2109375,-0.302734375,-0.380859375
37709,1.328125,1.171875,-0.205078125,-0.390625
37710,1.396484375,1.279296875,-0.2734375,-0.439453125
37711,1.54296875,1.30859375,-0.234375,-0.341796875
37712,1.3671875,1.19140625,-0.166015625,-0.361328125
37713,1.279296875,1.201171875,-0.224609375,-0.3515625
37714,1.357421875,1.4453125,-0.205078125,-0.341796875
37715,1.2890625,1.09375,-0.29296875,-0.380859375
37716,1.30859375,1.298828125,-0.234375,-0.46875
37717,1.318359375,1.38671875,-0.283203125,-0.341796875
37718,1.30859375,1.240234375,-0.263671875,-0.419921875
37719,1.357421875,1.26953125,-0.224609375,-0.361328125
37720,1.2109375,1.25,-0.244140625,-0.37109375
37721,1.259765625,1.0546875,-0.33203125,-0.322265625
37722,1.171875,1.1328125,-0.302734375,-0.400390625
37723,1.240234375,1.19140625,-0.205078125,-0.41015625
37724,1.259765625,1.201171875,-0.37109375,-0.361328125
37725,1.171875,1.30859375,-0.15625,-0.3515625
37726,1.259765625,1.123046875,-0.244140625,-0.3515625
37727,1.171875,1.2109375,-0.25390625,-0.361328125
37728,1.26953125,1.2109375,-0.25390625,-0.44921875
37729,1.376953125,1.171875,-0.2734375,-0.3515625
37730,1.2109375,1.09375,-0.29296875,-0.2734375
37731,1.162109375,1.259765625,-0.283203125,-0.33203125
37732,1.2890625,1.1328125,-0.3125,-0.3125
37733,1.162109375,1.40625,-0.21484375,-0.3125
37734,1.142578125,1.201171875,-0.322265625,-0.37109375
37735,1.240234375,1.2109375,-0.263671875,-0.3125
37736,1.25,1.19140625,-0.1953125,-0.302734375
37737,1.15234375,1.2109375,-0.302734375,-0.56640625
37738,1.279296875,1.25,-0.322265625,-0.380859375
37739,1.259765625,1.220703125,-0.263671875,-0.2734375
37740,1.30859375,1.26953125,-0.244140625,-0.17578125
37741,1.318359375,1.201171875,-0.3125,-0.322265625
37742,1.298828125,1.19140625,-0.2734375,-0.302734375
37743,1.34765625,1.23046875,-0.3515625,-0.361328125
37744,1.201171875,1.181640625,-0.2734375,-0.21484375
37745,1.171875,1.259765625,-0.2734375,-0.283203125
37746,1.2109375,1.19140625,-0.3515625,-0.341796875
37747,1.25,1.220703125,-0.25390625,-0.41015625
37748,1.298828125,1.240234375,-0.21484375,-0.41015625
37749,1.201171875,1.220703125,-0.3125,-0.244140625
37750,1.07421875,1.26953125,-0.29296875,-0.419921875
37751,1.328125,1.142578125,-0.234375,-0.361328125
37752,1.25,1.26953125,-0.078125,-0.4296875
37753,1.23046875,1.240234375,-0.25390625,-0.283203125
37754,1.240234375,1.181640625,-0.185546875,-0.341796875
37755,1.23046875,1.201171875,-0.283203125,-0.4296875
37756,1.25,1.15234375,-0.244140625,-0.400390625
37757,1.3671875,1.25,-0.244140625,-0.3125
37758,1.259765625,1.259765625,-0.21484375,-0.25390625
37759,1.259765625,1.220703125,-0.2734375,-0.341796875
37760,1.2109375,1.26953125,-0.361328125,-0.33203125
37761,1.220703125,1.25,-0.283203125,-0.341796875
37762,1.201171875,1.19140625,-0.263671875,-0.29296875
37763,1.26953125,1.142578125,-0.166015625,-0.263671875
37764,1.171875,1.044921875,-0.224609375,-0.283203125
37765,1.15234375,1.162109375,-0.21484375,-0.41015625
37766,1.2109375,1.30859375,-0.2734375,-0.33203125
37767,1.171875,1.181640625,-0.33203125,-0.341796875
37768,1.064453125,1.220703125,-0.244140625,-0.400390625
37769,1.0546875,1.220703125,-0.1953125,-0.3515625
37770,1.201171875,1.201171875,-0.205078125,-0.37109375
37771,1.083984375,1.23046875,-0.3125,-0.3515625
37772,1.201171875,1.25,-0.37109375,-0.3515625
37773,1.19140625,1.2890625,-0.234375,-0.3515625
37774,1.09375,1.220703125,-0.302734375,-0.4296875
37775,1.23046875,1.220703125,-0.302734375,-0.341796875
37776,1.171875,1.259765625,-0.224609375,-0.439453125
37777,1.328125,1.259765625,-0.341796875,-0.37109375
37778,1.19140625,1.259765625,-0.302734375,-0.361328125
37779,1.142578125,1.23046875,-0.126953125,-0.390625
37780,1.298828125,1.201171875,-0.263671875,-0.3515625
37781,1.240234375,1.240234375,-0.205078125,-0.283203125
37782,1.181640625,1.09375,-0.05859375,-0.302734375
37783,1.142578125,1.2109375,-0.1953125,-0.390625
37784,1.328125,1.103515625,-0.302734375,-0.361328125
37785,1.15234375,1.240234375,-0.01953125,-0.244140625
37786,1.25,1.220703125,-0.185546875,-0.390625
37787,1.162109375,1.337890625,-0.205078125,-0.302734375
37788,1.23046875,1.171875,-0.302734375,-0.41015625
37789,1.328125,1.1328125,-0.234375,-0.400390625
37790,1.15234375,1.11328125,-0.224609375,-0.390625
37791,1.298828125,1.25,-0.3125,-0.380859375
37792,1.123046875,1.09375,-0.224609375,-0.517578125
37793,1.201171875,1.07421875,-0.25390625,-0.380859375
37794,1.3671875,1.064453125,-0.322265625,-0.341796875
37795,1.26953125,1.083984375,-0.205078125,-0.283203125
37796,1.30859375,1.083984375,-0.234375,-0.439453125
37797,1.220703125,1.123046875,-0.3125,-0.439453125
37798,1.26953125,1.1328125,-0.244140625,-0.302734375
37799,1.279296875,1.2109375,-0.263671875,-0.341796875
37800,1.220703125,1.15234375,-0.234375,-0.439453125
37801,1.357421875,1.1328125,-0.283203125,-0.322265625
37802,1.318359375,1.0546875,-0.263671875,-0.3125
37803,1.26953125,1.181640625,-0.166015625,-0.361328125
37804,1.26953125,1.142578125,-0.244140625,-0.5078125
37805,1.34765625,1.25,-0.33203125,-0.400390625
37806,1.279296875,1.083984375,-0.224609375,-0.33203125
37807,1.26953125,1.044921875,-0.283203125,-0.419921875
37808,1.318359375,1.09375,-0.185546875,-0.205078125
37809,1.357421875,1.162109375,-0.341796875,-0.390625
37810,1.23046875,1.142578125,-0.37109375,-0.41015625
37811,1.279296875,1.064453125,-0.322265625,-0.419921875
37812,1.25,1.123046875,-0.244140625,-0.3515625
37813,1.279296875,1.103515625,-0.361328125,-0.361328125
37814,1.181640625,1.103515625,-0.21484375,-0.302734375
37815,1.337890625,1.09375,-0.13671875,-0.33203125
37816,1.240234375,1.11328125,-0.15625,-0.341796875
37817,1.259765625,1.181640625,-0.13671875,-0.498046875
37818,1.240234375,0.95703125,-0.068359375,-0.29296875
37819,1.23046875,1.07421875,-0.126953125,-0.244140625
37820,1.1328125,1.07421875,-0.185546875,-0.3515625
37821,1.23046875,1.015625,-0.13671875,-0.3515625
37822,1.162109375,1.103515625,-0.185546875,-0.33203125
37823,1.083984375,1.07421875,-0.234375,-0.29296875
37824,1.2109375,0.95703125,-0.244140625,-0.3125
37825,1.220703125,1.0546875,-0.146484375,-0.361328125
37826,1.240234375,1.005859375,-0.29296875,-0.33203125
37827,1.337890625,1.181640625,-0.2734375,-0.341796875
37828,1.23046875,0.99609375,-0.166015625,-0.234375
37829,1.220703125,1.064453125,-0.17578125,-0.322265625
37830,1.396484375,0.947265625,-0.234375,-0.234375
37831,1.240234375,1.083984375,-0.09765625,-0.341796875
37832,1.19140625,1.03515625,-0.205078125,-0.13671875
37833,1.171875,1.025390625,-0.15625,-0.29296875
37834,1.23046875,1.07421875,-0.166015625,-0.361328125
37835,1.279296875,1.07421875,-0.185546875,-0.21484375
37836,1.2890625,0.908203125,-0.283203125,-0.283203125
37837,1.23046875,0.908203125,-0.341796875,-0.234375
37838,1.220703125,1.064453125,-0.244140625,-0.1171875
37839,1.259765625,0.99609375,-0.224609375,-0.263671875
37840,1.201171875,0.9765625,-0.185546875,-0.283203125
37841,1.240234375,0.986328125,-0.17578125,-0.400390625
37842,1.240234375,1.025390625,-0.205078125,-0.341796875
37843,1.2109375,1.09375,-0.29296875,-0.2734375
37844,1.3671875,1.09375,-0.1953125,-0.263671875
37845,1.220703125,1.0546875,-0.25390625,-0.224609375
37846,1.162109375,1.0546875,-0.380859375,-0.244140625
37847,1.1328125,1.09375,-0.205078125,-0.341796875
37848,1.0546875,1.015625,-0.166015625,-0.341796875
37849,1.171875,1.03515625,-0.185546875,-0.302734375
37850,1.2109375,0.95703125,-0.2734375,-0.244140625
37851,1.11328125,1.103515625,-0.234375,-0.322265625
37852,1.123046875,1.005859375,-0.205078125,-0.3515625
37853,1.15234375,1.103515625,-0.25390625,-0.3515625
37854,1.19140625,1.005859375,-0.25390625,-0.322265625
37855,1.201171875,0.927734375,-0.21484375,-0.263671875
37856,1.15234375,1.0546875,-0.390625,-0.15625
37857,1.123046875,0.9765625,-0.3125,-0.3515625
37858,1.142578125,1.083984375,-0.283203125,-0.322265625
37859,1.201171875,0.908203125,-0.3125,-0.21484375
37860,1.11328125,1.044921875,-0.234375,-0.2734375
37861,1.142578125,1.005859375,-0.37109375,-0.25390625
37862,1.123046875,1.044921875,-0.37109375,-0.09765625
37863,1.2109375,1.0546875,-0.224609375,-0.224609375
37864,1.19140625,1.1328125,-0.33203125,-0.25390625
37865,1.19140625,1.07421875,-0.361328125,-0.2734375
37866,1.142578125,1.0546875,-0.2734375,-0.361328125
37867,1.23046875,1.03515625,-0.224609375,-0.29296875
37868,1.1328125,0.986328125,-0.244140625,-0.244140625
37869,1.240234375,1.03515625,-0.25390625,-0.09765625
37870,1.23046875,0.9765625,-0.1953125,-0.33203125
37871,1.2109375,1.044921875,-0.25390625,-0.576171875
37872,1.298828125,1.025390625,-0.263671875,0.01953125
37873,1.07421875,0.91796875,-0.2734375,-0.341796875
37874,1.220703125,1.0546875,-0.1953125,-0.322265625
37875,1.15234375,1.064453125,-0.224609375,-0.29296875
37876,1.19140625,1.0546875,-0.205078125,-0.263671875
37877,1.25,1.03515625,-0.361328125,-0.322265625
37878,1.181640625,0.99609375,-0.205078125,-0.37109375
37879,1.19140625,1.03515625,-0.302734375,-0.2734375
37880,1.201171875,1.015625,-0.263671875,-0.341796875
37881,1.171875,1.025390625,-0.263671875,-0.302734375
37882,1.171875,1.09375,-0.29296875,-0.302734375
37883,1.11328125,0.966796875,-0.234375,-0.361328125
37884,1.162109375,1.025390625,-0.25390625,-0.25390625
37885,1.318359375,0.99609375,-0.234375,-0.341796875
37886,1.142578125,1.03515625,-0.21484375,-0.3515625
37887,1.298828125,1.1328125,-0.21484375,-0.263671875
37888,1.181640625,1.083984375,-0.234375,-0.29296875
37889,1.181640625,1.142578125,-0.146484375,-0.302734375
37890,1.259765625,1.103515625,-0.25390625,-0.234375
37891,1.220703125,1.1328125,-0.25390625,-0.244140625
37892,1.09375,1.083984375,-0.234375,-0.302734375
37893,1.044921875,1.1328125,-0.1171875,-0.37109375
37894,1.09375,1.162109375,-0.166015625,-0.361328125
37895,1.19140625,1.123046875,-0.166015625,-0.302734375
37896,1.181640625,1.123046875,-0.25390625,-0.283203125
37897,1.1328125,1.083984375,-0.21484375,-0.185546875
37898,1.181640625,1.0546875,-0.234375,-0.283203125
37899,1.162109375,1.11328125,-0.1953125,-0.166015625
37900,1.220703125,1.083984375,-0.126953125,-0.302734375
37901,1.25,1.162109375,-0.205078125,-0.283203125
37902,1.19140625,1.07421875,-0.185546875,-0.29296875
37903,1.142578125,1.09375,-0.1953125,-0.234375
37904,1.25,1.11328125,-0.302734375,-0.4296875
37905,1.23046875,1.162109375,-0.166015625,-0.341796875
37906,1.123046875,1.181640625,-0.205078125,-0.263671875
37907,1.220703125,1.171875,-0.21484375,-0.224609375
37908,1.25,1.103515625,-0.166015625,-0.1953125
37909,1.30859375,1.103515625,-0.21484375,-0.17578125
37910,1.25,1.09375,-0.029296875,-0.302734375
37911,1.201171875,1.103515625,-0.185546875,-0.21484375
37912,1.26953125,1.083984375,-0.1953125,-0.33203125
37913,1.240234375,1.03515625,-0.107421875,-0.2734375
37914,1.23046875,1.09375,-0.185546875,-0.302734375
37915,1.201171875,1.025390625,-0.185546875,-0.283203125
37916,1.162109375,0.869140625,-0.2734375,-0.2734375
37917,1.26953125,1.064453125,-0.166015625,-0.2734375
37918,1.19140625,0.9765625,-0.1953125,-0.1953125
37919,1.1328125,1.09375,-0.107421875,-0.322265625
37920,1.1328125,1.083984375,-0.234375,-0.283203125
37921,1.083984375,1.044921875,-0.244140625,-0.322265625
37922,1.259765625,1.171875,-0.2734375,-0.33203125
37923,1.181640625,1.11328125,-0.21484375,-0.21484375
37924,1.26953125,1.142578125,-0.224609375,-0.263671875
37925,1.15234375,1.103515625,-0.341796875,-0.224609375
37926,1.259765625,1.09375,-0.244140625,-0.1953125
37927,1.09375,1.123046875,-0.205078125,-0.13671875
37928,1.298828125,1.201171875,-0.15625,-0.21484375
37929,1.201171875,1.064453125,-0.25390625,0.01953125
37930,1.162109375,1.103515625,-0.224609375,-0.263671875
37931,1.19140625,0.986328125,-0.29296875,-0.244140625
37932,1.25,1.09375,-0.234375,-0.3125
37933,1.259765625,1.07421875,-0.25390625,-0.263671875
37934,1.201171875,1.083984375,-0.146484375,-0.234375
37935,1.240234375,1.15234375,-0.244140625,-0.078125
37936,1.220703125,1.09375,-0.2734375,-0.1171875
37937,1.298828125,0.99609375,-0.146484375,-0.185546875
37938,1.240234375,1.09375,-0.05859375,-0.09765625
37939,1.19140625,1.123046875,-0.21484375,-0.166015625
37940,1.1328125,1.171875,-0.244140625,-0.263671875
37941,1.171875,1.1328125,-0.2734375,-0.234375
37942,1.2109375,1.044921875,-0.25390625,-0.41015625
37943,1.240234375,1.07421875,-0.322265625,-0.283203125
37944,1.171875,0.849609375,-0.166015625,-0.25390625
37945,1.26953125,1.123046875,-0.25390625,-0.15625
37946,1.171875,1.083984375,-0.322265625,-0.3125
37947,1.162109375,1.015625,-0.341796875,-0.302734375
37948,1.25,1.123046875,-0.302734375,-0.3125
37949,1.23046875,1.083984375,-0.322265625,-0.283203125
37950,1.171875,1.2890625,-0.302734375,-0.263671875
37951,1.26953125,1.0546875,-0.283203125,-0.25390625
37952,1.1328125,1.123046875,-0.302734375,-0.2734375
37953,1.181640625,1.07421875,-0.2734375,-0.17578125
37954,1.171875,1.103515625,-0.29296875,-0.17578125
37955,1.1328125,0.91796875,-0.341796875,-0.234375
37956,1.201171875,1.03515625,-0.322265625,-0.29296875
37957,1.07421875,1.09375,-0.25390625,-0.224609375
37958,1.298828125,1.09375,-0.361328125,-0.244140625
37959,1.19140625,1.142578125,-0.458984375,-0.224609375
37960,1.220703125,1.123046875,-0.29296875,-0.234375
37961,1.19140625,1.171875,-0.283203125,-0.224609375
37962,1.15234375,1.328125,-0.17578125,-0.263671875
37963,1.103515625,1.005859375,-0.2734375,-0.322265625
37964,1.103515625,1.162109375,-0.224609375,-0.263671875
37965,1.171875,1.220703125,-0.1953125,-0.25390625
37966,1.240234375,1.103515625,-0.205078125,-0.25390625
37967,1.181640625,1.083984375,-0.244140625,-0.302734375
37968,1.1328125,1.0546875,-0.25390625,-0.234375
37969,1.171875,1.03515625,-0.25390625,-0.380859375
37970,1.240234375,1.1328125,-0.21484375,-0.25390625
37971,1.07421875,1.123046875,-0.3515625,-0.1953125
37972,1.171875,1.103515625,-0.2734375,-0.107421875
37973,1.2890625,1.123046875,-0.302734375,-0.244140625
37974,1.171875,1.201171875,-0.15625,-0.205078125
37975,1.11328125,1.083984375,-0.0390625,-0.048828125
37976,1.044921875,1.11328125,-0.234375,-0.263671875
37977,1.15234375,1.123046875,-0.2734375,-0.244140625
37978,1.220703125,1.015625,-0.185546875,-0.1171875
37979,1.19140625,1.1328125,-0.25390625,-0.283203125
37980,1.142578125,1.2109375,-0.263671875,-0.263671875
37981,1.171875,1.11328125,-0.2734375,-0.302734375
37982,1.19140625,1.162109375,-0.244140625,-0.263671875
37983,1.23046875,1.11328125,-0.341796875,-0.263671875
37984,1.2109375,1.03515625,-0.21484375,-0.185546875
37985,1.181640625,1.09375,-0.244140625,-0.341796875
37986,1.15234375,1.123046875,-0.15625,-0.25390625
37987,1.19140625,1.044921875,-0.1953125,-0.302734375
37988,1.201171875,1.064453125,-0.283203125,-0.322265625
37989,1.044921875,0.9375,-0.205078125,-0.283203125
37990,1.181640625,1.1328125,-0.224609375,-0.068359375
37991,1.15234375,1.1328125,-0.244140625,-0.078125
37992,1.15234375,1.083984375,-0.15625,-0.25390625
37993,1.171875,1.064453125,-0.185546875,-0.322265625
37994,1.2109375,1.083984375,-0.2734375,-0.224609375
37995,1.15234375,1.09375,-0.205078125,-0.224609375
37996,1.2109375,1.1328125,-0.068359375,-0.15625
37997,1.25,1.083984375,-0.205078125,-0.37109375
37998,1.220703125,1.171875,-0.17578125,-0.302734375
37999,1.2109375,1.123046875,-0.25390625,-0.244140625
38000,1.23046875,1.11328125,-0.244140625,-0.3125
38001,1.201171875,1.103515625,-0.244140625,-0.263671875
38002,1.181640625,1.279296875,-0.166015625,-0.25390625
38003,1.044921875,1.1328125,-0.1953125,-0.341796875
38004,1.0546875,1.201171875,-0.263671875,-0.33203125
38005,1.181640625,1.2109375,-0.33203125,-0.302734375
38006,1.220703125,1.162109375,-0.205078125,-0.1953125
38007,1.23046875,1.2109375,-0.283203125,-0.244140625
38008,1.171875,0.966796875,-0.146484375,-0.29296875
38009,1.23046875,1.1328125,-0.283203125,-0.25390625
38010,1.181640625,1.07421875,-0.29296875,-0.263671875
38011,1.2109375,1.181640625,-0.234375,-0.205078125
38012,1.298828125,1.26953125,-0.224609375,-0.4296875
38013,1.201171875,1.142578125,-0.205078125,-0.263671875
38014,1.201171875,1.103515625,-0.25390625,-0.302734375
38015,1.11328125,1.142578125,-0.1953125,-0.263671875
38016,1.201171875,1.171875,-0.205078125,-0.33203125
38017,1.2109375,1.19140625,-0.185546875,-0.3125
38018,1.23046875,1.201171875,-0.25390625,-0.361328125
38019,1.15234375,1.083984375,-0.263671875,-0.361328125
38020,1.162109375,0.91796875,-0.166015625,-0.341796875
38021,1.181640625,1.220703125,-0.21484375,-0.3515625
38022,1.25,1.171875,-0.25390625,-0.2734375
38023,1.162109375,1.2109375,-0.205078125,-0.25390625
38024,1.240234375,1.162109375,-0.17578125,-0.263671875
38025,1.220703125,1.2890625,-0.166015625,-0.244140625
38026,1.25,1.259765625,-0.09765625,-0.283203125
38027,1.201171875,1.15234375,-0.185546875,-0.068359375
38028,1.3671875,1.123046875,-0.17578125,-0.1953125
38029,1.220703125,1.201171875,-0.126953125,-0.263671875
38030,1.318359375,1.162109375,-0.25390625,-0.3125
38031,1.2890625,1.2109375,-0.263671875,-0.37109375
38032,1.2109375,1.171875,-0.0390625,-0.322265625
38033,1.26953125,1.171875,-0.25390625,-0.283203125
38034,1.298828125,1.220703125,-0.283203125,-0.341796875
38035,1.11328125,1.2109375,-0.21484375,-0.15625
38036,1.259765625,1.09375,-0.2734375,-0.380859375
38037,1.044921875,1.1328125,-0.185546875,-0.341796875
38038,1.279296875,1.240234375,-0.234375,-0.2734375
38039,1.25,1.123046875,-0.146484375,-0.322265625
38040,1.123046875,1.083984375,-0.234375,-0.33203125
38041,1.220703125,1.142578125,-0.166015625,-0.283203125
38042,1.2109375,1.201171875,-0.263671875,-0.3125
38043,1.26953125,1.318359375,-0.2734375,-0.29296875
38044,1.259765625,1.064453125,-0.341796875,-0.234375
38045,1.1328125,1.162109375,-0.224609375,-0.263671875
38046,1.162109375,1.181640625,-0.25390625,-0.205078125
38047,1.259765625,1.103515625,-0.29296875,-0.283203125
38048,1.15234375,1.162109375,-0.205078125,-0.263671875
38049,1.23046875,1.123046875,-0.263671875,-0.341796875
38050,1.142578125,1.201171875,-0.3515625,-0.205078125
38051,1.2109375,1.2109375,-0.126953125,-0.283203125
38052,1.181640625,1.171875,-0.2734375,0.029296875
38053,1.220703125,1.240234375,-0.13671875,-0.263671875
38054,1.181640625,1.19140625,-0.37109375,-0.302734375
38055,1.259765625,1.19140625,-0.302734375,-0.46875
38056,1.23046875,1.25,-0.21484375,-0.283203125
38057,1.220703125,1.19140625,-0.390625,-0.21484375
38058,1.11328125,1.23046875,-0.2734375,-0.322265625
38059,1.23046875,0.99609375,-0.166015625,-0.21484375
38060,1.19140625,1.2109375,-0.234375,-0.263671875
38061,1.23046875,1.2109375,-0.263671875,-0.29296875
38062,1.2890625,1.25,-0.224609375,-0.283203125
38063,1.220703125,1.2109375,-0.2734375,-0.283203125
38064,1.279296875,1.23046875,-0.25390625,-0.390625
38065,1.162109375,1.201171875,-0.361328125,-0.1953125
38066,1.19140625,1.162109375,-0.4296875,-0.146484375
38067,1.142578125,1.201171875,-0.361328125,-0.263671875
38068,1.044921875,1.26953125,-0.25390625,-0.2734375
38069,1.23046875,1.2109375,-0.205078125,-0.322265625
38070,1.171875,1.171875,-0.1953125,-0.15625
38071,1.318359375,1.26953125,-0.2734375,-0.2734375
38072,1.142578125,1.1328125,-0.3125,-0.3515625
38073,1.220703125,1.220703125,-0.33203125,-0.25390625
38074,1.123046875,1.220703125,-0.29296875,-0.263671875
38075,1.19140625,1.19140625,-0.1953125,-0.400390625
38076,1.171875,1.19140625,-0.263671875,-0.29296875
38077,1.171875,1.38671875,-0.283203125,-0.29296875
38078,1.259765625,1.259765625,-0.234375,-0.37109375
38079,1.240234375,1.15234375,-0.283203125,-0.419921875
38080,1.181640625,1.279296875,-0.21484375,-0.33203125
38081,1.162109375,1.103515625,-0.234375,-0.341796875
38082,1.25,1.15234375,-0.33203125,-0.224609375
38083,1.240234375,1.26953125,-0.234375,-0.25390625
38084,1.240234375,1.2109375,-0.244140625,-0.283203125
38085,1.220703125,1.201171875,-0.263671875,-0.244140625
38086,1.34765625,1.15234375,-0.25390625,-0.302734375
38087,1.220703125,1.142578125,-0.3125,-0.2734375
38088,1.2890625,1.181640625,-0.244140625,-0.361328125
38089,1.2890625,1.03515625,-0.263671875,-0.2734375
38090,1.259765625,1.240234375,-0.29296875,-0.224609375
38091,1.201171875,1.2109375,-0.2734375,-0.341796875
38092,1.1328125,1.1328125,-0.3125,-0.3515625
38093,1.2890625,1.337890625,-0.205078125,-0.3125
38094,1.26953125,1.162109375,-0.234375,-0.41015625
38095,1.09375,1.15234375,-0.263671875,-0.29296875
38096,1.201171875,1.15234375,-0.361328125,-0.4296875
38097,1.279296875,1.181640625,-0.21484375,-0.205078125
38098,1.25,1.171875,-0.205078125,-0.322265625
38099,1.34765625,1.201171875,-0.15625,-0.33203125
38100,1.19140625,1.19140625,-0.302734375,-0.322265625
38101,1.220703125,1.201171875,-0.341796875,-0.3125
38102,1.328125,1.19140625,-0.25390625,-0.3515625
38103,1.30859375,1.279296875,-0.244140625,-0.21484375
38104,1.162109375,1.26953125,-0.29296875,-0.41015625
38105,1.26953125,1.240234375,-0.46875,-0.224609375
38106,1.279296875,1.30859375,-0.341796875,-0.33203125
38107,1.26953125,1.240234375,-0.21484375,-0.37109375
38108,1.30859375,1.2109375,-0.2734375,-0.283203125
38109,1.25,1.162109375,-0.3125,-0.37109375
38110,1.279296875,1.2109375,-0.302734375,-0.419921875
38111,1.23046875,1.064453125,-0.21484375,-0.322265625
38112,1.2890625,1.259765625,-0.244140625,-0.29296875
38113,1.376953125,1.181640625,-0.263671875,-0.3125
38114,1.298828125,1.259765625,-0.078125,-0.341796875
38115,1.34765625,1.240234375,-0.15625,-0.341796875
38116,1.181640625,1.259765625,-0.29296875,-0.37109375
38117,1.259765625,1.1328125,-0.224609375,-0.2734375
38118,1.23046875,1.19140625,-0.15625,-0.234375
38119,1.328125,1.23046875,-0.21484375,-0.341796875
38120,1.25,1.25,-0.1953125,-0.33203125
38121,1.26953125,1.279296875,-0.166015625,-0.3125
38122,1.23046875,1.23046875,-0.2734375,-0.302734375
38123,1.23046875,1.142578125,-0.21484375,-0.322265625
38124,1.34765625,1.23046875,-0.21484375,-0.390625
38125,1.30859375,1.25,-0.302734375,-0.25390625
38126,1.3671875,1.181640625,-0.361328125,-0.302734375
38127,1.30859375,1.2109375,-0.3125,-0.322265625
38128,1.26953125,1.26953125,-0.283203125,-0.33203125
38129,1.19140625,1.15234375,-0.263671875,-0.3125
38130,1.240234375,1.259765625,-0.126953125,-0.400390625
38131,1.34765625,1.2109375,-0.263671875,-0.185546875
38132,1.357421875,1.279296875,-0.302734375,-0.322265625
38133,1.279296875,1.3671875,-0.322265625,-0.322265625
38134,1.240234375,1.298828125,-0.25390625,-0.29296875
38135,1.19140625,1.240234375,-0.29296875,-0.419921875
38136,1.34765625,1.220703125,-0.302734375,-0.3515625
38137,1.40625,1.298828125,-0.3125,-0.29296875
38138,1.357421875,1.396484375,-0.25390625,-0.3515625
38139,1.357421875,1.30859375,-0.33203125,-0.29296875
38140,1.416015625,1.240234375,-0.2734375,-0.4296875
38141,1.3671875,1.337890625,-0.244140625,-0.29296875
38142,1.318359375,1.26953125,-0.224609375,-0.3125
38143,1.2109375,1.2890625,-0.224609375,-0.400390625
38144,1.5234375,1.337890625,-0.146484375,-0.33203125
38145,1.318359375,1.142578125,-0.1171875,-0.3515625
38146,1.279296875,1.30859375,-0.166015625,-0.244140625
38147,1.357421875,1.298828125,-0.1953125,-0.322265625
38148,1.318359375,1.376953125,-0.126953125,-0.41015625
38149,1.30859375,1.279296875,-0.234375,-0.33203125
38150,1.171875,1.38671875,-0.234375,-0.3125
38151,1.23046875,1.337890625,-0.29296875,-0.390625
38152,1.30859375,1.240234375,-0.146484375,-0.302734375
38153,1.2890625,1.259765625,-0.205078125,-0.3515625
38154,1.25,1.123046875,-0.224609375,-0.380859375
38155,1.279296875,1.240234375,-0.29296875,-0.380859375
38156,1.220703125,1.26953125,-0.283203125,-0.498046875
38157,1.298828125,1.2109375,-0.4296875,-0.361328125
38158,1.259765625,1.23046875,-0.29296875,-0.322265625
38159,1.337890625,1.328125,-0.263671875,-0.341796875
38160,1.259765625,1.19140625,-0.1171875,-0.361328125
38161,1.2109375,1.142578125,-0.400390625,-0.33203125
38162,1.162109375,1.19140625,-0.33203125,-0.3125
38163,1.2109375,1.162109375,-0.3125,-0.341796875
38164,1.201171875,1.2109375,-0.263671875,-0.302734375
38165,1.2890625,1.220703125,-0.2734375,-0.17578125
38166,1.279296875,1.23046875,-0.166015625,-0.341796875
38167,1.26953125,1.220703125,-0.361328125,-0.419921875
38168,1.1328125,1.171875,-0.263671875,-0.3125
38169,1.3671875,1.201171875,-0.46875,-0.341796875
38170,1.162109375,1.220703125,-0.361328125,-0.29296875
38171,1.19140625,1.220703125,-0.2734375,-0.2734375
38172,1.318359375,1.0546875,-0.244140625,-0.341796875
38173,1.25,1.2109375,-0.244140625,-0.3515625
38174,1.298828125,1.279296875,-0.2734375,-0.166015625
38175,1.26953125,1.15234375,-0.322265625,-0.3125
38176,1.240234375,1.240234375,-0.263671875,-0.361328125
38177,1.162109375,1.26953125,-0.234375,-0.341796875
38178,1.259765625,1.279296875,-0.302734375,-0.341796875
38179,1.240234375,1.25,-0.302734375,-0.25390625
38180,1.26953125,1.26953125,-0.302734375,-0.33203125
38181,1.23046875,1.19140625,-0.205078125,-0.3515625
38182,1.259765625,1.201171875,-0.390625,-0.361328125
38183,1.298828125,1.25,-0.3125,-0.517578125
38184,1.25,1.259765625,-0.244140625,-0.341796875
38185,1.142578125,1.259765625,-0.234375,-0.3125
38186,1.23046875,1.240234375,-0.283203125,-0.322265625
38187,1.201171875,1.513671875,-0.244140625,-0.3515625
38188,1.2109375,1.240234375,-0.244140625,-0.244140625
38189,1.181640625,1.259765625,-0.146484375,-0.29296875
38190,1.123046875,1.162109375,-0.244140625,-0.3125
38191,1.279296875,1.2109375,-0.2734375,-0.341796875
38192,1.15234375,1.2890625,-0.29296875,-0.400390625
38193,1.1328125,1.123046875,-0.224609375,-0.322265625
38194,1.171875,1.298828125,-0.322265625,-0.4296875
38195,1.181640625,1.201171875,-0.21484375,-0.4296875
38196,1.064453125,1.279296875,-0.283203125,-0.322265625
38197,1.2109375,1.328125,-0.33203125,-0.361328125
38198,1.25,1.19140625,-0.283203125,-0.478515625
38199,1.171875,1.23046875,-0.224609375,-0.33203125
38200,1.142578125,1.279296875,-0.1953125,-0.361328125
38201,1.19140625,1.201171875,-0.244140625,-0.458984375
38202,1.103515625,1.25,-0.234375,-0.361328125
38203,1.142578125,1.03515625,-0.2734375,-0.390625
38204,1.07421875,1.259765625,-0.302734375,-0.341796875
38205,1.23046875,1.259765625,-0.29296875,-0.400390625
38206,1.142578125,1.123046875,-0.205078125,-0.439453125
38207,1.181640625,1.162109375,-0.234375,-0.3125
38208,1.34765625,1.181640625,-0.224609375,-0.390625
38209,1.220703125,1.103515625,-0.15625,-0.458984375
38210,1.259765625,1.103515625,-0.3125,-0.009765625
38211,1.123046875,1.220703125,-0.1953125,-0.380859375
38212,1.201171875,1.142578125,-0.21484375,-0.390625
38213,1.328125,1.123046875,-0.1953125,-0.244140625
38214,1.181640625,1.1328125,-0.263671875,-0.380859375
38215,1.26953125,1.2109375,-0.361328125,-0.478515625
38216,1.162109375,1.1328125,-0.17578125,-0.37109375
38217,1.2109375,1.15234375,-0.244140625,-0.37109375
38218,1.181640625,0.91796875,-0.400390625,-0.3515625
38219,1.240234375,1.064453125,-0.2734375,-0.3125
38220,1.259765625,1.083984375,-0.3125,-0.33203125
38221,1.26953125,1.064453125,-0.1953125,-0.322265625
38222,1.328125,1.103515625,-0.341796875,-0.2734375
38223,1.15234375,1.142578125,-0.302734375,-0.283203125
38224,1.318359375,1.2109375,-0.185546875,-0.380859375
38225,1.279296875,1.005859375,-0.302734375,-0.41015625
38226,1.279296875,1.11328125,-0.09765625,-0.400390625
38227,1.279296875,1.11328125,-0.263671875,-0.37109375
38228,1.220703125,1.171875,-0.224609375,-0.400390625
38229,1.23046875,1.0546875,-0.2734375,-0.25390625
38230,1.220703125,1.15234375,-0.17578125,-0.341796875
38231,1.15234375,0.927734375,-0.2734375,-0.33203125
38232,1.220703125,1.064453125,-0.166015625,-0.25390625
38233,1.23046875,1.162109375,-0.185546875,-0.302734375
38234,1.171875,1.181640625,-0.126953125,-0.29296875
38235,1.19140625,1.103515625,-0.2734375,-0.361328125
38236,1.181640625,1.0546875,-0.2734375,-0.380859375
38237,1.201171875,1.19140625,-0.29296875,-0.244140625
38238,1.259765625,1.07421875,-0.224609375,-0.41015625
38239,1.259765625,0.9765625,-0.283203125,-0.302734375
38240,1.240234375,1.220703125,-0.205078125,-0.25390625
38241,1.1328125,1.064453125,-0.15625,-0.234375
38242,1.15234375,1.064453125,-0.185546875,-0.341796875
38243,1.19140625,0.99609375,-0.048828125,-0.341796875
38244,1.240234375,1.15234375,-0.234375,-0.3515625
38245,1.23046875,1.025390625,-0.361328125,-0.3515625
38246,1.171875,1.0546875,-0.25390625,-0.322265625
38247,1.220703125,1.015625,-0.263671875,-0.283203125
38248,1.220703125,1.044921875,-0.21484375,-0.3515625
38249,1.181640625,1.201171875,-0.087890625,-0.3125
38250,1.298828125,1.064453125,-0.17578125,-0.380859375
38251,1.279296875,1.103515625,-0.21484375,-0.380859375
38252,1.19140625,0.99609375,-0.15625,-0.48828125
38253,1.240234375,1.083984375,-0.205078125,-0.3125
38254,1.240234375,1.015625,-0.17578125,-0.33203125
38255,1.220703125,0.966796875,-0.068359375,-0.41015625
38256,1.2109375,1.11328125,-0.25390625,-0.4296875
38257,1.298828125,1.201171875,-0.185546875,-0.341796875
38258,1.123046875,1.064453125,-0.21484375,-0.33203125
38259,1.19140625,1.07421875,-0.224609375,-0.361328125
38260,1.240234375,1.044921875,-0.185546875,-0.146484375
38261,1.2109375,1.0546875,-0.15625,-0.234375
38262,1.240234375,1.064453125,-0.166015625,-0.517578125
38263,1.337890625,1.083984375,-0.224609375,-0.283203125
38264,1.181640625,0.966796875,-0.17578125,-0.25390625
38265,1.220703125,0.99609375,-0.244140625,-0.341796875
38266,1.23046875,0.966796875,-0.224609375,-0.3515625
38267,1.328125,1.220703125,-0.224609375,-0.3515625
38268,1.30859375,0.966796875,-0.263671875,-0.33203125
38269,1.171875,0.888671875,-0.283203125,-0.390625
38270,1.19140625,0.947265625,-0.2734375,-0.283203125
38271,1.201171875,1.015625,-0.400390625,-0.185546875
38272,1.318359375,0.9375,-0.263671875,-0.1953125
38273,1.201171875,1.025390625,-0.166015625,-0.263671875
38274,1.09375,1.0546875,-0.25390625,-0.2734375
38275,1.201171875,0.966796875,-0.29296875,-0.322265625
38276,1.103515625,1.064453125,-0.15625,-0.322265625
38277,1.19140625,1.0546875,-0.2734375,-0.234375
38278,1.044921875,0.986328125,-0.29296875,-0.107421875
38279,1.171875,1.123046875,-0.166015625,-0.25390625
38280,1.162109375,1.025390625,-0.2734375,-0.46875
38281,1.09375,1.064453125,-0.234375,-0.21484375
38282,1.025390625,0.9765625,-0.21484375,-0.29296875
38283,1.201171875,0.95703125,-0.21484375,-0.3125
38284,1.240234375,0.95703125,-0.234375,-0.322265625
38285,1.044921875,1.044921875,-0.048828125,-0.33203125
38286,1.15234375,1.025390625,-0.107421875,-0.244140625
38287,1.11328125,1.064453125,-0.234375,-0.146484375
38288,1.162109375,0.99609375,-0.29296875,-0.3125
38289,1.171875,1.064453125,-0.2734375,-0.361328125
38290,1.1328125,1.142578125,-0.263671875,-0.380859375
38291,1.2890625,0.9765625,-0.126953125,-0.283203125
38292,1.201171875,1.07421875,-0.302734375,-0.478515625
38293,1.240234375,1.064453125,-0.21484375,-0.400390625
38294,1.240234375,1.005859375,-0.244140625,-0.3125
38295,1.220703125,1.07421875,-0.33203125,-0.13671875
38296,1.259765625,1.083984375,-0.25390625,-0.46875
38297,1.09375,1.240234375,-0.302734375,-0.224609375
38298,1.25,1.0546875,-0.166015625,-0.380859375
38299,1.2109375,1.044921875,-0.25390625,-0.458984375
38300,1.23046875,1.09375,-0.3125,-0.2734375
38301,1.201171875,0.9765625,-0.244140625,-0.341796875
38302,1.171875,1.083984375,-0.244140625,-0.419921875
38303,1.162109375,1.0546875,-0.146484375,-0.380859375
38304,1.201171875,1.09375,-0.3515625,-0.361328125
38305,1.25,1.09375,-0.234375,-0.380859375
38306,1.259765625,0.966796875,-0.205078125,-0.29296875
38307,1.2109375,1.083984375,-0.15625,-0.205078125
38308,1.162109375,1.07421875,-0.13671875,-0.224609375
38309,1.15234375,1.005859375,-0.224609375,-0.419921875
38310,1.123046875,1.07421875,-0.234375,-0.283203125
38311,1.1328125,1.09375,-0.263671875,-0.37109375
38312,1.328125,1.11328125,-0.224609375,-0.322265625
38313,1.15234375,0.8984375,-0.263671875,-0.3125
38314,1.162109375,1.103515625,-0.263671875,-0.390625
38315,1.142578125,1.11328125,-0.25390625,-0.33203125
38316,1.23046875,1.0546875,-0.302734375,-0.322265625
38317,1.142578125,1.11328125,-0.244140625,-0.263671875
38318,1.162109375,1.220703125,-0.2734375,-0.2734375
38319,1.2109375,0.95703125,-0.29296875,-0.322265625
38320,1.23046875,1.1328125,-0.21484375,-0.25390625
38321,1.181640625,1.083984375,-0.21484375,-0.33203125
38322,1.25,1.11328125,-0.17578125,-0.341796875
38323,1.240234375,1.083984375,-0.283203125,-0.576171875
38324,1.240234375,1.15234375,-0.234375,-0.33203125
38325,1.181640625,1.103515625,-0.205078125,-0.25390625
38326,1.30859375,1.064453125,-0.25390625,-0.25390625
38327,1.279296875,1.083984375,-0.234375,-0.3515625
38328,1.220703125,1.23046875,-0.234375,-0.302734375
38329,1.220703125,1.044921875,-0.205078125,-0.302734375
38330,1.15234375,1.015625,-0.224609375,-0.1953125
38331,1.220703125,1.103515625,-0.205078125,-0.302734375
38332,1.259765625,1.123046875,-0.25390625,-0.1953125
38333,1.15234375,1.0546875,-0.146484375,-0.263671875
38334,1.26953125,1.09375,-0.2734375,-0.25390625
38335,1.3671875,1.181640625,-0.244140625,-0.29296875
38336,1.240234375,1.15234375,-0.09765625,-0.41015625
38337,1.25,1.1328125,-0.185546875,-0.244140625
38338,1.2890625,1.09375,-0.166015625,-0.13671875
38339,1.328125,1.03515625,-0.29296875,-0.29296875
38340,1.26953125,1.201171875,-0.224609375,-0.3125
38341,1.298828125,1.11328125,-0.078125,-0.234375
38342,1.142578125,1.0546875,-0.166015625,-0.234375
38343,1.2109375,1.025390625,-0.078125,-0.25390625
38344,1.171875,1.11328125,-0.29296875,-0.205078125
38345,1.19140625,1.09375,-0.1953125,-0.380859375
38346,1.26953125,1.11328125,-0.1171875,-0.33203125
38347,1.19140625,1.07421875,-0.205078125,-0.37109375
38348,1.26953125,1.171875,-0.21484375,-0.15625
38349,1.298828125,1.07421875,-0.244140625,-0.2734375
38350,1.259765625,1.162109375,-0.2734375,-0.17578125
38351,1.083984375,1.09375,-0.146484375,-0.3515625
38352,1.181640625,1.015625,-0.146484375,-0.3125
38353,1.2109375,1.15234375,-0.107421875,-0.419921875
38354,1.142578125,1.171875,-0.224609375,-0.341796875
38355,1.103515625,1.142578125,-0.15625,-0.3515625
38356,1.19140625,1.181640625,-0.283203125,-0.244140625
38357,1.25,1.103515625,-0.1953125,-0.400390625
38358,1.19140625,1.005859375,-0.263671875,-0.283203125
38359,1.181640625,0.986328125,-0.21484375,-0.2734375
38360,1.162109375,1.09375,-0.185546875,-0.380859375
38361,1.19140625,1.09375,-0.205078125,-0.302734375
38362,1.171875,1.123046875,-0.283203125,-0.205078125
38363,1.181640625,1.03515625,-0.302734375,-0.244140625
38364,1.201171875,1.015625,-0.15625,-0.33203125
38365,1.103515625,1.181640625,-0.419921875,-0.224609375
38366,1.123046875,1.142578125,-0.1953125,-0.380859375
38367,1.201171875,1.064453125,-0.21484375,-0.263671875
38368,1.181640625,1.083984375,-0.2734375,-0.322265625
38369,1.15234375,1.044921875,-0.1953125,-0.322265625
38370,1.240234375,1.25,-0.361328125,-0.25390625
38371,1.240234375,1.171875,-0.126953125,-0.244140625
38372,1.142578125,1.103515625,-0.25390625,-0.21484375
38373,1.07421875,1.162109375,-0.185546875,-0.244140625
38374,1.2109375,1.044921875,-0.185546875,-0.234375
38375,1.19140625,1.123046875,-0.29296875,-0.15625
38376,1.357421875,1.3671875,-0.244140625,-0.244140625
38377,1.171875,1.103515625,-0.25390625,-0.224609375
38378,1.25,1.123046875,-0.380859375,-0.224609375
38379,1.298828125,1.15234375,-0.322265625,-0.234375
38380,1.201171875,1.09375,-0.224609375,-0.302734375
38381,1.15234375,1.09375,-0.3125,-0.302734375
38382,1.318359375,1.103515625,-0.283203125,-0.234375
38383,1.2109375,0.99609375,-0.166015625,-0.224609375
38384,1.34765625,1.103515625,-0.400390625,-0.107421875
38385,1.2109375,1.1328125,-0.400390625,-0.166015625
38386,1.142578125,1.1328125,-0.341796875,-0.263671875
38387,1.181640625,1.103515625,-0.25390625,-0.283203125
38388,1.2890625,1.171875,-0.322265625,-0.283203125
38389,1.201171875,1.103515625,-0.185546875,-0.224609375
38390,1.34765625,1.1328125,-0.263671875,-0.478515625
38391,1.11328125,1.064453125,-0.29296875,-0.1953125
38392,1.23046875,0.986328125,-0.205078125,-0.3125
38393,1.25,1.03515625,-0.283203125,-0.33203125
38394,1.083984375,1.142578125,-0.234375,-0.09765625
38395,1.23046875,1.0546875,-0.341796875,-0.263671875
38396,1.240234375,1.09375,-0.263671875,-0.185546875
38397,1.298828125,0.966796875,-0.224609375,-0.29296875
38398,1.337890625,0.986328125,-0.234375,-0.244140625
38399,1.09375,1.162109375,-0.341796875,-0.29296875
38400,1.2890625,1.083984375,-0.302734375,-0.37109375
38401,1.1328125,1.0546875,-0.234375,-0.244140625
38402,1.318359375,1.142578125,-0.263671875,-0.29296875
38403,1.19140625,1.11328125,-0.361328125,-0.09765625
38404,1.23046875,1.23046875,-0.05859375,-0.17578125
38405,1.171875,1.025390625,-0.283203125,-0.33203125
38406,1.162109375,1.11328125,-0.15625,-0.478515625
38407,1.15234375,1.25,-0.185546875,-0.234375
38408,1.220703125,1.171875,-0.263671875,-0.390625
38409,1.064453125,1.220703125,-0.29296875,-0.205078125
38410,1.07421875,1.123046875,-0.224609375,-0.244140625
38411,1.201171875,1.328125,-0.1953125,-0.361328125
38412,1.123046875,1.025390625,-0.25390625,-0.1953125
38413,1.1328125,1.064453125,-0.283203125,-0.25390625
38414,1.181640625,1.162109375,-0.21484375,-0.078125
38415,1.064453125,1.0546875,-0.234375,-0.29296875
38416,1.09375,1.298828125,-0.13671875,-0.21484375
38417,1.162109375,1.11328125,-0.146484375,-0.322265625
38418,1.19140625,1.162109375,-0.25390625,-0.185546875
38419,1.26953125,1.19140625,-0.25390625,-0.234375
38420,1.1328125,1.162109375,-0.13671875,-0.234375
38421,1.064453125,1.1328125,-0.244140625,-0.283203125
38422,1.142578125,1.025390625,-0.244140625,-0.234375
38423,1.15234375,1.162109375,-0.33203125,-0.17578125
38424,1.083984375,1.09375,-0.2734375,-0.205078125
38425,1.181640625,1.083984375,-0.3515625,-0.2734375
38426,1.220703125,1.181640625,-0.1171875,-0.322265625
38427,1.103515625,1.171875,-0.166015625,-0.341796875
38428,1.181640625,1.162109375,-0.15625,-0.25390625
38429,1.23046875,1.083984375,-0.29296875,-0.361328125
38430,1.240234375,1.142578125,-0.1953125,-0.244140625
38431,1.34765625,1.162109375,-0.185546875,-0.244140625
38432,1.2109375,1.26953125,-0.224609375,-0.29296875
38433,1.25,1.142578125,-0.263671875,-0.302734375
38434,1.220703125,1.26953125,-0.244140625,-0.283203125
38435,1.142578125,1.201171875,-0.4296875,-0.380859375
38436,1.162109375,1.220703125,-0.33203125,-0.166015625
38437,1.15234375,1.2109375,-0.234375,-0.2734375
38438,1.240234375,1.181640625,-0.146484375,-0.2734375
38439,1.2109375,1.1328125,-0.234375,-0.322265625
38440,1.298828125,1.171875,-0.283203125,-0.3125
38441,1.2109375,1.103515625,-0.283203125,-0.283203125
38442,1.19140625,1.201171875,-0.205078125,-0.341796875
38443,1.279296875,1.2109375,-0.25390625,-0.244140625
38444,1.123046875,1.25,-0.341796875,-0.1953125
38445,1.162109375,1.23046875,-0.1171875,-0.263671875
38446,1.0546875,1.142578125,-0.21484375,-0.1953125
38447,1.201171875,1.171875,-0.33203125,-0.341796875
38448,1.171875,1.220703125,-0.1953125,-0.25390625
38449,1.181640625,1.19140625,-0.166015625,-0.205078125
38450,1.19140625,1.26953125,-0.15625,-0.29296875
38451,1.23046875,1.181640625,-0.13671875,-0.126953125
38452,1.19140625,1.279296875,-0.244140625,-0.25390625
38453,1.162109375,1.2109375,-0.166015625,-0.205078125
38454,1.220703125,1.201171875,-0.3125,-0.01953125
38455,1.23046875,1.171875,-0.185546875,-0.2734375
38456,1.30859375,1.171875,-0.087890625,-0.29296875
38457,1.2109375,1.240234375,-0.068359375,-0.25390625
38458,1.318359375,1.240234375,-0.1953125,-0.244140625
38459,1.181640625,1.19140625,-0.166015625,-0.244140625
38460,1.25,1.11328125,-0.17578125,-0.322265625
38461,1.26953125,1.2109375,-0.234375,-0.29296875
38462,1.103515625,1.23046875,-0.302734375,-0.263671875
38463,1.240234375,1.162109375,-0.185546875,-0.068359375
38464,1.142578125,1.171875,-0.21484375,-0.21484375
38465,1.240234375,1.19140625,-0.244140625,-0.37109375
38466,1.171875,1.259765625,-0.068359375,-0.1953125
38467,1.103515625,1.2109375,-0.21484375,-0.15625
38468,1.2109375,1.15234375,-0.263671875,-0.185546875
38469,1.19140625,1.19140625,-0.185546875,-0.21484375
38470,1.298828125,1.25,-0.234375,-0.361328125
38471,1.240234375,1.23046875,-0.1953125,-0.3125
38472,1.19140625,1.26953125,-0.146484375,-0.2734375
38473,1.23046875,1.181640625,-0.234375,-0.46875
38474,1.279296875,1.162109375,-0.244140625,-0.3125
38475,1.171875,1.2109375,-0.3125,-0.390625
38476,1.171875,1.142578125,-0.205078125,-0.361328125
38477,1.083984375,1.240234375,-0.2734375,-0.25390625
38478,1.201171875,1.30859375,-0.224609375,-0.263671875
38479,1.34765625,1.19140625,-0.2734375,-0.15625
38480,1.220703125,1.26953125,-0.263671875,-0.2734375
38481,1.279296875,1.171875,-0.21484375,-0.322265625
38482,1.15234375,1.220703125,-0.166015625,-0.1953125
38483,1.220703125,1.142578125,-0.244140625,-0.322265625
38484,1.240234375,1.25,-0.1953125,-0.224609375
38485,1.220703125,1.142578125,-0.205078125,-0.244140625
38486,1.201171875,1.19140625,-0.263671875,-0.29296875
38487,1.318359375,1.103515625,-0.234375,-0.3125
38488,1.19140625,1.171875,-0.234375,-0.29296875
38489,1.25,1.240234375,-0.37109375,-0.302734375
38490,1.220703125,1.044921875,-0.25390625,-0.322265625
38491,1.240234375,1.23046875,-0.2734375,-0.234375
38492,1.2890625,1.0546875,-0.205078125,-0.283203125
38493,1.25,1.2109375,-0.13671875,-0.29296875
38494,1.25,1.201171875,-0.234375,-0.25390625
38495,1.2890625,1.19140625,-0.302734375,-0.263671875
38496,1.25,1.240234375,-0.400390625,-0.21484375
38497,1.181640625,1.142578125,-0.1953125,-0.3125
38498,1.1328125,1.11328125,-0.2734375,-0.25390625
38499,1.220703125,1.03515625,-0.15625,-0.29296875
38500,1.25,1.123046875,-0.224609375,-0.205078125
38501,1.279296875,1.279296875,-0.244140625,-0.322265625
38502,1.220703125,1.2109375,-0.341796875,-0.263671875
38503,1.26953125,1.240234375,-0.25390625,-0.322265625
38504,1.220703125,1.25,-0.302734375,-0.302734375
38505,1.171875,1.103515625,-0.322265625,-0.29296875
38506,1.23046875,1.220703125,-0.21484375,-0.322265625
38507,1.40625,1.25,-0.2734375,-0.2734375
38508,1.26953125,1.25,-0.21484375,-0.283203125
38509,1.181640625,1.19140625,-0.263671875,-0.302734375
38510,1.23046875,1.162109375,-0.2734375,-0.2734375
38511,1.25,1.181640625,-0.21484375,-0.29296875
38512,1.19140625,1.19140625,-0.263671875,-0.390625
38513,1.23046875,1.259765625,-0.21484375,-0.361328125
38514,1.2109375,1.025390625,-0.224609375,-0.3125
38515,1.201171875,1.11328125,-0.2734375,-0.25390625
38516,1.2109375,1.15234375,-0.234375,-0.29296875
38517,1.240234375,1.240234375,-0.25390625,-0.29296875
38518,1.2890625,1.15234375,-0.29296875,-0.29296875
38519,1.15234375,1.19140625,-0.244140625,-0.2734375
38520,1.240234375,1.083984375,-0.322265625,-0.263671875
38521,1.2109375,1.123046875,-0.25390625,-0.3125
38522,1.23046875,1.103515625,-0.3125,-0.244140625
38523,1.298828125,1.23046875,-0.244140625,-0.322265625
38524,1.298828125,1.2109375,-0.234375,-0.263671875
38525,1.201171875,1.220703125,-0.283203125,-0.146484375
38526,1.298828125,0.966796875,-0.33203125,-0.244140625
38527,1.30859375,1.123046875,-0.2734375,-0.224609375
38528,1.34765625,1.298828125,-0.322265625,-0.205078125
38529,1.26953125,1.337890625,-0.25390625,-0.283203125
38530,1.279296875,1.201171875,-0.244140625,-0.234375
38531,1.34765625,1.279296875,-0.263671875,-0.3515625
38532,1.30859375,1.30859375,-0.244140625,-0.283203125
38533,1.25,1.220703125,-0.322265625,-0.224609375
38534,1.298828125,1.181640625,-0.25390625,-0.390625
38535,1.357421875,1.259765625,-0.25390625,-0.3125
38536,1.30859375,1.30859375,-0.185546875,-0.263671875
38537,1.2890625,1.26953125,-0.302734375,-0.29296875
38538,1.298828125,1.25,-0.224609375,-0.25390625
38539,1.357421875,1.279296875,-0.3125,-0.302734375
38540,1.328125,1.240234375,-0.33203125,-0.322265625
38541,1.396484375,1.337890625,-0.234375,-0.322265625
38542,1.357421875,1.2109375,-0.302734375,-0.302734375
38543,1.396484375,1.240234375,-0.21484375,-0.29296875
38544,1.474609375,1.2109375,-0.1953125,-0.33203125
38545,1.357421875,1.1328125,-0.1953125,-0.380859375
38546,1.4453125,1.181640625,-0.224609375,-0.37109375
38547,1.40625,1.357421875,-0.15625,-0.33203125
38548,1.328125,1.259765625,-0.15625,-0.361328125
38549,1.357421875,1.2890625,-0.224609375,-0.458984375
38550,1.396484375,1.3671875,-0.17578125,-0.3515625
38551,1.30859375,1.19140625,-0.283203125,-0.361328125
38552,1.19140625,1.23046875,-0.21484375,-0.234375
38553,1.240234375,1.3671875,-0.224609375,-0.33203125
38554,1.240234375,1.240234375,-0.205078125,-0.33203125
38555,1.25,1.337890625,-0.1953125,-0.302734375
38556,1.26953125,1.23046875,-0.263671875,-0.3515625
38557,1.26953125,1.357421875,-0.302734375,-0.341796875
38558,1.279296875,1.26953125,-0.33203125,-0.146484375
38559,1.19140625,1.220703125,-0.205078125,-0.361328125
38560,1.26953125,1.279296875,-0.390625,-0.361328125
38561,1.181640625,1.26953125,-0.283203125,-0.33203125
38562,1.279296875,1.298828125,-0.2734375,-0.29296875
38563,1.2890625,1.357421875,-0.380859375,-0.37109375
38564,1.259765625,1.25,-0.4296875,-0.283203125
38565,1.298828125,1.2890625,-0.3125,-0.3515625
38566,1.279296875,1.376953125,-0.33203125,-0.33203125
38567,1.259765625,1.30859375,-0.25390625,-0.146484375
38568,1.328125,1.435546875,-0.322265625,-0.322265625
38569,1.376953125,1.3671875,-0.322265625,-0.3125
38570,1.30859375,1.328125,-0.1953125,-0.400390625
38571,1.34765625,1.2109375,-0.2734375,-0.283203125
38572,1.34765625,1.2109375,-0.302734375,-0.361328125
38573,1.279296875,1.259765625,-0.263671875,-0.400390625
38574,1.416015625,1.318359375,-0.21484375,-0.41015625
38575,1.3671875,1.25,-0.302734375,-0.361328125
38576,1.337890625,1.26953125,-0.3125,-0.3125
38577,1.42578125,1.34765625,-0.1953125,-0.44921875
38578,1.337890625,1.103515625,-0.146484375,-0.341796875
38579,1.279296875,1.220703125,-0.21484375,-0.263671875
38580,1.181640625,1.26953125,-0.244140625,-0.302734375
38581,1.26953125,1.337890625,-0.283203125,-0.390625
38582,1.30859375,1.298828125,-0.1171875,-0.361328125
38583,1.34765625,1.2109375,-0.302734375,-0.537109375
38584,1.279296875,1.240234375,-0.302734375,-0.361328125
38585,1.2890625,1.25,-0.166015625,-0.3125
38586,1.3671875,1.2890625,-0.25390625,-0.322265625
38587,1.259765625,1.26953125,-0.166015625,-0.37109375
38588,1.240234375,1.25,-0.3125,-0.44921875
38589,1.25,1.162109375,-0.2734375,-0.41015625
38590,1.279296875,1.240234375,-0.25390625,-0.37109375
38591,1.23046875,1.38671875,-0.234375,-0.439453125
38592,1.23046875,1.2109375,-0.263671875,-0.361328125
38593,1.328125,1.220703125,-0.166015625,-0.41015625
38594,1.279296875,1.15234375,-0.17578125,-0.3125
38595,1.201171875,1.171875,-0.283203125,-0.478515625
38596,1.279296875,1.23046875,-0.322265625,-0.380859375
38597,1.279296875,1.26953125,-0.15625,-0.4296875
38598,1.30859375,1.2109375,-0.29296875,-0.390625
38599,1.240234375,1.259765625,-0.15625,-0.400390625
38600,1.23046875,1.298828125,-0.224609375,-0.37109375
38601,1.38671875,1.240234375,-0.224609375,-0.263671875
38602,1.15234375,1.298828125,-0.146484375,-0.390625
38603,1.201171875,1.25,-0.244140625,-0.322265625
38604,1.181640625,1.279296875,-0.15625,-0.302734375
38605,1.279296875,1.2890625,-0.2734375,-0.37109375
38606,1.201171875,1.142578125,-0.2734375,-0.322265625
38607,1.201171875,1.220703125,-0.1953125,-0.341796875
38608,1.298828125,1.11328125,-0.205078125,-0.341796875
38609,1.26953125,1.220703125,-0.1953125,-0.419921875
38610,1.279296875,1.318359375,-0.185546875,-0.37109375
38611,1.181640625,1.25,-0.21484375,-0.341796875
38612,1.25,1.38671875,-0.09765625,-0.400390625
38613,1.25,1.220703125,-0.2734375,-0.41015625
38614,1.162109375,1.23046875,-0.234375,-0.361328125
38615,1.25,1.30859375,-0.322265625,-0.41015625
38616,1.240234375,1.25,-0.283203125,-0.33203125
38617,1.3671875,1.38671875,-0.283203125,-0.29296875
38618,1.25,1.2890625,-0.25390625,-0.302734375
38619,1.25,1.171875,-0.224609375,-0.390625
38620,1.3671875,1.298828125,-0.400390625,-0.2734375
38621,1.19140625,1.1328125,-0.1953125,-0.400390625
38622,1.279296875,1.26953125,-0.234375,-0.3515625
38623,1.19140625,1.328125,-0.29296875,-0.322265625
38624,1.181640625,1.240234375,-0.25390625,-0.380859375
38625,1.220703125,1.240234375,-0.33203125,-0.400390625
38626,1.044921875,1.11328125,-0.25390625,-0.41015625
38627,1.201171875,1.171875,-0.166015625,-0.4296875
38628,1.162109375,1.162109375,-0.224609375,-0.478515625
38629,1.162109375,1.1328125,-0.166015625,-0.400390625
38630,1.083984375,1.2109375,-0.146484375,-0.361328125
38631,1.15234375,1.15234375,-0.205078125,-0.322265625
38632,1.025390625,1.123046875,-0.1953125,-0.3515625
38633,1.162109375,1.23046875,0.009765625,-0.361328125
38634,1.23046875,1.220703125,-0.224609375,-0.166015625
38635,1.259765625,1.064453125,-0.185546875,-0.3515625
38636,1.26953125,1.259765625,-0.244140625,-0.3125
38637,1.25,1.2109375,-0.244140625,-0.498046875
38638,1.181640625,1.103515625,-0.17578125,-0.3515625
38639,1.201171875,1.1328125,-0.2734375,-0.302734375
38640,1.23046875,1.1328125,-0.419921875,-0.3515625
38641,1.171875,1.09375,-0.205078125,-0.341796875
38642,1.3671875,1.15234375,-0.205078125,-0.302734375
38643,1.2890625,1.064453125,-0.2734375,-0.33203125
38644,1.19140625,1.11328125,-0.3125,-0.29296875
38645,1.259765625,1.083984375,-0.146484375,-0.37109375
38646,1.279296875,1.09375,-0.322265625,-0.15625
38647,1.123046875,1.162109375,-0.1953125,-0.244140625
38648,1.220703125,0.9375,-0.322265625,-0.37109375
38649,1.23046875,1.11328125,-0.322265625,-0.5859375
38650,1.376953125,1.083984375,-0.25390625,-0.498046875
38651,1.2109375,1.064453125,-0.3125,-0.29296875
38652,1.240234375,1.123046875,-0.33203125,-0.478515625
38653,1.328125,1.15234375,-0.244140625,-0.33203125
38654,1.26953125,1.03515625,-0.205078125,-0.37109375
38655,1.240234375,1.07421875,-0.390625,-0.390625
38656,1.201171875,1.0546875,-0.283203125,-0.29296875
38657,1.298828125,1.09375,-0.1953125,-0.5078125
38658,1.220703125,1.298828125,-0.15625,-0.224609375
38659,1.181640625,1.083984375,-0.205078125,-0.322265625
38660,1.220703125,1.34765625,-0.29296875,-0.37109375
38661,1.220703125,0.95703125,-0.234375,-0.537109375
38662,1.220703125,1.09375,-0.2734375,-0.37109375
38663,1.09375,1.19140625,-0.205078125,-0.400390625
38664,1.25,1.07421875,-0.3125,-0.37109375
38665,1.162109375,1.044921875,-0.29296875,-0.361328125
38666,1.162109375,1.11328125,-0.283203125,-0.283203125
38667,1.240234375,1.19140625,-0.205078125,-0.33203125
38668,1.2890625,1.015625,-0.25390625,-0.361328125
38669,1.328125,0.966796875,-0.29296875,-0.3125
38670,1.142578125,1.11328125,-0.1953125,-0.3125
38671,1.318359375,1.044921875,-0.244140625,-0.390625
38672,1.30859375,1.025390625,-0.25390625,-0.25390625
38673,1.240234375,1.015625,-0.17578125,-0.29296875
38674,1.30859375,1.015625,-0.234375,-0.25390625
38675,1.220703125,1.025390625,-0.3125,-0.33203125
38676,1.220703125,1.015625,-0.126953125,-0.3125
38677,1.19140625,1.025390625,-0.283203125,-0.302734375
38678,1.279296875,1.142578125,-0.244140625,-0.322265625
38679,1.23046875,0.947265625,-0.1953125,-0.283203125
38680,1.2109375,1.142578125,-0.244140625,-0.361328125
38681,1.181640625,1.064453125,-0.322265625,-0.322265625
38682,1.19140625,1.162109375,-0.17578125,-0.3125
38683,1.181640625,1.03515625,-0.205078125,-0.224609375
38684,1.3671875,0.947265625,-0.224609375,-0.33203125
38685,1.240234375,1.2109375,-0.13671875,-0.244140625
38686,1.220703125,1.064453125,-0.21484375,-0.302734375
38687,1.181640625,1.1328125,-0.146484375,-0.3125
38688,1.181640625,0.927734375,-0.13671875,-0.341796875
38689,1.181640625,1.015625,-0.263671875,-0.29296875
38690,1.240234375,0.99609375,-0.1953125,-0.302734375
38691,1.19140625,1.064453125,-0.185546875,-0.380859375
38692,1.19140625,1.015625,-0.224609375,-0.390625
38693,1.201171875,1.103515625,-0.185546875,-0.33203125
38694,1.2890625,1.083984375,-0.1171875,-0.3125
38695,1.25,1.162109375,-0.2734375,-0.29296875
38696,1.30859375,0.9375,-0.146484375,-0.3515625
38697,1.162109375,0.869140625,-0.37109375,-0.263671875
38698,1.26953125,1.005859375,-0.2734375,-0.17578125
38699,1.220703125,1.0546875,-0.166015625,-0.4296875
38700,1.220703125,0.986328125,-0.33203125,-0.302734375
38701,1.23046875,0.908203125,-0.341796875,-0.263671875
38702,1.19140625,1.005859375,-0.263671875,-0.3125
38703,1.162109375,1.064453125,-0.234375,-0.283203125
38704,1.201171875,0.927734375,-0.419921875,-0.244140625
38705,1.181640625,1.025390625,-0.263671875,-0.244140625
38706,1.142578125,0.927734375,-0.302734375,-0.322265625
38707,1.0546875,1.044921875,-0.4296875,-0.33203125
38708,1.279296875,0.9765625,-0.21484375,-0.068359375
38709,1.181640625,1.0546875,-0.244140625,-0.302734375
38710,1.11328125,0.99609375,-0.224609375,-0.380859375
38711,1.26953125,0.99609375,-0.146484375,-0.458984375
38712,1.2109375,0.9765625,-0.17578125,-0.41015625
38713,1.171875,1.044921875,-0.263671875,-0.13671875
38714,1.2109375,1.044921875,-0.2734375,-0.1953125
38715,1.064453125,1.015625,-0.21484375,-0.341796875
38716,1.15234375,1.123046875,-0.234375,-0.37109375
38717,1.181640625,1.09375,-0.25390625,-0.4296875
38718,1.220703125,1.11328125,-0.25390625,-0.33203125
38719,1.240234375,0.966796875,-0.166015625,-0.3125
38720,1.220703125,1.064453125,-0.244140625,-0.46875
38721,1.123046875,0.99609375,-0.15625,-0.29296875
38722,1.2109375,1.142578125,-0.33203125,-0.3515625
38723,1.25,1.025390625,-0.185546875,-0.576171875
38724,1.2109375,1.015625,-0.322265625,-0.283203125
38725,1.171875,1.15234375,-0.048828125,-0.390625
38726,1.337890625,1.07421875,-0.25390625,-0.37109375
38727,1.25,1.044921875,-0.185546875,-0.29296875
38728,1.162109375,1.11328125,-0.1171875,-0.322265625
38729,1.240234375,1.015625,-0.234375,-0.234375
38730,1.30859375,1.142578125,-0.205078125,-0.1953125
38731,1.2890625,0.95703125,-0.244140625,-0.322265625
38732,1.201171875,1.09375,-0.146484375,-0.25390625
38733,1.123046875,1.09375,-0.21484375,-0.302734375
38734,1.142578125,0.859375,-0.205078125,-0.322265625
38735,1.1328125,1.03515625,-0.25390625,-0.3515625
38736,1.2109375,1.03515625,-0.126953125,-0.263671875
38737,1.15234375,0.8984375,-0.244140625,-0.341796875
38738,1.15234375,1.11328125,-0.224609375,-0.263671875
38739,1.142578125,1.064453125,-0.185546875,-0.2734375
38740,1.171875,1.083984375,-0.13671875,-0.37109375
38741,1.220703125,1.064453125,-0.244140625,-0.322265625
38742,1.171875,1.064453125,-0.166015625,-0.302734375
38743,1.181640625,1.005859375,-0.185546875,-0.3125
38744,1.103515625,1.005859375,-0.244140625,-0.185546875
38745,1.19140625,1.1328125,-0.234375,-0.322265625
38746,1.162109375,1.103515625,-0.263671875,-0.302734375
38747,1.23046875,1.103515625,-0.166015625,-0.205078125
38748,1.26953125,1.25,-0.205078125,-0.3125
38749,1.181640625,1.09375,-0.41015625,-0.380859375
38750,1.181640625,1.162109375,-0.29296875,-0.29296875
38751,1.19140625,1.064453125,-0.15625,-0.33203125
38752,1.162109375,1.064453125,-0.380859375,-0.33203125
38753,1.2109375,1.064453125,-0.29296875,-0.458984375
38754,1.181640625,1.09375,-0.33203125,-0.29296875
38755,1.1328125,0.986328125,-0.302734375,-0.3515625
38756,1.298828125,1.15234375,-0.17578125,-0.263671875
38757,1.1328125,1.07421875,-0.234375,-0.322265625
38758,1.26953125,0.99609375,-0.263671875,-0.322265625
38759,1.23046875,1.103515625,-0.1953125,-0.21484375
38760,1.337890625,1.181640625,-0.283203125,-0.283203125
38761,1.2109375,1.11328125,-0.3125,-0.302734375
38762,1.162109375,1.0546875,-0.146484375,-0.21484375
38763,1.357421875,1.11328125,-0.224609375,-0.244140625
38764,1.201171875,1.11328125,-0.205078125,-0.2734375
38765,1.23046875,1.015625,-0.185546875,-0.166015625
38766,1.19140625,1.044921875,-0.283203125,-0.234375
38767,1.26953125,0.986328125,-0.234375,-0.283203125
38768,1.220703125,1.11328125,-0.263671875,-0.322265625
38769,1.15234375,1.07421875,-0.17578125,-0.17578125
38770,1.19140625,1.07421875,-0.205078125,-0.29296875
38771,1.1328125,1.064453125,-0.107421875,-0.166015625
38772,1.005859375,1.07421875,-0.224609375,-0.15625
38773,1.19140625,1.064453125,-0.29296875,-0.380859375
38774,1.201171875,1.0546875,-0.21484375,-0.3125
38775,1.2109375,1.19140625,-0.166015625,-0.234375
38776,1.123046875,1.03515625,-0.234375,-0.283203125
38777,1.11328125,1.171875,-0.302734375,-0.322265625
38778,1.11328125,1.11328125,-0.17578125,-0.322265625
38779,1.09375,1.09375,-0.09765625,-0.166015625
38780,1.181640625,1.064453125,-0.126953125,-0.2734375
38781,1.220703125,1.0546875,-0.205078125,-0.234375
38782,1.15234375,1.09375,-0.224609375,-0.29296875
38783,1.1328125,1.11328125,-0.146484375,-0.37109375
38784,1.11328125,1.11328125,-0.205078125,-0.3515625
38785,1.09375,1.07421875,-0.244140625,-0.302734375
38786,1.171875,1.09375,-0.13671875,-0.29296875
38787,1.2109375,1.09375,-0.205078125,-0.4296875
38788,0.986328125,1.083984375,-0.17578125,-0.263671875
38789,1.25,1.09375,-0.087890625,-0.234375
38790,1.259765625,1.044921875,-0.21484375,-0.2734375
38791,1.09375,1.044921875,-0.185546875,-0.263671875
38792,1.162109375,1.181640625,-0.15625,-0.29296875
38793,1.201171875,1.083984375,-0.25390625,-0.244140625
38794,1.123046875,1.025390625,-0.283203125,-0.2734375
38795,1.19140625,1.083984375,-0.1953125,-0.224609375
38796,1.181640625,1.09375,-0.234375,-0.29296875
38797,1.328125,0.9375,-0.283203125,-0.1953125
38798,1.23046875,1.025390625,-0.244140625,-0.2734375
38799,1.15234375,1.15234375,-0.25390625,-0.25390625
38800,1.259765625,1.142578125,-0.341796875,-0.224609375
38801,1.162109375,1.0546875,-0.3125,-0.3125
38802,1.26953125,1.11328125,-0.234375,-0.3125
38803,1.2109375,1.03515625,-0.224609375,-0.244140625
38804,1.2890625,1.064453125,-0.01953125,-0.21484375
38805,1.23046875,1.015625,-0.2734375,-0.166015625
38806,1.162109375,1.005859375,-0.29296875,-0.224609375
38807,1.201171875,1.0546875,-0.341796875,-0.21484375
38808,1.19140625,1.09375,-0.244140625,-0.185546875
38809,1.328125,1.123046875,-0.29296875,-0.224609375
38810,1.181640625,1.064453125,-0.3515625,-0.185546875
38811,1.25,1.07421875,-0.2734375,-0.263671875
38812,1.162109375,1.083984375,-0.361328125,-0.244140625
38813,1.162109375,1.162109375,-0.244140625,-0.21484375
38814,1.1328125,1.083984375,-0.322265625,-0.234375
38815,1.201171875,1.07421875,-0.205078125,-0.244140625
38816,1.171875,1.083984375,-0.3515625,-0.263671875
38817,1.123046875,0.9375,-0.2734375,-0.205078125
38818,1.162109375,1.03515625,-0.2734375,-0.185546875
38819,1.19140625,0.99609375,-0.400390625,-0.25390625
38820,1.220703125,1.09375,-0.244140625,-0.15625
38821,1.318359375,1.11328125,-0.244140625,-0.263671875
38822,1.240234375,1.09375,-0.1171875,-0.25390625
38823,1.181640625,1.09375,-0.283203125,-0.341796875
38824,1.240234375,1.0546875,-0.21484375,-0.205078125
38825,1.201171875,1.044921875,-0.283203125,-0.185546875
38826,1.220703125,1.1328125,-0.126953125,-0.2734375
38827,1.2109375,1.162109375,-0.21484375,-0.341796875
38828,1.015625,1.044921875,-0.205078125,-0.263671875
38829,1.123046875,1.11328125,-0.322265625,-0.17578125
38830,1.220703125,1.09375,-0.283203125,-0.087890625
38831,1.240234375,1.064453125,-0.283203125,-0.13671875
38832,1.07421875,1.09375,-0.185546875,-0.1953125
38833,1.11328125,1.07421875,-0.234375,-0.205078125
38834,1.1328125,1.03515625,-0.224609375,-0.3125
38835,1.1328125,1.19140625,-0.15625,-0.224609375
38836,1.044921875,1.201171875,-0.205078125,-0.29296875
38837,1.015625,1.11328125,-0.29296875,-0.21484375
38838,1.142578125,1.123046875,-0.205078125,-0.224609375
38839,1.19140625,1.09375,-0.21484375,-0.25390625
38840,1.19140625,1.171875,-0.25390625,-0.263671875
38841,1.15234375,1.1328125,-0.029296875,-0.283203125
38842,1.181640625,1.123046875,-0.17578125,-0.21484375
38843,1.025390625,1.15234375,-0.224609375,-0.234375
38844,1.1328125,1.15234375,-0.25390625,-0.3125
38845,1.015625,1.064453125,-0.244140625,-0.185546875
38846,1.0546875,1.279296875,-0.107421875,-0.1953125
38847,1.064453125,1.201171875,-0.244140625,-0.1953125
38848,1.2109375,1.123046875,-0.244140625,-0.009765625
38849,1.142578125,1.09375,-0.1171875,-0.25390625
38850,1.103515625,1.0546875,-0.21484375,-0.244140625
38851,1.1328125,1.103515625,-0.146484375,-0.21484375
38852,1.1328125,1.171875,-0.185546875,-0.244140625
38853,1.083984375,0.947265625,-0.146484375,-0.21484375
38854,1.09375,1.15234375,-0.1953125,-0.263671875
38855,1.044921875,1.103515625,-0.205078125,-0.302734375
38856,1.09375,1.19140625,-0.1953125,-0.205078125
38857,1.19140625,1.162109375,-0.205078125,-0.21484375
38858,1.2109375,1.328125,-0.13671875,-0.302734375
38859,1.240234375,1.03515625,-0.146484375,-0.29296875
38860,1.162109375,1.123046875,-0.205078125,-0.146484375
38861,1.23046875,1.123046875,-0.244140625,-0.234375
38862,1.162109375,1.064453125,-0.244140625,-0.2734375
38863,1.25,1.162109375,-0.29296875,-0.17578125
38864,1.201171875,1.15234375,-0.244140625,-0.21484375
38865,1.0546875,1.064453125,-0.2734375,-0.302734375
38866,1.171875,1.15234375,-0.2734375,-0.263671875
38867,1.318359375,1.181640625,-0.2734375,-0.2734375
38868,1.2109375,1.142578125,-0.302734375,-0.29296875
38869,1.240234375,1.2109375,-0.283203125,-0.2734375
38870,1.26953125,1.15234375,-0.33203125,-0.1953125
38871,1.2890625,1.19140625,-0.107421875,-0.29296875
38872,1.11328125,1.171875,-0.25390625,-0.205078125
38873,1.220703125,1.142578125,-0.17578125,-0.244140625
38874,1.240234375,1.103515625,-0.244140625,-0.283203125
38875,1.240234375,1.181640625,-0.3125,-0.2734375
38876,1.11328125,1.15234375,-0.263671875,-0.21484375
38877,1.1328125,1.2109375,-0.107421875,-0.234375
38878,1.19140625,1.171875,-0.205078125,-0.302734375
38879,1.171875,1.123046875,-0.205078125,-0.37109375
38880,1.1328125,1.181640625,-0.283203125,-0.283203125
38881,1.162109375,1.171875,-0.361328125,-0.283203125
38882,1.259765625,1.123046875,-0.25390625,-0.185546875
38883,1.162109375,1.11328125,-0.205078125,-0.25390625
38884,1.26953125,1.19140625,-0.13671875,-0.29296875
38885,1.11328125,1.181640625,-0.1953125,-0.322265625
38886,1.220703125,1.26953125,-0.05859375,-0.234375
38887,1.279296875,1.142578125,-0.126953125,-0.29296875
38888,1.123046875,1.30859375,-0.205078125,-0.322265625
38889,1.259765625,1.34765625,-0.205078125,-0.3125
38890,1.19140625,1.23046875,-0.166015625,-0.283203125
38891,1.240234375,1.11328125,-0.244140625,-0.302734375
38892,1.123046875,1.15234375,-0.29296875,-0.3125
38893,1.19140625,1.19140625,-0.341796875,-0.341796875
38894,1.123046875,1.162109375,-0.205078125,-0.263671875
38895,1.181640625,1.201171875,-0.234375,-0.2734375
38896,1.171875,1.201171875,-0.146484375,-0.09765625
38897,1.19140625,1.201171875,-0.224609375,-0.0390625
38898,1.09375,1.19140625,-0.078125,-0.29296875
38899,1.201171875,1.279296875,-0.21484375,-0.234375
38900,1.103515625,1.181640625,-0.244140625,-0.44921875
38901,1.26953125,1.220703125,-0.234375,-0.25390625
38902,1.162109375,1.142578125,-0.107421875,-0.224609375
38903,1.171875,1.15234375,-0.166015625,-0.3515625
38904,1.259765625,1.162109375,-0.107421875,-0.3125
38905,1.15234375,1.044921875,-0.224609375,-0.341796875
38906,1.240234375,1.220703125,-0.25390625,-0.29296875
38907,1.07421875,1.201171875,-0.2734375,-0.25390625
38908,1.2890625,1.279296875,-0.263671875,-0.3125
38909,1.26953125,1.181640625,-0.244140625,-0.263671875
38910,1.2890625,1.25,-0.17578125,-0.322265625
38911,1.220703125,1.240234375,-0.1953125,-0.21484375
38912,1.19140625,1.2109375,-0.25390625,-0.44921875
38913,1.23046875,1.2109375,-0.322265625,-0.3125
38914,1.171875,1.171875,-0.21484375,-0.2734375
38915,1.19140625,1.279296875,-0.234375,-0.29296875
38916,1.220703125,1.142578125,-0.29296875,-0.3515625
38917,1.181640625,1.09375,-0.380859375,-0.322265625
38918,1.23046875,1.142578125,-0.2734375,-0.2734375
38919,1.171875,1.162109375,-0.302734375,-0.380859375
38920,1.220703125,1.376953125,-0.244140625,-0.322265625
38921,1.162109375,1.171875,-0.25390625,-0.5859375
38922,1.171875,1.201171875,-0.29296875,-0.302734375
38923,1.171875,1.220703125,-0.244140625,-0.361328125
38924,1.171875,1.181640625,-0.25390625,-0.419921875
38925,1.09375,1.201171875,-0.263671875,-0.25390625
38926,1.201171875,1.1328125,-0.29296875,-0.33203125
38927,1.201171875,1.2109375,-0.244140625,-0.458984375
38928,1.171875,1.103515625,-0.1953125,-0.322265625
38929,1.19140625,1.240234375,-0.3125,-0.361328125
38930,1.171875,1.201171875,-0.29296875,-0.341796875
38931,1.11328125,1.23046875,-0.29296875,-0.3125
38932,1.318359375,1.26953125,-0.21484375,-0.283203125
38933,1.220703125,1.162109375,-0.224609375,-0.25390625
38934,1.318359375,1.23046875,-0.302734375,-0.09765625
38935,1.201171875,1.1328125,-0.439453125,-0.283203125
38936,1.201171875,1.171875,-0.341796875,-0.41015625
38937,1.123046875,1.220703125,-0.29296875,-0.322265625
38938,1.279296875,1.30859375,-0.341796875,-0.361328125
38939,1.201171875,1.2109375,-0.283203125,-0.3515625
38940,1.181640625,1.162109375,-0.2734375,-0.33203125
38941,1.201171875,1.142578125,-0.25390625,-0.302734375
38942,1.2890625,1.103515625,-0.37109375,-0.390625
38943,1.171875,1.2109375,-0.283203125,-0.205078125
38944,1.25,1.23046875,-0.29296875,-0.25390625
38945,1.416015625,1.162109375,-0.15625,-0.21484375
38946,1.240234375,1.181640625,-0.2734375,-0.33203125
38947,1.2890625,1.357421875,-0.33203125,-0.2734375
38948,1.259765625,1.240234375,-0.244140625,-0.37109375
38949,1.25,1.240234375,-0.2734375,-0.21484375
38950,1.19140625,1.259765625,-0.263671875,-0.302734375
38951,1.357421875,1.240234375,-0.25390625,-0.439453125
38952,1.259765625,1.23046875,-0.244140625,-0.224609375
38953,1.30859375,1.298828125,-0.1953125,-0.234375
38954,1.25,1.07421875,-0.322265625,-0.2734375
38955,1.2890625,1.2109375,-0.244140625,-0.244140625
38956,1.279296875,1.279296875,-0.33203125,-0.25390625
38957,1.26953125,1.2109375,-0.25390625,-0.2734375
38958,1.259765625,1.26953125,-0.17578125,-0.185546875
38959,1.318359375,1.220703125,-0.33203125,-0.283203125
38960,1.30859375,1.23046875,-0.37109375,-0.29296875
38961,1.328125,1.240234375,-0.224609375,-0.458984375
38962,1.240234375,1.240234375,-0.283203125,-0.302734375
38963,1.259765625,1.162109375,-0.107421875,-0.263671875
38964,1.2890625,1.26953125,-0.263671875,-0.3125
38965,1.220703125,1.19140625,-0.185546875,-0.302734375
38966,1.2890625,1.25,-0.185546875,-0.2734375
38967,1.455078125,1.171875,-0.322265625,-0.322265625
38968,1.34765625,1.25,-0.263671875,-0.3125
38969,1.3671875,1.23046875,-0.234375,-0.380859375
38970,1.337890625,1.123046875,-0.302734375,-0.107421875
38971,1.34765625,1.142578125,-0.2734375,-0.3125
38972,1.357421875,1.19140625,-0.33203125,-0.302734375
38973,1.26953125,1.220703125,-0.263671875,-0.21484375
38974,1.38671875,1.11328125,-0.21484375,-0.2734375
38975,1.318359375,1.259765625,-0.3515625,-0.44921875
38976,1.34765625,1.220703125,-0.224609375,-0.33203125
38977,1.337890625,1.220703125,-0.283203125,-0.302734375
38978,1.240234375,1.03515625,-0.263671875,-0.283203125
38979,1.357421875,1.23046875,-0.25390625,-0.419921875
38980,1.396484375,1.259765625,-0.244140625,-0.341796875
38981,1.3671875,1.240234375,-0.21484375,-0.302734375
38982,1.2109375,1.240234375,-0.17578125,-0.263671875
38983,1.38671875,1.220703125,-0.244140625,-0.283203125
38984,1.298828125,1.2890625,-0.166015625,-0.37109375
38985,1.279296875,1.298828125,-0.107421875,-0.361328125
38986,1.171875,1.2109375,-0.146484375,-0.400390625
38987,1.25,1.171875,-0.302734375,-0.3515625
38988,1.240234375,1.220703125,-0.3125,-0.341796875
38989,1.15234375,1.220703125,-0.33203125,-0.2734375
38990,1.30859375,1.1328125,-0.390625,-0.390625
38991,1.240234375,1.328125,-0.205078125,-0.390625
38992,1.259765625,1.142578125,-0.25390625,-0.37109375
38993,1.26953125,1.25,-0.21484375,-0.361328125
38994,1.376953125,1.2890625,-0.25390625,-0.302734375
38995,1.2890625,1.298828125,-0.25390625,-0.322265625
38996,1.328125,1.25,-0.3125,-0.380859375
38997,1.298828125,1.259765625,-0.244140625,-0.3515625
38998,1.15234375,1.181640625,-0.29296875,-0.283203125
38999,1.23046875,1.298828125,-0.263671875,-0.3515625
39000,1.318359375,1.220703125,-0.263671875,-0.21484375
39001,1.15234375,1.26953125,-0.2734375,-0.478515625
39002,1.298828125,1.2890625,-0.3125,-0.390625
39003,1.318359375,1.103515625,-0.2734375,-0.498046875
39004,1.328125,1.259765625,-0.224609375,-0.263671875
39005,1.328125,1.25,-0.341796875,-0.3515625
39006,1.240234375,1.2109375,-0.25390625,-0.25390625
39007,1.328125,1.259765625,-0.263671875,-0.478515625
39008,1.298828125,1.201171875,-0.25390625,-0.322265625
39009,1.30859375,1.26953125,-0.263671875,-0.48828125
39010,1.19140625,1.2109375,-0.322265625,-0.4296875
39011,1.2890625,1.15234375,-0.244140625,-0.380859375
39012,1.279296875,1.30859375,-0.166015625,-0.400390625
39013,1.2109375,1.162109375,-0.244140625,-0.341796875
39014,1.376953125,1.201171875,-0.166015625,-0.361328125
39015,1.26953125,1.181640625,-0.224609375,-0.390625
39016,1.30859375,1.25,-0.244140625,-0.361328125
39017,1.337890625,1.142578125,-0.2734375,-0.322265625
39018,1.298828125,1.25,-0.3515625,-0.439453125
39019,1.30859375,1.259765625,-0.322265625,-0.263671875
39020,1.259765625,1.298828125,-0.25390625,-0.361328125
39021,1.318359375,1.30859375,-0.21484375,-0.3515625
39022,1.240234375,1.171875,-0.361328125,-0.37109375
39023,1.201171875,1.044921875,-0.322265625,-0.419921875
39024,1.2109375,1.259765625,-0.25390625,-0.41015625
39025,1.220703125,1.23046875,-0.322265625,-0.400390625
39026,1.318359375,1.2109375,-0.3125,-0.361328125
39027,1.23046875,1.259765625,-0.2734375,-0.458984375
39028,1.23046875,1.19140625,-0.224609375,-0.3515625
39029,1.162109375,1.09375,-0.166015625,-0.390625
39030,1.19140625,1.201171875,-0.09765625,-0.341796875
39031,1.23046875,1.26953125,-0.21484375,-0.458984375
39032,1.26953125,1.11328125,-0.263671875,-0.419921875
39033,1.1328125,1.1328125,-0.224609375,-0.41015625
39034,1.201171875,1.181640625,-0.224609375,-0.224609375
39035,1.07421875,1.181640625,-0.1953125,-0.419921875
39036,1.23046875,1.123046875,-0.166015625,-0.361328125
39037,1.25,1.201171875,-0.263671875,-0.458984375
39038,1.23046875,1.083984375,-0.224609375,-0.41015625
39039,1.220703125,1.2109375,-0.166015625,-0.380859375
39040,1.142578125,1.279296875,-0.263671875,-0.341796875
39041,1.240234375,1.171875,-0.185546875,-0.361328125
39042,1.23046875,1.23046875,-0.244140625,-0.361328125
39043,1.123046875,1.220703125,-0.244140625,-0.41015625
39044,1.181640625,1.26953125,-0.3515625,-0.3515625
39045,1.181640625,1.220703125,-0.25390625,-0.390625
39046,1.23046875,1.220703125,-0.048828125,-0.52734375
39047,1.162109375,1.1328125,-0.283203125,-0.390625
39048,1.2109375,1.38671875,-0.322265625,-0.3515625
39049,1.23046875,1.259765625,-0.283203125,-0.576171875
39050,1.30859375,1.30859375,-0.322265625,-0.41015625
39051,1.11328125,1.23046875,-0.380859375,-0.361328125
39052,1.171875,1.220703125,-0.322265625,-0.390625
39053,1.220703125,1.23046875,-0.2734375,-0.361328125
39054,1.201171875,1.171875,-0.3515625,-0.33203125
39055,1.220703125,1.15234375,-0.41015625,-0.3125
39056,1.23046875,1.19140625,-0.25390625,-0.546875
39057,1.201171875,1.11328125,-0.205078125,-0.3515625
39058,1.220703125,1.162109375,-0.283203125,-0.3125
39059,1.240234375,1.201171875,-0.263671875,-0.3515625
39060,1.220703125,1.337890625,-0.25390625,-0.419921875
39061,1.171875,1.181640625,-0.29296875,-0.3515625
39062,1.123046875,1.201171875,-0.224609375,-0.390625
39063,1.201171875,1.142578125,-0.234375,-0.4296875
39064,1.2109375,1.181640625,-0.361328125,-0.361328125
39065,1.171875,1.19140625,-0.234375,-0.341796875
39066,1.220703125,1.015625,-0.21484375,-0.37109375
39067,1.142578125,1.259765625,-0.09765625,-0.478515625
39068,1.162109375,1.240234375,-0.185546875,-0.234375
39069,1.19140625,1.298828125,-0.263671875,-0.37109375
39070,1.09375,1.181640625,-0.283203125,-0.29296875
39071,1.2109375,1.23046875,-0.341796875,-0.46875
39072,1.1328125,1.201171875,-0.234375,-0.4296875
39073,1.162109375,0.91796875,-0.17578125,-0.46875
39074,1.34765625,1.09375,-0.322265625,-0.478515625
39075,1.123046875,0.986328125,-0.400390625,-0.37109375
39076,1.201171875,1.083984375,-0.263671875,-0.341796875
39077,1.162109375,1.103515625,-0.25390625,-0.419921875
39078,1.162109375,1.298828125,-0.244140625,-0.3515625
39079,1.23046875,1.123046875,-0.3515625,-0.3125
39080,1.220703125,1.103515625,-0.283203125,-0.44921875
39081,1.171875,1.07421875,-0.3125,-0.400390625
39082,1.30859375,1.162109375,-0.234375,-0.3515625
39083,1.298828125,1.171875,-0.224609375,-0.3125
39084,1.298828125,1.240234375,-0.322265625,-0.419921875
39085,1.142578125,0.91796875,-0.263671875,-0.341796875
39086,1.240234375,1.09375,-0.302734375,-0.4296875
39087,1.259765625,1.123046875,-0.263671875,-0.33203125
39088,1.220703125,1.083984375,-0.2734375,-0.341796875
39089,1.2890625,1.19140625,-0.302734375,-0.41015625
39090,1.2109375,1.005859375,-0.244140625,-0.361328125
39091,1.201171875,1.025390625,-0.21484375,-0.419921875
39092,0.99609375,1.123046875,-0.25390625,-0.498046875
39093,1.298828125,1.142578125,-0.322265625,-0.478515625
39094,1.25,1.2109375,-0.224609375,-0.37109375
39095,1.162109375,1.103515625,-0.234375,-0.263671875
39096,1.34765625,1.1328125,-0.21484375,-0.390625
39097,1.1328125,1.07421875,-0.1953125,-0.29296875
39098,1.25,1.123046875,-0.21484375,-0.33203125
39099,1.083984375,1.083984375,-0.3125,-0.302734375
39100,1.220703125,0.966796875,-0.234375,-0.37109375
39101,1.25,0.986328125,-0.21484375,-0.234375
39102,1.15234375,0.83984375,-0.17578125,-0.25390625
39103,1.240234375,1.044921875,-0.224609375,-0.341796875
39104,1.3671875,1.03515625,-0.3125,-0.361328125
39105,1.220703125,1.03515625,-0.205078125,-0.341796875
39106,1.1328125,0.99609375,-0.126953125,-0.3515625
39107,1.201171875,1.005859375,-0.1953125,-0.322265625
39108,1.0546875,0.99609375,-0.21484375,-0.21484375
39109,1.044921875,0.966796875,-0.224609375,-0.3515625
39110,1.083984375,0.986328125,-0.21484375,-0.234375
39111,1.30859375,0.9375,-0.205078125,-0.341796875
39112,1.181640625,1.162109375,-0.185546875,-0.3515625
39113,1.1328125,0.99609375,-0.234375,-0.146484375
39114,1.19140625,1.142578125,-0.224609375,-0.3125
39115,1.03515625,1.005859375,-0.078125,-0.224609375
39116,1.279296875,1.005859375,-0.224609375,-0.380859375
39117,1.171875,1.0546875,-0.2734375,-0.244140625
39118,1.201171875,1.07421875,-0.205078125,-0.322265625
39119,1.103515625,1.015625,-0.15625,-0.3125
39120,1.23046875,1.07421875,-0.205078125,-0.2734375
39121,1.318359375,1.11328125,-0.15625,-0.3515625
39122,1.26953125,1.123046875,-0.15625,-0.244140625
39123,1.298828125,1.025390625,-0.21484375,-0.478515625
39124,1.298828125,0.966796875,-0.21484375,-0.380859375
39125,1.25,0.9765625,-0.234375,-0.400390625
39126,1.259765625,1.0546875,-0.3515625,-0.234375
39127,1.2109375,1.025390625,-0.3515625,-0.283203125
39128,1.2890625,1.103515625,-0.29296875,-0.380859375
39129,1.181640625,0.908203125,-0.21484375,-0.21484375
39130,1.181640625,0.99609375,-0.283203125,-0.3125
39131,1.23046875,1.015625,-0.185546875,-0.56640625
39132,1.26953125,1.044921875,-0.263671875,-0.263671875
39133,1.435546875,1.025390625,-0.3125,-0.3125
39134,1.240234375,1.005859375,-0.283203125,-0.361328125
39135,1.162109375,1.015625,-0.2734375,-0.498046875
39136,1.142578125,0.9765625,-0.234375,-0.33203125
39137,1.19140625,0.966796875,-0.15625,-0.44921875
39138,1.162109375,1.005859375,-0.263671875,-0.361328125
39139,1.181640625,1.0546875,-0.29296875,-0.302734375
39140,1.1328125,1.0546875,-0.2734375,-0.41015625
39141,1.171875,1.03515625,-0.224609375,-0.302734375
39142,1.15234375,1.015625,-0.224609375,-0.390625
39143,1.142578125,1.015625,-0.224609375,-0.3515625
39144,1.15234375,1.0546875,-0.146484375,-0.537109375
39145,1.181640625,1.03515625,-0.05859375,-0.322265625
39146,1.142578125,0.986328125,-0.2734375,-0.25390625
39147,1.240234375,1.015625,-0.205078125,-0.3515625
39148,1.181640625,1.03515625,-0.224609375,-0.283203125
39149,1.259765625,0.966796875,-0.341796875,-0.302734375
39150,1.220703125,1.015625,-0.224609375,-0.25390625
39151,1.19140625,0.986328125,-0.1953125,-0.322265625
39152,1.26953125,1.181640625,-0.234375,-0.2734375
39153,1.19140625,1.0546875,-0.234375,-0.390625
39154,1.240234375,0.95703125,-0.21484375,-0.400390625
39155,1.201171875,0.966796875,-0.13671875,-0.3515625
39156,1.328125,1.015625,-0.21484375,-0.33203125
39157,1.376953125,1.044921875,-0.17578125,-0.3125
39158,1.201171875,1.015625,-0.15625,-0.29296875
39159,1.142578125,1.005859375,-0.322265625,-0.33203125
39160,1.15234375,0.87890625,-0.2734375,-0.361328125
39161,1.171875,1.03515625,-0.21484375,-0.322265625
39162,1.2109375,1.03515625,-0.1953125,-0.3515625
39163,1.142578125,1.044921875,-0.1953125,-0.419921875
39164,1.2109375,0.8984375,-0.322265625,-0.400390625
39165,1.044921875,1.03515625,-0.3125,-0.4296875
39166,1.103515625,1.0546875,-0.1953125,-0.37109375
39167,1.181640625,0.9765625,-0.25390625,-0.224609375
39168,1.103515625,0.9765625,-0.25390625,-0.205078125
39169,1.181640625,0.91796875,-0.2734375,-0.302734375
39170,1.15234375,0.966796875,0.01953125,-0.341796875
39171,1.09375,1.044921875,-0.234375,-0.25390625
39172,1.201171875,1.07421875,-0.234375,-0.302734375
39173,1.23046875,1.162109375,-0.302734375,-0.322265625
39174,1.123046875,1.11328125,-0.205078125,-0.41015625
39175,1.240234375,1.123046875,-0.205078125,-0.322265625
39176,1.15234375,1.15234375,-0.166015625,-0.3515625
39177,1.15234375,1.1328125,-0.146484375,-0.2734375
39178,1.2109375,1.064453125,-0.21484375,-0.29296875
39179,1.181640625,1.11328125,-0.0390625,-0.341796875
39180,1.181640625,1.083984375,-0.17578125,-0.283203125
39181,1.083984375,1.19140625,-0.185546875,-0.41015625
39182,1.201171875,1.083984375,-0.244140625,-0.37109375
39183,1.03515625,1.171875,-0.3125,-0.390625
39184,1.123046875,1.09375,-0.224609375,-0.33203125
39185,1.162109375,1.03515625,-0.17578125,-0.29296875
39186,1.1328125,1.09375,-0.25390625,-0.322265625
39187,1.162109375,1.0546875,-0.1953125,-0.3125
39188,1.259765625,1.044921875,-0.224609375,-0.322265625
39189,1.259765625,1.220703125,-0.25390625,-0.3125
39190,1.19140625,1.1328125,-0.224609375,-0.2734375
39191,1.240234375,1.044921875,-0.146484375,-0.283203125
39192,1.181640625,1.07421875,-0.2734375,-0.400390625
39193,1.19140625,1.11328125,-0.234375,-0.244140625
39194,1.044921875,1.064453125,-0.439453125,-0.244140625
39195,1.142578125,1.220703125,-0.224609375,-0.17578125
39196,1.142578125,1.162109375,-0.166015625,-0.341796875
39197,1.142578125,0.8984375,-0.21484375,-0.2734375
39198,1.19140625,1.064453125,-0.21484375,-0.3125
39199,1.142578125,1.0546875,-0.185546875,-0.302734375
39200,1.328125,1.11328125,-0.1953125,-0.29296875
39201,1.201171875,1.044921875,-0.234375,-0.341796875
39202,1.171875,1.07421875,-0.2734375,-0.302734375
39203,1.0546875,1.07421875,-0.302734375,-0.3125
39204,1.181640625,1.025390625,-0.224609375,-0.244140625
39205,1.201171875,1.044921875,-0.13671875,-0.380859375
39206,1.25,1.11328125,-0.224609375,-0.2734375
39207,1.259765625,1.162109375,-0.322265625,-0.2734375
39208,1.240234375,1.083984375,-0.224609375,-0.29296875
39209,1.2109375,1.142578125,-0.263671875,-0.17578125
39210,1.181640625,1.1328125,-0.224609375,-0.234375
39211,1.220703125,1.07421875,-0.244140625,-0.33203125
39212,1.103515625,1.11328125,-0.13671875,-0.185546875
39213,1.181640625,1.123046875,-0.234375,-0.2734375
39214,1.07421875,1.103515625,-0.1171875,-0.078125
39215,1.240234375,0.986328125,-0.2734375,-0.1953125
39216,1.240234375,1.181640625,-0.37109375,-0.1953125
39217,1.09375,1.09375,-0.205078125,-0.224609375
39218,1.34765625,1.19140625,-0.166015625,-0.234375
39219,1.171875,0.966796875,-0.15625,-0.263671875
39220,1.240234375,1.064453125,-0.1171875,-0.21484375
39221,1.23046875,1.083984375,-0.166015625,-0.283203125
39222,1.1328125,1.26953125,-0.244140625,-0.244140625
39223,1.1328125,1.142578125,-0.302734375,-0.322265625
39224,1.123046875,1.1328125,-0.166015625,-0.3125
39225,1.181640625,1.1328125,-0.21484375,-0.33203125
39226,1.1328125,1.123046875,-0.244140625,-0.37109375
39227,1.279296875,1.1328125,-0.3125,-0.13671875
39228,1.171875,1.123046875,-0.234375,-0.25390625
39229,1.123046875,1.19140625,-0.302734375,-0.3515625
39230,1.083984375,1.15234375,-0.25390625,-0.302734375
39231,1.171875,1.1328125,-0.361328125,-0.244140625
39232,1.25,1.11328125,-0.302734375,-0.263671875
39233,1.279296875,1.083984375,-0.25390625,-0.1953125
39234,1.240234375,1.103515625,-0.33203125,-0.234375
39235,1.25,1.142578125,-0.3125,-0.205078125
39236,1.2109375,1.09375,-0.234375,-0.29296875
39237,1.30859375,1.19140625,-0.283203125,-0.25390625
39238,1.1328125,1.083984375,-0.25390625,-0.234375
39239,1.30859375,1.11328125,-0.126953125,-0.185546875
39240,1.26953125,1.09375,-0.048828125,-0.263671875
39241,1.220703125,1.123046875,-0.400390625,-0.21484375
39242,1.19140625,1.09375,-0.3515625,-0.341796875
39243,1.240234375,1.03515625,-0.302734375,-0.283203125
39244,1.201171875,1.09375,-0.244140625,-0.3515625
39245,1.162109375,1.19140625,-0.380859375,-0.05859375
39246,1.171875,0.9765625,-0.322265625,-0.21484375
39247,1.201171875,1.07421875,-0.263671875,-0.263671875
39248,1.083984375,1.15234375,-0.234375,-0.2734375
39249,1.240234375,1.142578125,-0.263671875,-0.205078125
39250,1.328125,1.103515625,-0.2734375,-0.185546875
39251,1.142578125,1.142578125,-0.25390625,-0.1953125
39252,1.220703125,1.0546875,-0.205078125,-0.17578125
39253,1.162109375,1.142578125,-0.263671875,-0.05859375
39254,1.181640625,1.083984375,-0.15625,-0.283203125
39255,1.201171875,1.03515625,-0.205078125,-0.224609375
39256,1.181640625,1.064453125,-0.244140625,-0.15625
39257,1.19140625,1.0546875,-0.322265625,-0.3515625
39258,1.11328125,1.220703125,-0.29296875,-0.234375
39259,1.171875,1.123046875,-0.1953125,-0.09765625
39260,1.07421875,1.0546875,-0.224609375,-0.107421875
39261,1.11328125,1.0546875,-0.33203125,-0.263671875
39262,1.19140625,1.09375,-0.283203125,-0.185546875
39263,1.240234375,1.07421875,-0.25390625,-0.25390625
39264,1.142578125,1.142578125,-0.3125,-0.29296875
39265,1.171875,1.1328125,-0.166015625,-0.224609375
39266,1.103515625,1.083984375,-0.205078125,-0.234375
39267,1.171875,0.966796875,-0.283203125,-0.283203125
39268,1.220703125,0.8984375,-0.166015625,-0.205078125
39269,1.25,1.064453125,-0.224609375,-0.2734375
39270,1.11328125,1.0546875,-0.244140625,-0.29296875
39271,1.201171875,1.1328125,-0.244140625,-0.263671875
39272,1.220703125,1.11328125,-0.224609375,-0.1953125
39273,1.09375,1.083984375,-0.234375,-0.302734375
39274,1.171875,1.03515625,-0.341796875,-0.224609375
39275,1.103515625,1.0546875,-0.224609375,-0.1953125
39276,1.142578125,1.064453125,-0.13671875,-0.224609375
39277,1.181640625,1.083984375,-0.29296875,-0.341796875
39278,1.162109375,1.123046875,-0.224609375,-0.390625
39279,1.103515625,1.23046875,-0.25390625,-0.29296875
39280,1.1328125,1.044921875,-0.166015625,-0.322265625
39281,1.279296875,1.11328125,-0.166015625,-0.234375
39282,1.337890625,1.064453125,-0.21484375,-0.205078125
39283,1.103515625,1.19140625,-0.244140625,-0.25390625
39284,1.25,1.162109375,-0.244140625,-0.322265625
39285,1.09375,1.103515625,-0.2734375,-0.25390625
39286,1.201171875,1.07421875,-0.1953125,-0.283203125
39287,1.064453125,1.162109375,-0.1171875,-0.1171875
39288,1.162109375,1.2109375,-0.21484375,-0.234375
39289,1.30859375,1.11328125,-0.048828125,-0.283203125
39290,1.142578125,1.181640625,-0.205078125,-0.263671875
39291,1.26953125,1.162109375,-0.224609375,-0.1953125
39292,1.26953125,1.279296875,-0.205078125,-0.25390625
39293,1.171875,1.1328125,-0.244140625,-0.3125
39294,1.259765625,1.083984375,-0.244140625,-0.33203125
39295,1.2109375,1.123046875,-0.33203125,-0.224609375
39296,1.142578125,1.171875,-0.29296875,-0.29296875
39297,1.181640625,1.240234375,-0.244140625,-0.166015625
39298,1.2890625,1.07421875,-0.224609375,-0.3125
39299,1.30859375,1.25,-0.244140625,-0.390625
39300,1.220703125,1.181640625,-0.29296875,-0.263671875
39301,1.162109375,1.181640625,-0.283203125,-0.25390625
39302,1.240234375,1.171875,-0.244140625,-0.166015625
39303,1.201171875,1.19140625,-0.244140625,-0.3515625
39304,1.240234375,1.19140625,-0.126953125,-0.341796875
39305,1.19140625,1.240234375,-0.361328125,-0.361328125
39306,1.103515625,1.201171875,-0.283203125,-0.263671875
39307,1.2109375,1.279296875,-0.361328125,-0.263671875
39308,1.162109375,1.2109375,-0.41015625,-0.390625
39309,1.123046875,1.181640625,-0.244140625,-0.5859375
39310,1.083984375,1.19140625,-0.185546875,-0.3125
39311,1.220703125,1.171875,-0.3125,-0.400390625
39312,1.220703125,1.19140625,-0.234375,-0.107421875
39313,1.142578125,1.064453125,-0.185546875,-0.283203125
39314,1.201171875,0.99609375,-0.29296875,-0.224609375
39315,1.240234375,1.25,-0.1953125,-0.341796875
39316,1.240234375,1.2109375,-0.244140625,-0.29296875
39317,1.19140625,1.181640625,-0.1953125,-0.2734375
39318,1.19140625,1.220703125,-0.21484375,-0.185546875
39319,1.201171875,1.142578125,-0.224609375,-0.322265625
39320,1.171875,1.181640625,-0.205078125,-0.244140625
39321,1.240234375,1.171875,-0.283203125,-0.3515625
39322,1.181640625,1.19140625,-0.09765625,-0.3125
39323,1.171875,1.162109375,-0.205078125,-0.21484375
39324,1.19140625,1.201171875,-0.13671875,-0.29296875
39325,1.181640625,1.279296875,-0.29296875,-0.283203125
39326,1.171875,1.181640625,-0.107421875,-0.263671875
39327,1.181640625,1.171875,-0.13671875,-0.087890625
39328,1.25,1.23046875,-0.166015625,-0.2734375
39329,1.1328125,1.142578125,-0.29296875,-0.2734375
39330,1.25,1.23046875,-0.21484375,-0.3125
39331,1.123046875,1.318359375,-0.166015625,-0.25390625
39332,1.15234375,1.279296875,-0.361328125,-0.390625
39333,1.318359375,1.201171875,-0.1953125,-0.244140625
39334,1.26953125,1.142578125,-0.234375,-0.263671875
39335,1.201171875,1.279296875,-0.1953125,-0.25390625
39336,1.171875,1.201171875,-0.3125,-0.29296875
39337,1.11328125,1.201171875,-0.3125,-0.234375
39338,1.15234375,1.240234375,-0.29296875,-0.341796875
39339,1.220703125,1.201171875,-0.302734375,-0.1953125
39340,1.25,1.162109375,-0.302734375,-0.244140625
39341,1.201171875,1.201171875,-0.419921875,-0.2734375
39342,1.2890625,1.083984375,-0.283203125,-0.185546875
39343,1.23046875,1.11328125,-0.3125,-0.25390625
39344,1.09375,1.09375,-0.263671875,-0.302734375
39345,1.220703125,1.19140625,-0.322265625,-0.15625
39346,1.181640625,1.201171875,-0.29296875,-0.263671875
39347,1.220703125,1.259765625,-0.29296875,-0.21484375
39348,1.142578125,1.259765625,-0.29296875,-0.2734375
39349,1.142578125,1.181640625,-0.341796875,-0.3125
39350,1.181640625,1.42578125,-0.361328125,-0.263671875
39351,1.2109375,1.044921875,-0.263671875,-0.3125
39352,1.19140625,1.181640625,-0.29296875,-0.29296875
39353,1.201171875,1.1328125,-0.478515625,-0.234375
39354,1.201171875,1.19140625,-0.33203125,-0.390625
39355,1.123046875,1.171875,-0.341796875,-0.400390625
39356,1.171875,1.259765625,-0.361328125,-0.302734375
39357,1.201171875,1.19140625,-0.283203125,-0.263671875
39358,1.201171875,1.240234375,-0.3515625,-0.244140625
39359,1.298828125,1.15234375,-0.361328125,-0.3125
39360,1.162109375,1.09375,-0.3515625,-0.205078125
39361,1.279296875,1.181640625,-0.283203125,-0.25390625
39362,1.142578125,1.15234375,-0.21484375,-0.302734375
39363,1.09375,1.142578125,-0.25390625,-0.439453125
39364,1.11328125,1.220703125,-0.29296875,-0.41015625
39365,1.19140625,1.15234375,-0.21484375,-0.322265625
39366,1.201171875,1.2109375,-0.3515625,-0.244140625
39367,1.171875,1.181640625,-0.302734375,-0.41015625
39368,1.171875,1.220703125,-0.341796875,-0.1953125
39369,1.220703125,1.064453125,-0.185546875,-0.244140625
39370,1.25,1.162109375,-0.146484375,-0.244140625
39371,1.19140625,1.220703125,-0.25390625,-0.322265625
39372,1.30859375,1.07421875,-0.2734375,-0.400390625
39373,1.201171875,1.15234375,-0.322265625,-0.302734375
39374,1.201171875,1.123046875,-0.224609375,-0.244140625
39375,1.171875,1.171875,-0.380859375,-0.341796875
39376,1.34765625,1.19140625,-0.283203125,-0.380859375
39377,1.259765625,1.09375,-0.283203125,-0.390625
39378,1.298828125,1.162109375,-0.33203125,-0.400390625
39379,1.279296875,1.240234375,-0.234375,-0.185546875
39380,1.19140625,1.396484375,-0.322265625,-0.33203125
39381,1.25,1.201171875,-0.3125,-0.302734375
39382,1.19140625,1.201171875,-0.2734375,-0.41015625
39383,1.298828125,1.259765625,-0.2734375,-0.380859375
39384,1.23046875,1.19140625,-0.341796875,-0.390625
39385,1.2109375,1.2109375,-0.224609375,-0.341796875
39386,1.2890625,1.201171875,-0.25390625,-0.3515625
39387,1.25,1.23046875,-0.234375,-0.302734375
39388,1.298828125,1.19140625,-0.25390625,-0.25390625
39389,1.30859375,1.376953125,-0.263671875,-0.29296875
39390,1.240234375,1.2109375,-0.29296875,-0.341796875
39391,1.279296875,1.2109375,-0.224609375,-0.3515625
39392,1.30859375,1.2109375,-0.1953125,-0.341796875
39393,1.279296875,1.1328125,-0.33203125,-0.2734375
39394,1.259765625,1.201171875,-0.21484375,-0.263671875
39395,1.259765625,1.23046875,-0.244140625,-0.322265625
39396,1.220703125,1.40625,-0.1953125,-0.341796875
39397,1.25,1.171875,-0.322265625,-0.2734375
39398,1.11328125,1.220703125,-0.3125,-0.244140625
39399,1.357421875,1.328125,-0.302734375,-0.3515625
39400,1.38671875,1.220703125,-0.2734375,-0.361328125
39401,1.30859375,1.181640625,-0.263671875,-0.3515625
39402,1.337890625,1.19140625,-0.244140625,-0.263671875
39403,1.376953125,1.26953125,-0.29296875,-0.205078125
39404,1.298828125,1.201171875,-0.244140625,-0.361328125
39405,1.337890625,1.19140625,-0.361328125,-0.341796875
39406,1.416015625,1.162109375,-0.37109375,-0.25390625
39407,1.3671875,1.26953125,-0.3125,-0.29296875
39408,1.298828125,1.171875,-0.400390625,-0.302734375
39409,1.26953125,1.25,-0.263671875,-0.380859375
39410,1.26953125,1.171875,-0.3125,-0.29296875
39411,1.376953125,1.240234375,-0.25390625,-0.322265625
39412,1.142578125,1.181640625,-0.3125,-0.5078125
39413,1.2890625,1.240234375,-0.244140625,-0.29296875
39414,1.259765625,1.25,-0.224609375,-0.322265625
39415,1.30859375,1.25,-0.41015625,-0.302734375
39416,1.259765625,1.201171875,-0.1953125,-0.29296875
39417,1.26953125,1.240234375,-0.234375,-0.390625
39418,1.220703125,1.181640625,-0.234375,-0.263671875
39419,1.30859375,1.220703125,-0.224609375,-0.322265625
39420,1.279296875,1.181640625,-0.234375,-0.33203125
39421,1.25,1.15234375,-0.322265625,-0.2734375
39422,1.337890625,1.25,-0.21484375,-0.400390625
39423,1.240234375,1.1328125,-0.234375,-0.380859375
39424,1.328125,1.064453125,-0.4296875,-0.33203125
39425,1.30859375,1.220703125,-0.244140625,-0.322265625
39426,1.26953125,1.103515625,-0.263671875,-0.400390625
39427,1.25,1.318359375,-0.224609375,-0.400390625
39428,1.2890625,1.23046875,-0.21484375,-0.33203125
39429,1.298828125,1.19140625,-0.29296875,-0.380859375
39430,1.23046875,1.279296875,-0.263671875,-0.3515625
39431,1.3671875,1.19140625,-0.29296875,-0.33203125
39432,1.279296875,1.2109375,-0.3125,-0.380859375
39433,1.259765625,1.2109375,-0.234375,-0.41015625
39434,1.26953125,1.181640625,-0.21484375,-0.361328125
39435,1.357421875,1.19140625,-0.244140625,-0.37109375
39436,1.279296875,1.2109375,-0.224609375,-0.390625
39437,1.396484375,1.15234375,-0.2734375,-0.3515625
39438,1.337890625,1.09375,-0.13671875,-0.400390625
39439,1.2890625,1.201171875,-0.25390625,-0.33203125
39440,1.2890625,1.123046875,-0.224609375,-0.244140625
39441,1.25,1.240234375,-0.185546875,-0.37109375
39442,1.23046875,1.171875,-0.09765625,-0.400390625
39443,1.298828125,1.171875,-0.234375,-0.224609375
39444,1.279296875,1.181640625,-0.166015625,-0.29296875
39445,1.201171875,1.15234375,-0.33203125,-0.4296875
39446,1.30859375,1.171875,-0.33203125,-0.380859375
39447,1.328125,1.201171875,-0.341796875,-0.322265625
39448,1.240234375,1.279296875,-0.341796875,-0.2734375
39449,1.259765625,1.171875,-0.322265625,-0.46875
39450,1.19140625,1.171875,-0.2734375,-0.419921875
39451,1.357421875,1.2109375,-0.390625,-0.380859375
39452,1.318359375,1.19140625,-0.29296875,-0.302734375
39453,1.3671875,1.15234375,-0.29296875,-0.29296875
39454,1.142578125,1.2890625,-0.44921875,-0.322265625
39455,1.2109375,1.19140625,-0.380859375,-0.390625
39456,1.23046875,1.279296875,-0.302734375,-0.33203125
39457,1.201171875,1.46484375,-0.263671875,-0.380859375
39458,1.171875,1.181640625,-0.322265625,-0.25390625
39459,1.2109375,1.318359375,-0.3125,-0.29296875
39460,1.23046875,1.2109375,-0.2734375,-0.302734375
39461,1.240234375,1.162109375,-0.263671875,-0.390625
39462,1.181640625,1.220703125,-0.166015625,-0.361328125
39463,1.259765625,1.07421875,-0.185546875,-0.33203125
39464,1.162109375,1.220703125,-0.25390625,-0.517578125
39465,1.240234375,1.30859375,-0.244140625,-0.3125
39466,1.19140625,1.181640625,-0.25390625,-0.380859375
39467,1.240234375,1.2890625,-0.1953125,-0.546875
39468,1.19140625,1.318359375,-0.244140625,-0.3125
39469,1.25,1.23046875,-0.302734375,-0.380859375
39470,1.298828125,1.181640625,-0.302734375,-0.33203125
39471,1.1328125,1.240234375,-0.224609375,-0.556640625
39472,1.19140625,1.064453125,-0.322265625,-0.380859375
39473,1.19140625,1.2109375,-0.25390625,-0.380859375
39474,1.201171875,1.2890625,-0.302734375,-0.419921875
39475,1.2109375,1.298828125,-0.33203125,-0.400390625
39476,1.171875,1.2109375,-0.263671875,-0.29296875
39477,1.1328125,1.171875,-0.439453125,-0.439453125
39478,1.162109375,1.201171875,-0.244140625,-0.419921875
39479,1.240234375,1.259765625,-0.224609375,-0.33203125
39480,1.162109375,1.1328125,-0.361328125,-0.44921875
39481,1.1328125,1.1328125,-0.185546875,-0.419921875
39482,1.279296875,1.2109375,-0.341796875,-0.3125
39483,1.2109375,1.19140625,-0.3125,-0.4296875
39484,1.19140625,1.07421875,-0.361328125,-0.44921875
39485,1.201171875,1.25,-0.322265625,-0.400390625
39486,1.357421875,1.142578125,-0.2734375,-0.498046875
39487,1.201171875,1.19140625,-0.13671875,-0.361328125
39488,1.2109375,1.201171875,-0.205078125,-0.44921875
39489,1.19140625,1.19140625,-0.234375,-0.390625
39490,1.162109375,0.9765625,-0.185546875,-0.361328125
39491,1.2109375,1.19140625,-0.1953125,-0.224609375
39492,1.25,1.123046875,-0.244140625,-0.546875
39493,1.220703125,1.2109375,-0.224609375,-0.37109375
39494,1.23046875,1.103515625,-0.13671875,-0.3515625
39495,1.240234375,1.11328125,-0.322265625,-0.37109375
39496,1.240234375,1.103515625,-0.126953125,-0.380859375
39497,1.19140625,1.103515625,-0.146484375,-0.5078125
39498,1.25,1.103515625,-0.1953125,-0.400390625
39499,1.19140625,0.9765625,-0.205078125,-0.380859375
39500,1.26953125,1.171875,-0.3125,-0.419921875
39501,1.181640625,1.083984375,-0.341796875,-0.390625
39502,1.25,1.07421875,-0.302734375,-0.400390625
39503,1.279296875,1.083984375,-0.263671875,-0.361328125
39504,1.171875,1.09375,-0.33203125,-0.41015625
39505,1.064453125,1.07421875,-0.283203125,-0.4296875
39506,1.259765625,1.044921875,-0.322265625,-0.390625
39507,1.142578125,1.083984375,-0.302734375,-0.439453125
39508,1.201171875,1.23046875,-0.244140625,-0.400390625
39509,1.240234375,1.142578125,-0.283203125,-0.341796875
39510,1.240234375,1.07421875,-0.283203125,-0.25390625
39511,1.11328125,1.103515625,-0.263671875,-0.478515625
39512,1.298828125,1.07421875,-0.146484375,-0.302734375
39513,1.34765625,1.044921875,-0.29296875,-0.419921875
39514,1.25,1.083984375,-0.263671875,-0.41015625
39515,1.19140625,1.07421875,-0.25390625,-0.41015625
39516,1.142578125,1.142578125,-0.107421875,-0.205078125
39517,1.07421875,1.15234375,-0.234375,-0.322265625
39518,1.2109375,1.142578125,-0.17578125,-0.400390625
39519,1.11328125,0.99609375,-0.25390625,-0.37109375
39520,1.23046875,0.966796875,-0.185546875,-0.3515625
39521,1.2109375,0.9375,-0.263671875,-0.3125
39522,1.259765625,1.09375,-0.263671875,-0.37109375
39523,1.25,1.220703125,-0.244140625,-0.361328125
39524,1.220703125,1.03515625,-0.263671875,-0.322265625
39525,1.318359375,1.083984375,-0.263671875,-0.419921875
39526,1.25,1.103515625,-0.224609375,-0.341796875
39527,1.279296875,0.8984375,-0.21484375,-0.3125
39528,1.26953125,1.11328125,-0.224609375,-0.556640625
39529,1.220703125,1.083984375,-0.244140625,-0.3125
39530,1.2109375,1.025390625,-0.263671875,-0.33203125
39531,1.15234375,1.0546875,-0.244140625,-0.361328125
39532,1.23046875,1.07421875,-0.3125,-0.390625
39533,1.103515625,0.908203125,-0.380859375,-0.3515625
39534,1.123046875,1.044921875,-0.302734375,-0.322265625
39535,1.318359375,1.064453125,-0.205078125,-0.361328125
39536,1.181640625,1.0546875,-0.078125,-0.3515625
39537,1.15234375,1.0546875,-0.2734375,-0.56640625
39538,1.123046875,0.95703125,-0.21484375,-0.322265625
39539,1.142578125,1.044921875,-0.3515625,-0.380859375
39540,1.259765625,1.0546875,-0.1171875,-0.5859375
39541,1.23046875,1.11328125,-0.205078125,-0.341796875
39542,1.23046875,1.123046875,-0.068359375,-0.37109375
39543,1.240234375,1.015625,-0.17578125,-0.234375
39544,1.435546875,0.95703125,-0.224609375,-0.234375
39545,1.2109375,0.99609375,-0.41015625,-0.263671875
39546,1.23046875,0.966796875,-0.341796875,-0.283203125
39547,1.19140625,1.025390625,-0.166015625,-0.224609375
39548,1.181640625,1.025390625,-0.2734375,-0.2734375
39549,1.181640625,0.927734375,-0.302734375,-0.400390625
39550,1.220703125,1.015625,-0.1953125,-0.29296875
39551,1.240234375,0.947265625,-0.322265625,-0.2734375
39552,1.220703125,1.03515625,-0.224609375,-0.33203125
39553,1.181640625,0.99609375,-0.263671875,-0.17578125
39554,1.26953125,0.966796875,-0.263671875,-0.302734375
39555,1.240234375,1.025390625,-0.25390625,-0.29296875
39556,1.2109375,1.015625,-0.244140625,-0.439453125
39557,1.181640625,1.005859375,-0.205078125,-0.29296875
39558,1.201171875,0.9765625,-0.322265625,-0.33203125
39559,1.357421875,1.025390625,-0.283203125,-0.25390625
39560,1.171875,1.1328125,-0.224609375,-0.3515625
39561,1.181640625,0.99609375,-0.205078125,-0.4296875
39562,1.11328125,1.044921875,-0.21484375,-0.478515625
39563,1.123046875,1.11328125,-0.185546875,-0.400390625
39564,1.26953125,0.830078125,-0.205078125,-0.2734375
39565,1.11328125,1.03515625,-0.244140625,-0.322265625
39566,1.15234375,1.03515625,-0.244140625,-0.3515625
39567,1.123046875,1.03515625,-0.33203125,-0.361328125
39568,1.142578125,0.95703125,-0.25390625,-0.33203125
39569,1.23046875,0.9765625,-0.2734375,-0.390625
39570,1.23046875,0.986328125,-0.107421875,-0.37109375
39571,1.15234375,1.064453125,-0.21484375,-0.48828125
39572,1.1328125,1.005859375,-0.29296875,-0.29296875
39573,1.123046875,1.044921875,-0.1171875,-0.302734375
39574,1.181640625,1.11328125,-0.244140625,-0.15625
39575,1.279296875,0.966796875,-0.107421875,-0.341796875
39576,1.11328125,1.07421875,-0.009765625,-0.33203125
39577,1.142578125,1.0546875,-0.205078125,-0.439453125
39578,1.181640625,1.03515625,-0.234375,-0.3515625
39579,1.1328125,1.044921875,-0.341796875,-0.37109375
39580,1.201171875,1.083984375,-0.21484375,-0.048828125
39581,1.1328125,1.103515625,-0.205078125,-0.25390625
39582,1.15234375,1.1328125,-0.29296875,-0.322265625
39583,1.1328125,1.103515625,-0.21484375,-0.205078125
39584,1.201171875,0.99609375,-0.29296875,-0.263671875
39585,1.240234375,1.103515625,-0.3125,-0.302734375
39586,1.123046875,1.123046875,-0.302734375,-0.361328125
39587,1.220703125,1.005859375,-0.25390625,-0.3515625
39588,1.162109375,1.025390625,-0.21484375,-0.341796875
39589,1.162109375,1.015625,-0.234375,-0.33203125
39590,1.30859375,0.986328125,-0.2734375,-0.625
39591,1.30859375,1.123046875,-0.166015625,-0.419921875
39592,1.240234375,1.09375,-0.21484375,-0.3125
39593,1.1328125,0.947265625,-0.224609375,-0.048828125
39594,1.142578125,0.9765625,-0.283203125,-0.41015625
39595,1.201171875,1.07421875,-0.25390625,-0.33203125
39596,1.220703125,1.005859375,-0.21484375,-0.33203125
39597,1.26953125,1.025390625,-0.078125,-0.3515625
39598,1.259765625,1.09375,-0.224609375,-0.380859375
39599,1.11328125,1.1328125,-0.17578125,-0.302734375
39600,1.11328125,1.044921875,-0.21484375,-0.263671875
39601,1.123046875,1.083984375,-0.29296875,-0.41015625
39602,1.19140625,1.03515625,-0.1953125,-0.087890625
39603,1.181640625,1.09375,-0.3125,-0.3125
39604,1.220703125,1.142578125,-0.205078125,-0.25390625
39605,1.279296875,1.083984375,-0.234375,-0.3515625
39606,1.064453125,1.025390625,-0.21484375,-0.29296875
39607,1.181640625,1.11328125,-0.15625,-0.17578125
39608,1.181640625,1.083984375,-0.21484375,-0.341796875
39609,1.142578125,1.09375,-0.400390625,-0.29296875
39610,1.11328125,1.15234375,-0.302734375,-0.09765625
39611,1.2109375,1.0546875,-0.185546875,-0.458984375
39612,1.181640625,0.99609375,-0.146484375,-0.2734375
39613,1.201171875,1.044921875,-0.17578125,-0.263671875
39614,1.2109375,1.064453125,-0.146484375,-0.439453125
39615,1.083984375,1.03515625,-0.068359375,-0.3125
39616,1.162109375,1.064453125,-0.15625,-0.263671875
39617,1.15234375,1.1328125,-0.15625,-0.29296875
39618,1.25,1.0546875,-0.205078125,-0.234375
39619,1.201171875,1.1328125,-0.17578125,-0.29296875
39620,1.09375,1.083984375,-0.1953125,-0.25390625
39621,1.181640625,1.015625,-0.205078125,-0.283203125
39622,1.09375,1.03515625,-0.21484375,-0.185546875
39623,1.171875,1.015625,-0.146484375,-0.05859375
39624,1.123046875,1.2109375,-0.185546875,-0.29296875
39625,1.1328125,1.083984375,-0.224609375,-0.1953125
39626,1.162109375,1.03515625,-0.283203125,-0.244140625
39627,1.25,1.09375,-0.25390625,-0.283203125
39628,1.1328125,1.23046875,-0.244140625,-0.21484375
39629,1.201171875,1.09375,-0.185546875,-0.390625
39630,1.162109375,1.11328125,-0.234375,-0.21484375
39631,1.181640625,1.005859375,-0.244140625,-0.29296875
39632,1.181640625,1.09375,-0.234375,-0.3125
39633,1.1328125,1.1328125,-0.244140625,-0.302734375
39634,1.19140625,1.259765625,-0.166015625,-0.244140625
39635,1.26953125,1.103515625,-0.224609375,-0.3515625
39636,1.279296875,1.220703125,-0.244140625,-0.29296875
39637,1.240234375,1.181640625,-0.21484375,-0.33203125
39638,1.201171875,1.11328125,-0.224609375,-0.224609375
39639,1.23046875,1.07421875,-0.25390625,-0.390625
39640,1.201171875,1.083984375,-0.25390625,-0.33203125
39641,1.09375,1.044921875,-0.1953125,-0.205078125
39642,1.2890625,0.927734375,-0.21484375,-0.205078125
39643,1.240234375,1.2109375,-0.205078125,-0.234375
39644,1.2109375,1.025390625,-0.15625,-0.205078125
39645,1.064453125,1.15234375,-0.1953125,-0.361328125
39646,1.26953125,1.083984375,-0.185546875,-0.25390625
39647,1.201171875,1.083984375,-0.185546875,-0.17578125
39648,1.26953125,1.044921875,-0.224609375,-0.29296875
39649,1.0546875,1.15234375,-0.2734375,-0.29296875
39650,1.474609375,1.083984375,-0.205078125,-0.302734375
39651,1.19140625,1.123046875,-0.205078125,-0.185546875
39652,1.103515625,1.0546875,-0.09765625,-0.244140625
39653,1.19140625,1.083984375,-0.1953125,-0.21484375
39654,1.19140625,1.09375,-0.283203125,-0.21484375
39655,1.123046875,1.171875,-0.126953125,-0.263671875
39656,1.15234375,1.07421875,-0.3515625,-0.2734375
39657,1.30859375,1.083984375,-0.283203125,-0.126953125
39658,1.23046875,1.201171875,-0.29296875,-0.302734375
39659,1.15234375,1.07421875,-0.283203125,-0.224609375
39660,1.083984375,1.123046875,-0.244140625,-0.1953125
39661,1.171875,1.044921875,-0.25390625,-0.205078125
39662,1.15234375,1.0546875,-0.224609375,-0.21484375
39663,1.220703125,1.09375,-0.322265625,-0.41015625
39664,1.279296875,1.11328125,-0.322265625,-0.205078125
39665,1.15234375,1.1328125,-0.37109375,-0.29296875
39666,1.25,1.083984375,-0.302734375,-0.068359375
39667,1.259765625,1.044921875,-0.33203125,-0.224609375
39668,1.162109375,1.181640625,-0.21484375,-0.13671875
39669,1.298828125,1.142578125,-0.234375,-0.380859375
39670,1.25,0.99609375,-0.234375,-0.1953125
39671,1.220703125,1.064453125,-0.419921875,-0.302734375
39672,1.2109375,1.064453125,-0.25390625,-0.29296875
39673,1.25,1.123046875,-0.21484375,-0.25390625
39674,1.181640625,1.240234375,-0.25390625,-0.25390625
39675,1.142578125,1.064453125,-0.2734375,-0.263671875
39676,1.171875,1.09375,-0.283203125,-0.25390625
39677,1.19140625,1.015625,-0.25390625,-0.21484375
39678,1.142578125,1.064453125,-0.263671875,-0.263671875
39679,1.23046875,1.142578125,-0.263671875,-0.234375
39680,1.11328125,1.015625,-0.537109375,-0.302734375
39681,1.259765625,1.0546875,-0.21484375,-0.234375
39682,1.064453125,1.1328125,-0.205078125,-0.2734375
39683,1.19140625,1.07421875,-0.126953125,-0.2734375
39684,1.083984375,1.142578125,-0.107421875,-0.341796875
39685,1.201171875,0.95703125,-0.13671875,-0.29296875
39686,1.2109375,1.25,-0.185546875,-0.21484375
39687,1.19140625,1.15234375,-0.224609375,-0.1953125
39688,1.220703125,1.142578125,-0.234375,-0.263671875
39689,1.1328125,1.005859375,-0.37109375,-0.2734375
39690,1.123046875,1.15234375,-0.234375,-0.1953125
39691,1.23046875,1.09375,-0.205078125,-0.25390625
39692,1.123046875,1.1328125,-0.166015625,-0.3125
39693,1.259765625,1.123046875,-0.205078125,-0.3125
39694,1.171875,1.123046875,-0.146484375,-0.2734375
39695,1.103515625,1.142578125,-0.2734375,-0.234375
39696,1.201171875,1.1328125,-0.205078125,-0.25390625
39697,1.07421875,1.07421875,-0.224609375,-0.25390625
39698,1.19140625,1.1328125,-0.234375,-0.244140625
39699,1.171875,1.142578125,-0.185546875,-0.205078125
39700,1.09375,1.15234375,-0.166015625,-0.25390625
39701,1.142578125,1.09375,-0.107421875,-0.166015625
39702,1.123046875,1.171875,-0.224609375,-0.3125
39703,1.123046875,1.025390625,-0.234375,-0.283203125
39704,1.19140625,1.2109375,-0.25390625,-0.244140625
39705,1.07421875,1.162109375,-0.205078125,-0.302734375
39706,1.240234375,1.2109375,-0.205078125,-0.25390625
39707,1.162109375,1.26953125,-0.205078125,-0.205078125
39708,1.1328125,1.11328125,-0.21484375,-0.390625
39709,1.15234375,1.07421875,-0.1953125,-0.29296875
39710,1.044921875,1.220703125,-0.205078125,-0.283203125
39711,1.1328125,1.142578125,-0.224609375,-0.4296875
39712,1.09375,1.103515625,-0.21484375,-0.283203125
39713,1.259765625,1.083984375,-0.21484375,-0.244140625
39714,1.171875,1.171875,-0.25390625,-0.390625
39715,1.15234375,1.07421875,-0.185546875,-0.25390625
39716,1.09375,1.181640625,-0.107421875,-0.21484375
39717,1.123046875,1.162109375,-0.234375,-0.15625
39718,1.15234375,1.15234375,-0.234375,-0.21484375
39719,1.19140625,1.15234375,-0.29296875,-0.263671875
39720,1.201171875,1.03515625,-0.25390625,-0.3125
39721,1.26953125,1.1328125,-0.322265625,-0.17578125
39722,1.240234375,1.15234375,-0.322265625,-0.21484375
39723,1.220703125,1.19140625,-0.283203125,-0.302734375
39724,1.357421875,1.1328125,-0.263671875,-0.205078125
39725,1.171875,1.26953125,-0.146484375,-0.33203125
39726,1.1328125,1.2109375,-0.3125,-0.224609375
39727,1.279296875,1.298828125,-0.21484375,-0.205078125
39728,1.25,1.23046875,-0.244140625,-0.234375
39729,1.26953125,1.181640625,-0.17578125,-0.439453125
39730,1.162109375,1.15234375,-0.21484375,-0.29296875
39731,1.2890625,1.240234375,-0.244140625,-0.224609375
39732,1.25,1.171875,-0.15625,-0.2734375
39733,1.259765625,1.171875,-0.263671875,-0.3515625
39734,1.11328125,1.201171875,-0.322265625,-0.21484375
39735,1.2109375,1.259765625,-0.205078125,-0.283203125
39736,1.25,1.181640625,-0.185546875,-0.244140625
39737,1.220703125,1.220703125,-0.322265625,-0.1953125
39738,1.2109375,1.240234375,-0.33203125,-0.2734375
39739,1.2109375,1.201171875,-0.234375,-0.3125
39740,1.337890625,1.26953125,-0.205078125,-0.283203125
39741,1.26953125,1.19140625,-0.205078125,-0.25390625
39742,1.220703125,1.171875,-0.302734375,-0.263671875
39743,1.259765625,1.15234375,-0.263671875,-0.283203125
39744,1.23046875,1.162109375,-0.146484375,-0.29296875
39745,1.171875,1.162109375,-0.3125,-0.419921875
39746,1.171875,1.171875,-0.21484375,-0.3125
39747,1.201171875,1.201171875,-0.087890625,-0.263671875
39748,1.11328125,1.2109375,-0.15625,-0.263671875
39749,1.318359375,1.279296875,-0.263671875,-0.302734375
39750,1.2109375,1.2109375,-0.263671875,-0.322265625
39751,1.1328125,1.142578125,-0.21484375,-0.17578125
39752,1.259765625,1.171875,-0.205078125,-0.29296875
39753,1.19140625,1.171875,-0.37109375,-0.2734375
39754,1.2109375,1.2109375,-0.15625,-0.3515625
39755,1.337890625,1.30859375,-0.1953125,-0.3125
39756,1.162109375,1.181640625,-0.21484375,-0.29296875
39757,1.1328125,1.201171875,-0.17578125,-0.380859375
39758,1.11328125,1.298828125,-0.13671875,-0.33203125
39759,1.240234375,1.171875,-0.244140625,-0.25390625
39760,1.2109375,1.162109375,-0.13671875,-0.146484375
39761,1.240234375,1.2109375,-0.185546875,-0.3125
39762,1.2109375,1.259765625,-0.2734375,-0.29296875
39763,1.357421875,1.181640625,-0.185546875,-0.302734375
39764,1.220703125,1.15234375,-0.244140625,-0.2734375
39765,1.25,1.025390625,-0.322265625,-0.29296875
39766,1.357421875,1.142578125,-0.25390625,-0.263671875
39767,1.40625,1.181640625,-0.322265625,-0.29296875
39768,1.25,1.083984375,-0.17578125,-0.2734375
39769,1.220703125,1.171875,-0.29296875,-0.01953125
39770,1.064453125,1.07421875,-0.322265625,-0.283203125
39771,1.19140625,1.03515625,-0.322265625,-0.234375
39772,1.240234375,1.171875,-0.341796875,-0.400390625
39773,1.171875,1.171875,-0.29296875,-0.283203125
39774,1.2890625,1.25,-0.341796875,-0.21484375
39775,1.2109375,1.26953125,-0.33203125,-0.224609375
39776,1.083984375,1.162109375,-0.263671875,-0.263671875
39777,1.171875,1.19140625,-0.46875,-0.263671875
39778,1.181640625,1.2109375,-0.283203125,-0.2734375
39779,1.1328125,1.2109375,-0.3125,-0.29296875
39780,1.318359375,1.259765625,-0.15625,-0.302734375
39781,1.142578125,1.2109375,-0.37109375,-0.3515625
39782,1.220703125,1.201171875,-0.361328125,-0.29296875
39783,1.23046875,1.181640625,-0.283203125,-0.3515625
39784,1.09375,1.171875,-0.3515625,-0.15625
39785,1.25,1.2109375,-0.458984375,-0.3125
39786,1.103515625,1.15234375,-0.21484375,-0.25390625
39787,1.259765625,1.2109375,-0.322265625,-0.21484375
39788,1.123046875,1.123046875,-0.33203125,-0.283203125
39789,1.162109375,1.181640625,-0.263671875,-0.322265625
39790,1.11328125,1.2109375,-0.361328125,-0.3125
39791,1.123046875,1.19140625,-0.25390625,-0.33203125
39792,1.162109375,1.171875,-0.185546875,-0.3125
39793,1.19140625,1.123046875,-0.322265625,-0.3515625
39794,1.162109375,1.142578125,-0.283203125,-0.3515625
39795,1.123046875,1.181640625,-0.2734375,-0.322265625
39796,1.19140625,1.201171875,-0.25390625,-0.205078125
39797,1.1328125,1.201171875,-0.283203125,-0.263671875
39798,1.123046875,1.142578125,-0.224609375,-0.263671875
39799,1.123046875,1.15234375,-0.361328125,-0.3515625
39800,1.259765625,1.201171875,-0.29296875,-0.263671875
39801,1.38671875,1.19140625,-0.234375,-0.3515625
39802,1.19140625,1.142578125,-0.17578125,-0.341796875
39803,1.240234375,1.25,-0.185546875,-0.283203125
39804,1.201171875,1.26953125,-0.205078125,-0.224609375
39805,1.26953125,1.171875,-0.302734375,-0.263671875
39806,1.318359375,1.142578125,-0.21484375,-0.33203125
39807,1.162109375,1.337890625,-0.3125,-0.25390625
39808,1.25,1.181640625,-0.283203125,-0.380859375
39809,1.357421875,1.181640625,-0.322265625,-0.1171875
39810,1.23046875,1.240234375,-0.25390625,-0.2734375
39811,1.220703125,1.240234375,-0.224609375,-0.41015625
39812,1.0546875,1.181640625,-0.283203125,-0.48828125
39813,1.26953125,1.19140625,-0.263671875,-0.33203125
39814,1.25,1.298828125,-0.341796875,-0.234375
39815,1.34765625,1.181640625,-0.3125,-0.29296875
39816,1.23046875,1.2890625,-0.244140625,-0.29296875
39817,1.318359375,1.318359375,-0.3125,-0.322265625
39818,1.357421875,1.25,-0.263671875,-0.419921875
39819,1.318359375,1.123046875,-0.25390625,-0.3125
39820,1.396484375,1.201171875,-0.21484375,-0.37109375
39821,1.328125,1.26953125,-0.2734375,-0.302734375
39822,1.328125,1.064453125,-0.224609375,-0.33203125
39823,1.26953125,1.318359375,-0.4296875,-0.302734375
39824,1.23046875,1.259765625,-0.25390625,-0.33203125
39825,1.328125,1.5234375,-0.2734375,-0.37109375
39826,1.337890625,1.318359375,-0.21484375,-0.341796875
39827,1.328125,1.26953125,-0.283203125,-0.244140625
39828,1.181640625,1.259765625,-0.2734375,-0.322265625
39829,1.30859375,1.220703125,-0.37109375,-0.390625
39830,1.220703125,1.1328125,-0.205078125,-0.4296875
39831,1.337890625,1.25,-0.263671875,-0.439453125
39832,1.328125,1.23046875,-0.283203125,-0.3515625
39833,1.337890625,1.201171875,-0.25390625,-0.361328125
39834,1.34765625,1.357421875,-0.185546875,-0.44921875
39835,1.3671875,1.23046875,-0.302734375,-0.3125
39836,1.34765625,1.279296875,-0.33203125,-0.380859375
39837,1.337890625,1.240234375,-0.283203125,-0.48828125
39838,1.30859375,1.201171875,-0.3515625,-0.37109375
39839,1.38671875,1.23046875,-0.283203125,-0.2734375
39840,1.40625,1.064453125,-0.283203125,-0.46875
39841,1.328125,1.2890625,-0.361328125,-0.29296875
39842,1.396484375,1.19140625,-0.419921875,-0.13671875
39843,1.2890625,1.23046875,-0.3125,-0.341796875
39844,1.337890625,1.259765625,-0.263671875,-0.33203125
39845,1.298828125,1.2109375,-0.3515625,-0.341796875
39846,1.34765625,1.220703125,-0.21484375,-0.302734375
39847,1.240234375,1.435546875,-0.3125,-0.361328125
39848,1.26953125,1.2109375,-0.283203125,-0.361328125
39849,1.240234375,1.240234375,-0.263671875,-0.478515625
39850,1.318359375,1.2109375,-0.166015625,-0.361328125
39851,1.259765625,1.181640625,-0.244140625,-0.41015625
39852,1.416015625,1.240234375,-0.234375,-0.302734375
39853,1.26953125,1.240234375,-0.3125,-0.3515625
39854,1.26953125,1.19140625,-0.3125,-0.185546875
39855,1.337890625,1.171875,-0.283203125,-0.37109375
39856,1.25,1.15234375,-0.3515625,-0.322265625
39857,1.2109375,1.171875,-0.205078125,-0.46875
39858,1.318359375,1.220703125,-0.21484375,-0.3515625
39859,1.1328125,1.23046875,-0.3125,-0.3125
39860,1.259765625,1.279296875,-0.1953125,-0.380859375
39861,1.30859375,1.26953125,-0.224609375,-0.263671875
39862,1.240234375,1.279296875,-0.224609375,-0.400390625
39863,1.240234375,1.240234375,-0.205078125,-0.361328125
39864,1.220703125,1.2109375,-0.263671875,-0.244140625
39865,1.435546875,1.259765625,-0.2734375,-0.380859375
39866,1.240234375,1.1328125,-0.21484375,-0.41015625
39867,1.15234375,1.181640625,-0.263671875,-0.537109375
39868,1.30859375,1.337890625,-0.263671875,-0.33203125
39869,1.25,1.064453125,-0.224609375,-0.29296875
39870,1.298828125,1.201171875,-0.205078125,-0.322265625
39871,1.23046875,1.142578125,-0.322265625,-0.380859375
39872,1.2890625,1.171875,-0.25390625,-0.46875
39873,1.328125,1.2890625,-0.185546875,-0.126953125
39874,1.328125,0.9375,-0.234375,-0.439453125
39875,1.2109375,1.181640625,-0.302734375,-0.361328125
39876,1.30859375,1.19140625,-0.3125,-0.341796875
39877,1.25,1.396484375,-0.29296875,-0.419921875
39878,1.279296875,1.025390625,-0.3515625,-0.390625
39879,1.416015625,1.220703125,-0.2734375,-0.263671875
39880,1.279296875,1.181640625,-0.29296875,-0.400390625
39881,1.240234375,1.240234375,-0.33203125,-0.419921875
39882,1.15234375,1.162109375,-0.2734375,-0.400390625
39883,1.26953125,1.1328125,-0.302734375,-0.361328125
39884,1.259765625,1.328125,-0.21484375,-0.341796875
39885,1.26953125,1.19140625,-0.341796875,-0.4296875
39886,1.181640625,1.142578125,-0.37109375,-0.439453125
39887,1.26953125,1.19140625,-0.302734375,-0.3515625
39888,1.3671875,1.15234375,-0.2734375,-0.224609375
39889,1.337890625,1.162109375,-0.224609375,-0.419921875
39890,1.2109375,1.25,-0.21484375,-0.3125
39891,1.19140625,1.19140625,-0.21484375,-0.390625
39892,1.240234375,1.220703125,-0.107421875,-0.37109375
39893,1.220703125,1.03515625,-0.29296875,-0.380859375
39894,1.15234375,1.11328125,-0.283203125,-0.37109375
39895,1.11328125,1.15234375,-0.25390625,-0.390625
39896,1.259765625,1.30859375,-0.29296875,-0.380859375
39897,1.201171875,1.19140625,-0.263671875,-0.498046875
39898,1.162109375,1.25,-0.234375,-0.302734375
39899,1.25,1.23046875,-0.224609375,-0.361328125
39900,1.15234375,1.171875,-0.1953125,-0.458984375
39901,1.11328125,1.171875,-0.234375,-0.322265625
39902,1.142578125,1.142578125,-0.244140625,-0.380859375
39903,1.162109375,1.162109375,-0.2734375,-0.380859375
39904,1.23046875,1.162109375,-0.205078125,-0.361328125
39905,1.162109375,1.083984375,-0.322265625,-0.33203125
39906,1.171875,1.23046875,-0.341796875,-0.33203125
39907,1.23046875,1.171875,-0.322265625,-0.419921875
39908,1.181640625,1.2890625,-0.283203125,-0.380859375
39909,1.1328125,1.318359375,-0.263671875,-0.390625
39910,1.1328125,1.19140625,-0.3515625,-0.37109375
39911,1.19140625,1.162109375,-0.33203125,-0.322265625
39912,1.09375,1.103515625,-0.25390625,-0.185546875
39913,1.181640625,1.220703125,-0.3125,-0.380859375
39914,1.220703125,1.064453125,-0.400390625,-0.380859375
39915,1.171875,1.142578125,-0.322265625,-0.4296875
39916,1.23046875,1.162109375,-0.21484375,-0.44921875
39917,1.201171875,1.1328125,-0.33203125,-0.341796875
39918,1.2109375,1.19140625,-0.01953125,-0.3125
39919,1.162109375,1.171875,-0.25390625,-0.37109375
39920,1.181640625,1.19140625,-0.234375,-0.37109375
39921,1.15234375,1.240234375,-0.234375,-0.2734375
39922,1.171875,1.11328125,-0.29296875,-0.1953125
39923,1.123046875,1.064453125,-0.234375,-0.400390625
39924,1.162109375,1.19140625,-0.341796875,-0.37109375
39925,1.259765625,1.142578125,-0.166015625,-0.390625
39926,1.25,1.044921875,-0.234375,-0.3125
39927,1.298828125,1.1328125,-0.302734375,-0.380859375
39928,1.162109375,1.103515625,-0.17578125,-0.4296875
39929,1.11328125,1.19140625,-0.185546875,-0.341796875
39930,1.30859375,1.240234375,-0.107421875,-0.3515625
39931,1.19140625,1.162109375,-0.29296875,-0.439453125
39932,1.259765625,1.15234375,-0.25390625,-0.361328125
39933,1.220703125,1.015625,-0.21484375,-0.380859375
39934,1.201171875,1.103515625,-0.2734375,-0.380859375
39935,1.357421875,1.025390625,-0.302734375,-0.380859375
39936,1.171875,0.859375,-0.224609375,-0.400390625
39937,1.34765625,1.09375,-0.3515625,-0.4296875
39938,1.259765625,1.044921875,-0.322265625,-0.400390625
39939,1.298828125,1.103515625,-0.380859375,-0.3515625
39940,1.2890625,1.11328125,-0.29296875,-0.1953125
39941,1.240234375,1.15234375,-0.234375,-0.302734375
39942,1.279296875,1.181640625,-0.205078125,-0.322265625
39943,1.2109375,1.123046875,-0.3515625,-0.29296875
39944,1.318359375,1.044921875,-0.185546875,-0.37109375
39945,1.2890625,1.162109375,-0.341796875,-0.380859375
39946,1.240234375,1.0546875,-0.185546875,-0.29296875
39947,1.181640625,1.025390625,-0.185546875,-0.322265625
39948,1.2109375,1.005859375,-0.224609375,-0.33203125
39949,1.298828125,1.11328125,-0.205078125,-0.44921875
39950,1.123046875,1.201171875,-0.185546875,-0.234375
39951,1.259765625,1.064453125,-0.2734375,-0.322265625
39952,1.26953125,1.044921875,-0.302734375,-0.46875
39953,1.220703125,1.03515625,-0.244140625,-0.361328125
39954,1.220703125,0.947265625,-0.1953125,-0.322265625
39955,1.259765625,1.064453125,-0.185546875,-0.400390625
39956,1.1328125,1.0546875,-0.205078125,-0.537109375
39957,1.259765625,0.849609375,-0.283203125,-0.341796875
39958,1.220703125,1.103515625,-0.21484375,-0.33203125
39959,1.1328125,1.083984375,-0.1953125,-0.517578125
39960,1.201171875,0.91796875,-0.2734375,-0.37109375
39961,1.220703125,1.064453125,-0.224609375,-0.234375
39962,1.11328125,0.986328125,-0.263671875,-0.244140625
39963,1.2109375,1.005859375,-0.234375,-0.33203125
39964,1.298828125,1.07421875,-0.25390625,-0.52734375
39965,1.240234375,1.11328125,-0.234375,-0.322265625
39966,1.23046875,1.103515625,-0.341796875,-0.29296875
39967,1.2109375,1.11328125,-0.244140625,-0.185546875
39968,1.181640625,1.083984375,-0.234375,-0.1953125
39969,1.201171875,1.064453125,-0.29296875,-0.29296875
39970,1.318359375,1.083984375,-0.126953125,-0.390625
39971,1.181640625,1.044921875,-0.234375,-0.244140625
39972,1.142578125,1.044921875,-0.3125,-0.322265625
39973,1.19140625,1.07421875,-0.078125,-0.341796875
39974,1.181640625,1.09375,-0.166015625,-0.244140625
39975,1.201171875,0.80078125,-0.107421875,-0.380859375
39976,1.25,1.0546875,-0.361328125,-0.224609375
39977,1.23046875,1.103515625,-0.244140625,-0.498046875
39978,1.025390625,0.986328125,-0.224609375,-0.3125
39979,1.171875,1.03515625,-0.2734375,-0.244140625
39980,1.09375,1.005859375,-0.234375,-0.390625
39981,1.15234375,0.9765625,-0.126953125,-0.3515625
39982,1.171875,1.220703125,-0.1953125,-0.37109375
39983,1.162109375,0.9765625,-0.21484375,-0.595703125
39984,1.23046875,1.064453125,-0.234375,-0.302734375
39985,1.19140625,1.044921875,-0.224609375,-0.361328125
39986,1.11328125,0.9765625,-0.205078125,-0.380859375
39987,1.19140625,0.869140625,-0.29296875,-0.33203125
39988,1.162109375,0.888671875,-0.29296875,-0.390625
39989,1.171875,1.015625,-0.185546875,-0.166015625
39990,1.201171875,1.1328125,-0.25390625,-0.390625
39991,1.19140625,1.044921875,-0.244140625,-0.361328125
39992,1.15234375,1.025390625,-0.205078125,-0.400390625
39993,1.162109375,0.8984375,-0.244140625,-0.419921875
39994,1.181640625,1.015625,-0.205078125,-0.361328125
39995,1.171875,0.99609375,-0.244140625,-0.263671875
39996,1.279296875,0.888671875,-0.234375,-0.3515625
39997,1.201171875,1.0546875,-0.146484375,-0.458984375
39998,1.240234375,1.09375,-0.25390625,-0.546875
39999,1.23046875,1.005859375,-0.322265625,-0.380859375
40000,1.19140625,1.15234375,-0.205078125,-0.322265625
40001,1.30859375,1.123046875,-0.263671875,-0.3125
40002,1.103515625,1.07421875,-0.283203125,-0.322265625
40003,1.181640625,1.11328125,-0.224609375,-0.29296875
40004,1.23046875,1.0546875,-0.1953125,-0.3125
40005,1.30859375,1.23046875,-0.244140625,-0.380859375
40006,1.26953125,1.064453125,-0.21484375,-0.361328125
40007,1.220703125,1.025390625,-0.263671875,-0.3125
40008,1.19140625,1.015625,-0.205078125,-0.29296875
40009,1.09375,1.162109375,-0.205078125,-0.3125
40010,1.240234375,1.181640625,-0.1953125,-0.302734375
40011,1.1328125,1.083984375,-0.263671875,-0.29296875
40012,1.2109375,1.03515625,-0.2734375,-0.3515625
40013,1.201171875,1.123046875,-0.283203125,-0.166015625
40014,1.103515625,1.025390625,-0.25390625,-0.3125
40015,1.15234375,1.162109375,-0.322265625,-0.29296875
40016,1.162109375,1.09375,-0.3125,-0.44921875
40017,1.083984375,1.0546875,-0.263671875,-0.341796875
40018,1.15234375,1.03515625,-0.29296875,-0.33203125
40019,1.2109375,1.162109375,-0.322265625,-0.1953125
40020,1.181640625,1.083984375,-0.2734375,-0.322265625
40021,1.259765625,1.083984375,-0.3515625,-0.322265625
40022,1.162109375,1.1328125,-0.21484375,-0.390625
40023,1.23046875,1.064453125,-0.341796875,-0.302734375
40024,1.19140625,1.07421875,-0.2734375,-0.2734375
40025,1.1328125,1.123046875,-0.400390625,-0.166015625
40026,1.26953125,1.064453125,-0.283203125,-0.56640625
40027,1.162109375,0.99609375,-0.234375,-0.3515625
40028,1.162109375,1.09375,-0.146484375,-0.361328125
40029,1.201171875,0.966796875,-0.205078125,-0.4296875
40030,1.279296875,1.0546875,-0.283203125,-0.3125
40031,1.19140625,1.064453125,-0.166015625,-0.146484375
40032,1.11328125,1.025390625,-0.17578125,-0.341796875
40033,1.171875,1.064453125,-0.25390625,-0.302734375
40034,1.26953125,0.869140625,-0.1171875,-0.2734375
40035,1.15234375,1.103515625,-0.15625,-0.556640625
40036,1.337890625,1.025390625,-0.126953125,-0.29296875
40037,1.220703125,1.064453125,-0.05859375,-0.224609375
40038,1.220703125,1.083984375,-0.2734375,-0.185546875
40039,1.279296875,1.1328125,-0.05859375,-0.302734375
40040,1.201171875,1.025390625,-0.09765625,-0.33203125
40041,1.25,1.1328125,-0.166015625,-0.380859375
40042,1.142578125,1.123046875,-0.25390625,-0.29296875
40043,1.2109375,1.171875,-0.15625,-0.361328125
40044,1.201171875,1.103515625,-0.1171875,-0.224609375
40045,1.162109375,1.064453125,-0.17578125,-0.361328125
40046,1.181640625,0.966796875,-0.244140625,-0.234375
40047,1.2890625,1.09375,-0.146484375,-0.185546875
40048,1.2890625,1.07421875,-0.263671875,-0.244140625
40049,1.162109375,0.9765625,-0.15625,-0.322265625
40050,1.015625,1.123046875,-0.17578125,-0.166015625
40051,1.15234375,1.220703125,-0.205078125,-0.244140625
40052,1.19140625,1.142578125,-0.166015625,-0.3125
40053,1.15234375,1.083984375,-0.17578125,-0.46875
40054,1.23046875,1.15234375,-0.1953125,-0.263671875
40055,1.220703125,1.083984375,-0.302734375,-0.29296875
40056,1.181640625,1.09375,-0.205078125,-0.33203125
40057,1.15234375,1.09375,-0.205078125,-0.341796875
40058,1.181640625,1.03515625,-0.244140625,-0.263671875
40059,1.337890625,1.103515625,-0.2734375,-0.302734375
40060,1.1328125,1.064453125,-0.224609375,-0.15625
40061,1.240234375,1.025390625,-0.302734375,-0.21484375
40062,1.26953125,1.09375,-0.283203125,-0.390625
40063,1.2109375,1.083984375,-0.244140625,-0.244140625
40064,1.30859375,1.1328125,-0.33203125,-0.25390625
40065,1.181640625,1.181640625,-0.25390625,-0.33203125
40066,1.201171875,1.025390625,-0.224609375,-0.244140625
40067,1.23046875,1.025390625,-0.244140625,-0.263671875
40068,1.279296875,1.142578125,-0.224609375,-0.263671875
40069,1.298828125,1.03515625,-0.234375,-0.2734375
40070,1.2890625,1.07421875,-0.234375,-0.25390625
40071,1.240234375,1.064453125,-0.263671875,-0.302734375
40072,1.220703125,0.91796875,-0.146484375,-0.09765625
40073,1.23046875,1.064453125,-0.25390625,-0.2734375
40074,1.298828125,1.083984375,-0.25390625,-0.25390625
40075,1.259765625,1.103515625,-0.185546875,-0.283203125
40076,1.2890625,1.298828125,-0.146484375,-0.234375
40077,1.240234375,1.1328125,-0.302734375,-0.1953125
40078,1.19140625,1.15234375,-0.185546875,-0.3125
40079,1.171875,1.11328125,-0.302734375,-0.25390625
40080,1.171875,1.103515625,-0.2734375,-0.263671875
40081,1.171875,0.99609375,-0.2734375,-0.224609375
40082,1.162109375,1.1328125,-0.322265625,-0.3125
40083,1.201171875,1.11328125,-0.185546875,-0.341796875
40084,1.15234375,1.123046875,-0.29296875,-0.283203125
40085,1.181640625,1.044921875,-0.21484375,-0.29296875
40086,1.181640625,1.142578125,-0.224609375,-0.244140625
40087,1.2890625,1.025390625,-0.3125,-0.13671875
40088,1.201171875,1.103515625,-0.361328125,-0.205078125
40089,1.201171875,1.083984375,-0.341796875,-0.283203125
40090,1.19140625,1.11328125,-0.283203125,-0.126953125
40091,1.19140625,1.201171875,-0.205078125,-0.224609375
40092,1.23046875,1.123046875,-0.361328125,-0.1171875
40093,1.11328125,1.142578125,-0.2734375,-0.146484375
40094,1.2109375,1.083984375,-0.244140625,-0.244140625
40095,1.142578125,1.11328125,-0.3515625,-0.166015625
40096,1.318359375,1.1328125,-0.224609375,-0.185546875
40097,1.2109375,1.064453125,-0.302734375,-0.283203125
40098,1.240234375,1.11328125,-0.244140625,-0.009765625
40099,1.2109375,1.123046875,-0.1171875,-0.25390625
40100,1.240234375,1.123046875,-0.15625,-0.224609375
40101,1.181640625,1.171875,-0.1953125,-0.283203125
40102,1.25,1.11328125,-0.234375,-0.29296875
40103,1.259765625,0.859375,-0.146484375,-0.234375
40104,1.220703125,1.162109375,-0.361328125,-0.185546875
40105,1.162109375,1.064453125,-0.244140625,-0.2734375
40106,1.171875,1.0546875,-0.244140625,-0.234375
40107,1.19140625,1.083984375,-0.283203125,-0.185546875
40108,1.15234375,1.103515625,-0.263671875,-0.341796875
40109,1.220703125,1.103515625,-0.3125,-0.244140625
40110,1.1328125,1.15234375,-0.166015625,-0.205078125
40111,1.38671875,1.09375,-0.25390625,-0.263671875
40112,1.259765625,1.171875,-0.1171875,-0.283203125
40113,1.162109375,1.123046875,-0.205078125,-0.234375
40114,1.005859375,1.11328125,-0.17578125,-0.2734375
40115,1.23046875,0.99609375,-0.21484375,-0.224609375
40116,1.19140625,1.162109375,-0.283203125,-0.322265625
40117,1.201171875,1.181640625,-0.224609375,-0.05859375
40118,1.26953125,1.083984375,-0.25390625,-0.234375
40119,1.15234375,1.2109375,0,-0.263671875
40120,1.09375,1.142578125,-0.166015625,-0.341796875
40121,1.171875,1.1328125,-0.15625,-0.17578125
40122,1.162109375,1.142578125,-0.25390625,-0.29296875
40123,1.123046875,1.083984375,-0.17578125,-0.341796875
40124,1.181640625,1.123046875,-0.146484375,-0.205078125
40125,1.162109375,1.123046875,-0.21484375,-0.244140625
40126,1.171875,1.103515625,-0.1171875,-0.29296875
40127,1.2109375,1.162109375,-0.107421875,-0.1953125
40128,1.240234375,1.025390625,-0.166015625,-0.2734375
40129,1.103515625,1.171875,-0.146484375,-0.263671875
40130,1.220703125,1.15234375,-0.205078125,-0.302734375
40131,1.171875,1.2890625,-0.205078125,-0.244140625
40132,1.083984375,1.2109375,-0.25390625,-0.126953125
40133,1.220703125,1.07421875,-0.21484375,-0.15625
40134,1.15234375,1.15234375,-0.1953125,-0.21484375
40135,1.19140625,1.19140625,-0.01953125,-0.09765625
40136,1.240234375,1.142578125,-0.17578125,-0.263671875
40137,1.171875,1.142578125,-0.244140625,-0.2734375
40138,1.240234375,1.181640625,-0.21484375,-0.400390625
40139,1.2109375,1.123046875,-0.341796875,-0.29296875
40140,1.23046875,1.1328125,-0.244140625,-0.234375
40141,1.19140625,1.123046875,-0.341796875,-0.21484375
40142,1.15234375,1.11328125,-0.234375,-0.25390625
40143,1.181640625,1.103515625,-0.087890625,-0.244140625
40144,1.19140625,1.220703125,-0.205078125,-0.244140625
40145,1.1328125,1.2109375,-0.283203125,-0.234375
40146,1.162109375,1.26953125,-0.263671875,-0.263671875
40147,1.25,1.181640625,-0.263671875,-0.419921875
40148,1.2109375,1.162109375,-0.283203125,-0.244140625
40149,1.2109375,1.259765625,-0.263671875,-0.3125
40150,1.26953125,1.240234375,-0.263671875,-0.41015625
40151,1.2109375,1.201171875,-0.283203125,-0.244140625
40152,1.259765625,1.11328125,-0.185546875,-0.25390625
40153,1.19140625,1.142578125,-0.185546875,-0.390625
40154,1.15234375,1.201171875,-0.13671875,-0.3125
40155,1.162109375,1.044921875,-0.09765625,-0.2734375
40156,1.11328125,1.171875,-0.166015625,-0.3125
40157,1.220703125,1.19140625,-0.185546875,-0.25390625
40158,1.19140625,1.25,-0.17578125,-0.2734375
40159,1.171875,1.201171875,0,-0.29296875
40160,1.30859375,1.220703125,-0.166015625,-0.166015625
40161,1.279296875,1.25,-0.107421875,-0.283203125
40162,1.2890625,1.142578125,-0.21484375,-0.341796875
40163,1.123046875,1.181640625,-0.21484375,-0.419921875
40164,1.220703125,1.220703125,-0.1953125,-0.205078125
40165,1.201171875,1.103515625,-0.224609375,-0.234375
40166,1.19140625,1.23046875,-0.1953125,-0.283203125
40167,1.2109375,1.19140625,-0.166015625,-0.322265625
40168,1.220703125,1.162109375,-0.302734375,-0.21484375
40169,1.171875,1.171875,-0.2734375,-0.439453125
40170,1.142578125,1.142578125,-0.146484375,-0.2734375
40171,1.259765625,1.23046875,-0.205078125,-0.3515625
40172,1.220703125,1.181640625,-0.234375,-0.263671875
40173,1.15234375,0.888671875,-0.205078125,-0.302734375
40174,1.1328125,1.142578125,-0.458984375,-0.302734375
40175,1.064453125,1.240234375,-0.29296875,-0.234375
40176,1.11328125,1.19140625,-0.21484375,-0.25390625
40177,1.25,1.171875,-0.322265625,-0.3125
40178,1.142578125,1.162109375,-0.21484375,-0.2734375
40179,1.171875,1.220703125,-0.234375,-0.29296875
40180,1.123046875,1.15234375,-0.166015625,-0.25390625
40181,1.064453125,1.220703125,-0.185546875,-0.263671875
40182,1.181640625,1.123046875,-0.244140625,-0.244140625
40183,1.09375,1.201171875,-0.29296875,-0.2734375
40184,1.26953125,1.201171875,-0.185546875,-0.25390625
40185,1.005859375,1.181640625,-0.263671875,-0.302734375
40186,1.162109375,1.328125,-0.263671875,-0.244140625
40187,1.171875,1.25,-0.21484375,-0.29296875
40188,1.123046875,1.23046875,-0.244140625,-0.322265625
40189,1.181640625,1.171875,-0.263671875,-0.283203125
40190,1.19140625,1.240234375,-0.21484375,-0.234375
40191,1.142578125,1.318359375,-0.15625,-0.21484375
40192,1.15234375,1.03515625,-0.146484375,-0.3125
40193,1.123046875,1.25,-0.1953125,-0.4296875
40194,1.103515625,1.171875,-0.234375,-0.48828125
40195,1.181640625,1.2109375,-0.33203125,-0.234375
40196,1.220703125,1.181640625,-0.322265625,-0.2734375
40197,1.201171875,1.142578125,-0.41015625,-0.29296875
40198,1.2109375,1.083984375,-0.302734375,-0.283203125
40199,1.162109375,1.162109375,-0.302734375,-0.302734375
40200,1.279296875,1.181640625,-0.37109375,-0.29296875
40201,1.083984375,1.30859375,-0.25390625,-0.29296875
40202,1.259765625,1.181640625,-0.341796875,0.048828125
40203,1.220703125,1.23046875,-0.283203125,-0.283203125
40204,1.15234375,1.26953125,-0.185546875,-0.302734375
40205,1.19140625,1.279296875,-0.439453125,-0.244140625
40206,1.23046875,1.240234375,-0.322265625,-0.37109375
40207,1.181640625,1.220703125,-0.3125,-0.3125
40208,1.201171875,1.298828125,-0.302734375,-0.166015625
40209,1.220703125,1.171875,-0.322265625,-0.3515625
40210,1.201171875,1.25,-0.400390625,-0.2734375
40211,1.181640625,1.220703125,-0.224609375,-0.380859375
40212,1.25,1.220703125,-0.322265625,-0.322265625
40213,1.220703125,1.26953125,-0.322265625,-0.283203125
40214,1.201171875,1.2109375,-0.15625,-0.380859375
40215,1.2109375,1.25,-0.341796875,-0.44921875
40216,1.19140625,1.240234375,-0.400390625,-0.25390625
40217,1.220703125,1.181640625,-0.390625,-0.302734375
40218,1.19140625,1.201171875,-0.283203125,-0.13671875
40219,1.201171875,1.259765625,-0.224609375,-0.3125
40220,1.162109375,1.259765625,-0.33203125,-0.46875
40221,1.142578125,1.30859375,-0.244140625,-0.205078125
40222,1.11328125,1.171875,-0.283203125,-0.322265625
40223,1.19140625,1.220703125,-0.244140625,-0.25390625
40224,1.19140625,1.220703125,-0.322265625,-0.2734375
40225,1.181640625,1.162109375,-0.244140625,-0.21484375
40226,1.142578125,1.2109375,-0.29296875,-0.244140625
40227,1.201171875,1.25,-0.205078125,-0.29296875
40228,1.19140625,1.328125,-0.205078125,-0.25390625
40229,1.11328125,1.201171875,-0.205078125,-0.234375
40230,1.142578125,1.26953125,-0.244140625,-0.13671875
40231,1.201171875,1.2890625,-0.2734375,-0.302734375
40232,1.240234375,1.162109375,-0.244140625,-0.341796875
40233,1.2890625,1.23046875,-0.21484375,-0.48828125
40234,1.162109375,1.123046875,-0.29296875,-0.263671875
40235,1.23046875,1.171875,-0.283203125,-0.2734375
40236,1.171875,1.259765625,-0.2734375,-0.322265625
40237,1.162109375,1.2109375,-0.3125,-0.322265625
40238,1.279296875,1.103515625,-0.33203125,-0.244140625
40239,1.19140625,1.201171875,-0.302734375,-0.166015625
40240,1.15234375,1.220703125,-0.263671875,-0.322265625
40241,1.162109375,1.23046875,-0.21484375,-0.302734375
40242,1.2109375,1.23046875,-0.2734375,-0.302734375
40243,1.30859375,1.171875,-0.3515625,-0.263671875
40244,1.328125,1.181640625,-0.3515625,-0.29296875
40245,1.328125,1.162109375,-0.15625,-0.224609375
40246,1.4453125,1.201171875,-0.302734375,-0.244140625
40247,1.34765625,1.0546875,-0.458984375,-0.302734375
40248,1.26953125,1.19140625,-0.3515625,-0.185546875
40249,1.38671875,1.25,-0.185546875,-0.302734375
40250,1.34765625,1.181640625,-0.29296875,-0.25390625
40251,1.279296875,1.11328125,-0.166015625,-0.29296875
40252,1.42578125,1.162109375,-0.224609375,-0.283203125
40253,1.201171875,1.279296875,-0.185546875,-0.263671875
40254,1.23046875,1.181640625,-0.234375,-0.322265625
40255,1.337890625,1.220703125,-0.244140625,-0.244140625
40256,1.4453125,1.064453125,-0.205078125,-0.2734375
40257,1.298828125,1.19140625,-0.302734375,-0.15625
40258,1.26953125,1.298828125,-0.13671875,-0.29296875
40259,1.318359375,1.201171875,-0.361328125,-0.361328125
40260,1.26953125,1.2890625,-0.166015625,-0.322265625
40261,1.416015625,1.25,-0.1953125,-0.234375
40262,1.30859375,1.42578125,-0.205078125,-0.25390625
40263,1.279296875,1.259765625,-0.224609375,-0.205078125
40264,1.318359375,1.181640625,-0.234375,-0.4296875
40265,1.298828125,1.201171875,-0.25390625,-0.263671875
40266,1.318359375,1.25,-0.419921875,-0.25390625
40267,1.25,1.26953125,-0.302734375,-0.302734375
40268,1.30859375,1.328125,-0.29296875,-0.2734375
40269,1.2890625,1.171875,-0.224609375,-0.361328125
40270,1.38671875,1.259765625,-0.1953125,-0.361328125
40271,1.357421875,1.435546875,-0.146484375,-0.390625
40272,1.25,1.3671875,-0.21484375,-0.048828125
40273,1.40625,1.26953125,-0.244140625,-0.341796875
40274,1.328125,1.201171875,-0.341796875,-0.361328125
40275,1.279296875,1.220703125,-0.185546875,-0.41015625
40276,1.279296875,1.2109375,-0.2734375,-0.4296875
40277,1.220703125,1.40625,-0.21484375,-0.341796875
40278,1.337890625,1.25,-0.09765625,-0.37109375
40279,1.30859375,1.240234375,-0.234375,-0.44921875
40280,1.26953125,1.279296875,-0.1953125,-0.361328125
40281,1.318359375,1.19140625,-0.244140625,-0.44921875
40282,1.30859375,1.26953125,-0.185546875,-0.29296875
40283,1.474609375,1.259765625,-0.21484375,-0.33203125
40284,1.357421875,1.15234375,-0.15625,-0.361328125
40285,1.34765625,1.259765625,-0.25390625,-0.390625
40286,1.337890625,1.1328125,-0.1171875,-0.361328125
40287,1.318359375,1.025390625,-0.244140625,-0.400390625
40288,1.328125,1.19140625,-0.224609375,-0.322265625
40289,1.201171875,0.99609375,-0.1953125,-0.37109375
40290,1.240234375,1.26953125,-0.185546875,-0.380859375
40291,1.259765625,1.19140625,-0.224609375,-0.244140625
40292,1.318359375,1.298828125,-0.205078125,-0.380859375
40293,1.171875,1.162109375,-0.205078125,-0.3515625
40294,1.201171875,1.19140625,-0.15625,-0.478515625
40295,1.318359375,0.986328125,-0.15625,-0.2734375
40296,1.240234375,1.201171875,-0.33203125,-0.3125
40297,1.171875,1.2109375,-0.25390625,-0.263671875
40298,1.201171875,1.11328125,-0.283203125,-0.341796875
40299,1.19140625,1.03515625,-0.361328125,-0.2734375
40300,1.181640625,1.2109375,-0.1953125,-0.302734375
40301,1.259765625,1.240234375,-0.15625,-0.3515625
40302,1.2109375,1.19140625,-0.234375,-0.341796875
40303,1.298828125,1.2109375,-0.224609375,-0.37109375
40304,1.19140625,1.318359375,-0.33203125,-0.263671875
40305,1.2890625,1.2109375,-0.25390625,-0.283203125
40306,1.23046875,1.171875,-0.263671875,-0.302734375
40307,1.259765625,1.103515625,-0.283203125,-0.3515625
40308,1.171875,1.064453125,-0.380859375,-0.322265625
40309,1.3671875,1.25,-0.322265625,-0.29296875
40310,1.064453125,1.19140625,-0.3125,-0.44921875
40311,1.171875,1.162109375,-0.224609375,-0.380859375
40312,1.19140625,1.19140625,-0.3125,-0.41015625
40313,1.162109375,1.083984375,-0.3515625,-0.44921875
40314,1.181640625,1.259765625,-0.185546875,-0.390625
40315,1.15234375,1.181640625,-0.2734375,-0.361328125
40316,1.259765625,1.11328125,-0.263671875,-0.458984375
40317,1.1328125,1.15234375,-0.2734375,-0.419921875
40318,1.19140625,1.162109375,-0.185546875,-0.21484375
40319,1.23046875,1.1328125,-0.244140625,-0.458984375
40320,1.220703125,1.15234375,-0.2734375,-0.41015625
40321,1.201171875,1.26953125,-0.234375,-0.3125
40322,1.142578125,1.2109375,-0.341796875,-0.478515625
40323,1.2890625,1.23046875,-0.234375,-0.380859375
40324,1.181640625,1.171875,-0.15625,-0.341796875
40325,1.123046875,1.142578125,-0.25390625,-0.46875
40326,1.181640625,1.171875,-0.341796875,-0.37109375
40327,1.15234375,1.19140625,-0.263671875,-0.205078125
40328,1.123046875,1.220703125,-0.25390625,-0.5859375
40329,1.220703125,1.03515625,-0.205078125,-0.380859375
40330,1.240234375,1.181640625,-0.205078125,-0.37109375
40331,1.298828125,1.142578125,-0.263671875,-0.361328125
40332,1.162109375,1.19140625,-0.185546875,-0.3515625
40333,1.181640625,1.25,-0.33203125,-0.37109375
40334,1.15234375,1.162109375,-0.29296875,-0.615234375
40335,1.1328125,1.259765625,-0.41015625,-0.380859375
40336,1.23046875,1.23046875,-0.185546875,-0.25390625
40337,1.171875,1.23046875,-0.224609375,-0.498046875
40338,1.171875,1.181640625,-0.283203125,-0.33203125
40339,1.171875,1.201171875,-0.166015625,-0.33203125
40340,1.044921875,1.2109375,-0.234375,-0.390625
40341,1.279296875,1.259765625,-0.283203125,-0.44921875
40342,1.171875,1.19140625,-0.1953125,-0.537109375
40343,1.171875,1.220703125,-0.205078125,-0.400390625
40344,1.23046875,1.3671875,-0.29296875,-0.390625
40345,1.1328125,1.259765625,-0.146484375,-0.537109375
40346,1.09375,1.240234375,-0.244140625,-0.400390625
40347,1.142578125,1.162109375,-0.17578125,-0.302734375
40348,1.240234375,1.201171875,-0.068359375,-0.37109375
40349,1.1328125,1.19140625,-0.1953125,-0.37109375
40350,1.2109375,1.30859375,-0.21484375,-0.361328125
40351,1.171875,1.201171875,-0.302734375,-0.361328125
40352,1.23046875,1.181640625,-0.185546875,-0.3125
40353,1.23046875,1.142578125,-0.205078125,-0.419921875
40354,1.171875,1.103515625,-0.263671875,-0.41015625
40355,1.19140625,1.220703125,-0.2734375,-0.3125
40356,1.19140625,1.123046875,-0.244140625,-0.41015625
40357,1.259765625,1.162109375,-0.33203125,-0.390625
40358,1.26953125,1.07421875,-0.224609375,-0.1953125
40359,1.201171875,1.123046875,-0.263671875,-0.3515625
40360,1.259765625,1.15234375,-0.33203125,-0.4296875
40361,1.220703125,1.11328125,-0.166015625,-0.341796875
40362,1.25,1.03515625,-0.244140625,-0.380859375
40363,1.318359375,1.171875,-0.17578125,-0.390625
40364,1.3671875,1.07421875,-0.1953125,-0.2734375
40365,1.171875,1.171875,-0.302734375,-0.3125
40366,1.279296875,1.064453125,-0.21484375,-0.37109375
40367,1.220703125,1.09375,-0.33203125,-0.3125
40368,1.142578125,1.083984375,-0.244140625,-0.37109375
40369,1.25,1.123046875,-0.234375,-0.4296875
40370,1.2890625,1.123046875,-0.3125,-0.263671875
40371,1.2890625,1.171875,-0.29296875,-0.361328125
40372,1.279296875,1.044921875,-0.322265625,-0.341796875
40373,1.103515625,1.123046875,-0.341796875,-0.400390625
40374,1.240234375,1.0546875,-0.146484375,-0.33203125
40375,1.318359375,1.1328125,-0.244140625,-0.37109375
40376,1.259765625,1.11328125,-0.126953125,-0.322265625
40377,1.2890625,1.103515625,-0.17578125,-0.33203125
40378,1.201171875,1.181640625,-0.205078125,-0.29296875
40379,1.240234375,1.09375,-0.146484375,-0.439453125
40380,1.181640625,1.103515625,-0.1953125,-0.3125
40381,1.171875,1.103515625,-0.107421875,-0.234375
40382,1.25,1.103515625,-0.244140625,-0.3515625
40383,1.279296875,1.064453125,-0.21484375,-0.390625
40384,1.1328125,1.015625,-0.224609375,-0.3515625
40385,1.201171875,1.044921875,-0.224609375,-0.15625
40386,1.142578125,1.015625,-0.224609375,-0.322265625
40387,1.1328125,1.015625,-0.185546875,-0.37109375
40388,1.19140625,1.015625,-0.263671875,-0.41015625
40389,1.30859375,0.99609375,-0.283203125,-0.322265625
40390,1.259765625,0.9765625,-0.21484375,-0.244140625
40391,1.23046875,0.9375,-0.166015625,-0.400390625
40392,1.240234375,0.986328125,-0.2734375,-0.302734375
40393,1.15234375,1.07421875,-0.21484375,-0.322265625
40394,1.171875,1.005859375,-0.146484375,-0.234375
40395,1.181640625,1.064453125,-0.185546875,-0.322265625
40396,1.328125,0.99609375,-0.17578125,-0.3125
40397,1.19140625,1.123046875,-0.205078125,-0.244140625
40398,1.181640625,1.044921875,-0.1953125,-0.33203125
40399,1.19140625,0.99609375,-0.146484375,-0.33203125
40400,1.220703125,1.03515625,-0.166015625,-0.361328125
40401,1.2109375,0.986328125,-0.21484375,-0.41015625
40402,1.171875,1.09375,-0.234375,-0.244140625
40403,1.220703125,1.015625,-0.224609375,-0.29296875
40404,1.142578125,1.083984375,-0.126953125,-0.17578125
40405,1.181640625,1.09375,-0.126953125,-0.244140625
40406,1.220703125,0.986328125,-0.126953125,-0.3515625
40407,1.298828125,1.044921875,-0.17578125,-0.25390625
40408,1.30859375,1.103515625,-0.1171875,-0.244140625
40409,1.2109375,0.947265625,-0.185546875,-0.322265625
40410,1.279296875,1.044921875,-0.224609375,-0.25390625
40411,1.259765625,1.083984375,-0.283203125,-0.33203125
40412,1.240234375,0.986328125,-0.205078125,-0.263671875
40413,1.103515625,1.025390625,-0.234375,-0.25390625
40414,1.064453125,1.07421875,-0.21484375,-0.302734375
40415,1.15234375,1.015625,-0.09765625,-0.302734375
40416,1.220703125,1.03515625,-0.205078125,-0.419921875
40417,1.142578125,0.966796875,-0.29296875,-0.302734375
40418,1.142578125,1.07421875,-0.234375,-0.2734375
40419,1.2109375,0.986328125,-0.244140625,-0.48828125
40420,1.11328125,0.9375,-0.263671875,-0.283203125
40421,1.11328125,1.03515625,-0.322265625,-0.302734375
40422,1.240234375,1.083984375,-0.205078125,-0.205078125
40423,1.11328125,1.07421875,-0.185546875,-0.3515625
40424,1.15234375,1.103515625,-0.126953125,-0.322265625
40425,1.142578125,1.03515625,-0.29296875,-0.439453125
40426,1.328125,1.025390625,-0.283203125,-0.3125
40427,1.259765625,1.07421875,-0.2734375,-0.3125
40428,1.279296875,0.99609375,-0.244140625,-0.302734375
40429,1.181640625,1.1328125,-0.21484375,-0.302734375
40430,1.171875,1.025390625,-0.1953125,-0.29296875
40431,1.2109375,1.123046875,-0.205078125,-0.283203125
40432,1.19140625,0.947265625,-0.205078125,-0.263671875
40433,1.201171875,1.09375,-0.166015625,-0.302734375
40434,1.103515625,1.07421875,-0.263671875,-0.400390625
40435,1.171875,1.064453125,-0.185546875,-0.33203125
40436,1.103515625,1.162109375,-0.498046875,-0.341796875
40437,1.181640625,1.005859375,-0.361328125,-0.361328125
40438,1.171875,1.03515625,-0.263671875,-0.4296875
40439,1.25,1.083984375,-0.283203125,-0.3125
40440,1.15234375,1.07421875,-0.224609375,-0.341796875
40441,1.1328125,1.083984375,-0.234375,-0.400390625
40442,1.15234375,0.888671875,-0.17578125,-0.361328125
40443,1.19140625,0.87890625,-0.185546875,-0.4296875
40444,1.15234375,1.142578125,-0.234375,-0.478515625
40445,1.23046875,1.07421875,-0.263671875,-0.380859375
40446,1.142578125,1.07421875,-0.087890625,-0.361328125
40447,1.259765625,1.09375,-0.263671875,-0.5859375
40448,1.279296875,1.09375,-0.283203125,-0.3125
40449,1.162109375,1.083984375,-0.244140625,-0.13671875
40450,1.181640625,1.0546875,-0.3125,-0.224609375
40451,1.25,1.23046875,-0.29296875,-0.263671875
40452,1.142578125,1.005859375,-0.3125,-0.41015625
40453,1.23046875,1.0546875,-0.263671875,-0.205078125
40454,1.201171875,1.123046875,-0.166015625,-0.341796875
40455,1.181640625,1.044921875,-0.1953125,-0.390625
40456,1.103515625,1.07421875,-0.244140625,-0.25390625
40457,1.240234375,1.1328125,-0.224609375,-0.2734375
40458,1.2109375,1.103515625,-0.09765625,-0.3515625
40459,1.103515625,1.171875,-0.25390625,-0.263671875
40460,1.23046875,1.142578125,-0.048828125,-0.263671875
40461,1.1328125,1.123046875,-0.078125,-0.3125
40462,1.171875,1.123046875,-0.17578125,-0.361328125
40463,1.1328125,1.2109375,-0.15625,-0.341796875
40464,1.279296875,1.07421875,-0.224609375,-0.3125
40465,1.34765625,1.123046875,-0.13671875,-0.3125
40466,1.2109375,1.005859375,-0.146484375,-0.29296875
40467,1.259765625,1.15234375,-0.126953125,-0.341796875
40468,1.1328125,1.0546875,-0.205078125,-0.537109375
40469,1.328125,0.99609375,-0.234375,-0.302734375
40470,1.298828125,1.064453125,-0.029296875,-0.3515625
40471,1.23046875,1.09375,-0.21484375,-0.390625
40472,1.2109375,1.103515625,-0.107421875,-0.37109375
40473,1.2109375,1.103515625,-0.234375,-0.2734375
40474,1.318359375,1.083984375,-0.205078125,-0.3515625
40475,1.2109375,1.171875,-0.205078125,-0.302734375
40476,1.23046875,1.25,-0.205078125,-0.3125
40477,1.171875,1.083984375,-0.1953125,-0.29296875
40478,1.123046875,1.0546875,-0.185546875,-0.263671875
40479,1.2109375,0.95703125,-0.126953125,-0.322265625
40480,1.25,1.083984375,-0.17578125,-0.380859375
40481,1.064453125,1.064453125,-0.185546875,-0.302734375
40482,1.279296875,1.083984375,-0.126953125,-0.29296875
40483,1.162109375,1.103515625,-0.234375,-0.146484375
40484,1.15234375,1.171875,-0.15625,-0.322265625
40485,1.19140625,1.044921875,-0.283203125,-0.29296875
40486,1.279296875,1.044921875,-0.17578125,-0.341796875
40487,1.15234375,1.103515625,-0.3125,-0.302734375
40488,1.181640625,0.947265625,-0.1953125,-0.2734375
40489,1.064453125,1.0546875,-0.21484375,-0.33203125
40490,1.30859375,1.123046875,-0.224609375,-0.283203125
40491,1.09375,1.1328125,-0.126953125,-0.2734375
40492,1.123046875,1.2109375,-0.25390625,-0.3515625
40493,1.337890625,1.11328125,-0.21484375,-0.21484375
40494,1.19140625,1.07421875,-0.1953125,-0.244140625
40495,1.142578125,1.083984375,-0.263671875,-0.15625
40496,1.26953125,1.1328125,-0.185546875,-0.244140625
40497,1.2890625,1.083984375,-0.21484375,-0.33203125
40498,1.162109375,1.11328125,-0.302734375,-0.390625
40499,1.279296875,1.09375,-0.2734375,-0.205078125
40500,1.25,1.044921875,-0.302734375,-0.1953125
40501,1.181640625,1.162109375,-0.2734375,-0.263671875
40502,1.259765625,1.03515625,-0.263671875,-0.185546875
40503,1.220703125,1.0546875,-0.1953125,-0.1953125
40504,1.30859375,1.083984375,-0.419921875,-0.390625
40505,1.171875,1.142578125,-0.25390625,-0.29296875
40506,1.15234375,1.0546875,-0.302734375,-0.283203125
40507,1.23046875,1.005859375,-0.21484375,-0.21484375
40508,1.171875,1.1328125,-0.21484375,-0.3515625
40509,1.083984375,1.142578125,-0.224609375,-0.322265625
40510,1.142578125,1.025390625,-0.263671875,-0.29296875
40511,1.09375,1.103515625,-0.21484375,-0.263671875
40512,1.279296875,1.083984375,-0.33203125,-0.224609375
40513,1.07421875,1.162109375,-0.3515625,-0.1171875
40514,1.201171875,1.07421875,-0.283203125,-0.302734375
40515,1.142578125,1.07421875,-0.400390625,-0.283203125
40516,1.171875,1.162109375,-0.29296875,-0.25390625
40517,1.19140625,1.11328125,-0.419921875,-0.09765625
40518,1.23046875,1.15234375,-0.361328125,-0.322265625
40519,1.083984375,1.07421875,-0.439453125,-0.25390625
40520,1.240234375,1.103515625,-0.33203125,-0.205078125
40521,1.11328125,1.25,-0.3515625,-0.205078125
40522,1.142578125,1.201171875,-0.322265625,-0.341796875
40523,1.181640625,1.064453125,-0.302734375,-0.2734375
40524,1.2109375,1.15234375,-0.25390625,-0.263671875
40525,1.23046875,1.259765625,-0.25390625,-0.205078125
40526,1.25,1.123046875,-0.283203125,-0.146484375
40527,1.25,1.03515625,-0.29296875,-0.29296875
40528,1.25,1.15234375,-0.234375,-0.263671875
40529,1.30859375,1.142578125,-0.224609375,-0.341796875
40530,1.2109375,1.15234375,-0.185546875,-0.302734375
40531,1.171875,1.181640625,-0.205078125,-0.283203125
40532,1.240234375,1.103515625,-0.21484375,-0.361328125
40533,1.298828125,0.986328125,-0.302734375,-0.224609375
40534,1.171875,1.015625,-0.29296875,-0.15625
40535,1.318359375,1.123046875,-0.244140625,-0.15625
40536,1.044921875,1.142578125,-0.224609375,-0.21484375
40537,1.181640625,1.162109375,-0.2734375,-0.205078125
40538,1.19140625,1.142578125,-0.25390625,-0.234375
40539,1.201171875,1.0546875,-0.234375,-0.25390625
40540,1.142578125,1.103515625,-0.3125,-0.224609375
40541,1.162109375,1.11328125,-0.25390625,-0.3125
40542,1.162109375,1.2109375,-0.2734375,-0.126953125
40543,1.162109375,1.083984375,-0.17578125,-0.234375
40544,1.259765625,1.103515625,-0.3125,-0.107421875
40545,1.318359375,1.2109375,-0.3515625,-0.15625
40546,1.123046875,1.11328125,-0.244140625,-0.185546875
40547,1.1328125,1.03515625,-0.21484375,-0.244140625
40548,1.3671875,1.0546875,-0.3125,-0.2734375
40549,1.123046875,1.171875,-0.244140625,-0.21484375
40550,1.171875,1.162109375,-0.1171875,-0.21484375
40551,1.142578125,1.2109375,-0.21484375,-0.4296875
40552,1.201171875,1.0546875,-0.205078125,-0.263671875
40553,1.181640625,1.1328125,-0.185546875,-0.3515625
40554,1.142578125,1.15234375,-0.185546875,-0.244140625
40555,1.162109375,1.142578125,-0.29296875,-0.283203125
40556,1.11328125,1.142578125,-0.244140625,-0.13671875
40557,1.259765625,0.99609375,-0.234375,-0.234375
40558,1.142578125,1.142578125,-0.146484375,-0.283203125
40559,1.23046875,1.09375,-0.1953125,-0.263671875
40560,1.162109375,1.123046875,-0.205078125,-0.419921875
40561,1.201171875,1.171875,-0.3125,-0.29296875
40562,1.23046875,1.09375,-0.263671875,-0.517578125
40563,1.142578125,0.986328125,-0.15625,-0.09765625
40564,1.162109375,1.015625,-0.380859375,-0.234375
40565,1.220703125,1.23046875,-0.17578125,-0.283203125
40566,1.25,1.142578125,-0.234375,-0.283203125
40567,1.181640625,1.2109375,-0.1171875,-0.263671875
40568,1.220703125,1.15234375,-0.234375,-0.380859375
40569,1.2109375,1.220703125,-0.33203125,-0.537109375
40570,1.142578125,1.240234375,-0.283203125,-0.2734375
40571,1.142578125,1.25,-0.09765625,-0.21484375
40572,1.240234375,1.2890625,-0.2734375,-0.2734375
40573,1.2109375,1.1328125,-0.087890625,-0.263671875
40574,1.2109375,1.181640625,-0.283203125,-0.302734375
40575,1.11328125,1.2109375,-0.29296875,-0.185546875
40576,1.220703125,1.181640625,-0.146484375,-0.322265625
40577,1.2890625,1.123046875,-0.25390625,-0.1953125
40578,1.240234375,1.181640625,-0.205078125,-0.3125
40579,1.25,1.103515625,-0.322265625,-0.263671875
40580,1.19140625,1.162109375,-0.205078125,-0.25390625
40581,1.26953125,1.259765625,-0.21484375,-0.224609375
40582,1.181640625,1.23046875,-0.185546875,-0.21484375
40583,1.201171875,1.259765625,-0.15625,-0.25390625
40584,1.30859375,1.162109375,-0.185546875,-0.087890625
40585,1.142578125,1.162109375,0.009765625,-0.224609375
40586,1.220703125,1.201171875,-0.29296875,-0.185546875
40587,1.162109375,1.25,-0.185546875,-0.380859375
40588,1.279296875,1.23046875,-0.1953125,-0.283203125
40589,1.2109375,1.11328125,-0.1953125,-0.244140625
40590,1.142578125,1.103515625,-0.166015625,-0.33203125
40591,1.103515625,1.220703125,-0.126953125,-0.2734375
40592,1.181640625,1.455078125,-0.224609375,-0.2734375
40593,1.2890625,1.15234375,-0.185546875,-0.283203125
40594,1.23046875,1.162109375,-0.166015625,-0.224609375
40595,1.23046875,1.4453125,-0.302734375,-0.37109375
40596,1.23046875,1.1328125,-0.263671875,-0.21484375
40597,1.15234375,1.23046875,-0.263671875,-0.263671875
40598,1.240234375,1.171875,-0.087890625,-0.234375
40599,1.142578125,1.23046875,-0.263671875,-0.244140625
40600,1.328125,1.123046875,-0.234375,-0.322265625
40601,1.30859375,1.201171875,-0.21484375,-0.302734375
40602,1.15234375,1.181640625,-0.25390625,-0.283203125
40603,1.30859375,1.19140625,-0.263671875,-0.3515625
40604,1.23046875,1.220703125,-0.1953125,-0.25390625
40605,1.279296875,1.0546875,-0.322265625,-0.09765625
40606,1.064453125,1.181640625,-0.25390625,-0.302734375
40607,1.15234375,1.103515625,-0.234375,-0.224609375
40608,1.0546875,1.26953125,-0.263671875,-0.224609375
40609,1.201171875,1.357421875,-0.390625,-0.244140625
40610,1.171875,1.142578125,-0.13671875,-0.29296875
40611,1.181640625,1.123046875,-0.234375,-0.205078125
40612,1.171875,1.2109375,-0.224609375,-0.341796875
40613,1.162109375,1.201171875,-0.3125,-0.283203125
40614,1.044921875,1.220703125,-0.283203125,-0.29296875
40615,1.162109375,1.19140625,-0.224609375,-0.283203125
40616,1.19140625,1.240234375,-0.224609375,-0.283203125
40617,1.240234375,1.25,-0.380859375,-0.302734375
40618,1.34765625,1.19140625,-0.17578125,-0.263671875
40619,1.15234375,1.25,-0.263671875,-0.33203125
40620,1.240234375,1.142578125,-0.29296875,-0.3515625
40621,1.103515625,1.201171875,-0.263671875,-0.283203125
40622,1.162109375,1.171875,-0.107421875,-0.263671875
40623,1.25,1.181640625,-0.13671875,-0.185546875
40624,1.19140625,1.19140625,-0.1953125,-0.37109375
40625,1.2890625,1.19140625,-0.146484375,-0.283203125
40626,1.26953125,1.25,-0.380859375,-0.263671875
40627,1.259765625,1.15234375,-0.263671875,-0.3515625
40628,1.25,1.19140625,-0.322265625,-0.29296875
40629,1.201171875,1.30859375,-0.244140625,-0.15625
40630,1.26953125,1.2890625,-0.21484375,-0.244140625
40631,1.162109375,1.162109375,-0.185546875,-0.29296875
40632,1.15234375,1.171875,-0.341796875,-0.458984375
40633,1.181640625,1.240234375,-0.1953125,-0.33203125
40634,1.220703125,1.23046875,-0.107421875,-0.3125
40635,1.162109375,1.259765625,-0.341796875,-0.302734375
40636,1.162109375,1.240234375,-0.25390625,-0.390625
40637,1.123046875,1.015625,-0.3125,-0.283203125
40638,1.11328125,1.23046875,-0.263671875,-0.302734375
40639,1.15234375,1.25,-0.2734375,-0.283203125
40640,1.123046875,1.259765625,-0.205078125,-0.224609375
40641,1.162109375,1.240234375,-0.322265625,-0.322265625
40642,1.2109375,1.240234375,-0.17578125,-0.13671875
40643,1.123046875,1.25,-0.3125,-0.234375
40644,1.142578125,1.279296875,-0.3515625,-0.283203125
40645,1.26953125,1.19140625,-0.234375,-0.224609375
40646,1.23046875,1.259765625,-0.29296875,-0.224609375
40647,1.103515625,1.328125,-0.234375,-0.2734375
40648,1.171875,1.19140625,-0.29296875,-0.439453125
40649,1.103515625,1.23046875,-0.185546875,-0.263671875
40650,1.19140625,1.259765625,-0.302734375,-0.25390625
40651,1.181640625,1.19140625,-0.234375,-0.341796875
40652,1.279296875,1.1328125,-0.224609375,-0.283203125
40653,1.2109375,1.34765625,-0.29296875,-0.25390625
40654,1.23046875,1.19140625,-0.283203125,-0.3125
40655,1.07421875,1.162109375,-0.21484375,-0.234375
40656,1.0546875,1.220703125,-0.244140625,-0.166015625
40657,1.2109375,1.240234375,-0.234375,-0.29296875
40658,1.240234375,1.171875,-0.21484375,-0.33203125
40659,1.19140625,1.19140625,-0.1953125,-0.33203125
40660,1.171875,1.201171875,-0.302734375,-0.244140625
40661,1.298828125,1.279296875,-0.17578125,-0.244140625
40662,1.201171875,1.181640625,-0.25390625,-0.283203125
40663,1.34765625,1.2109375,-0.3125,-0.25390625
40664,1.26953125,1.240234375,-0.146484375,-0.29296875
40665,1.279296875,1.15234375,-0.224609375,-0.322265625
40666,1.23046875,1.220703125,-0.25390625,-0.390625
40667,1.23046875,1.376953125,-0.234375,-0.322265625
40668,1.123046875,1.25,-0.244140625,-0.322265625
40669,1.298828125,1.23046875,-0.3125,-0.244140625
40670,1.30859375,1.25,-0.25390625,-0.3515625
40671,1.220703125,1.19140625,-0.439453125,-0.302734375
40672,1.220703125,1.123046875,-0.3515625,-0.205078125
40673,1.11328125,1.201171875,-0.25390625,-0.41015625
40674,1.357421875,1.162109375,-0.126953125,-0.25390625
40675,1.357421875,1.181640625,-0.29296875,-0.2734375
40676,1.259765625,1.201171875,-0.263671875,-0.3125
40677,1.318359375,1.279296875,-0.146484375,-0.29296875
40678,1.2890625,1.181640625,-0.234375,-0.41015625
40679,1.162109375,1.220703125,-0.283203125,-0.322265625
40680,1.30859375,1.298828125,-0.33203125,-0.25390625
40681,1.298828125,1.23046875,-0.21484375,-0.400390625
40682,1.298828125,1.19140625,-0.146484375,-0.25390625
40683,1.26953125,1.240234375,-0.341796875,-0.263671875
40684,1.23046875,1.298828125,-0.2734375,-0.224609375
40685,1.26953125,1.259765625,-0.2734375,-0.185546875
40686,1.279296875,1.26953125,-0.17578125,-0.2734375
40687,1.318359375,1.162109375,-0.21484375,-0.46875
40688,1.240234375,1.240234375,-0.224609375,-0.380859375
40689,1.279296875,1.240234375,-0.224609375,-0.263671875
40690,1.2109375,1.220703125,-0.185546875,-0.3515625
40691,1.26953125,1.162109375,-0.283203125,-0.283203125
40692,1.220703125,1.318359375,-0.1171875,-0.33203125
40693,1.240234375,1.220703125,-0.302734375,-0.400390625
40694,1.337890625,1.2109375,-0.29296875,-0.56640625
40695,1.220703125,1.240234375,-0.341796875,-0.322265625
40696,1.240234375,1.259765625,-0.1953125,-0.234375
40697,1.30859375,1.25,-0.25390625,-0.283203125
40698,1.201171875,1.25,-0.25390625,-0.302734375
40699,1.240234375,1.23046875,-0.2734375,-0.3515625
40700,1.240234375,1.162109375,-0.2734375,-0.33203125
40701,1.171875,1.259765625,-0.25390625,-0.3515625
40702,1.396484375,1.240234375,-0.25390625,-0.3125
40703,1.435546875,1.201171875,-0.263671875,-0.244140625
40704,1.357421875,1.220703125,-0.3125,-0.33203125
40705,1.34765625,1.337890625,-0.224609375,-0.46875
40706,1.376953125,1.23046875,-0.322265625,-0.44921875
40707,1.298828125,1.26953125,-0.25390625,-0.3125
40708,1.3671875,1.23046875,-0.234375,-0.2734375
40709,1.4453125,1.2109375,-0.224609375,-0.419921875
40710,1.259765625,1.220703125,-0.185546875,-0.33203125
40711,1.376953125,1.103515625,-0.21484375,-0.33203125
40712,1.318359375,1.34765625,-0.283203125,-0.322265625
40713,1.376953125,1.298828125,-0.244140625,-0.341796875
40714,1.40625,1.103515625,-0.166015625,-0.263671875
40715,1.23046875,1.2109375,-0.224609375,-0.46875
40716,1.220703125,1.328125,-0.1953125,-0.390625
40717,1.328125,1.15234375,-0.1953125,-0.29296875
40718,1.220703125,1.298828125,-0.244140625,-0.205078125
40719,1.26953125,1.181640625,-0.283203125,-0.33203125
40720,1.279296875,1.25,-0.185546875,-0.361328125
40721,1.396484375,1.171875,-0.29296875,-0.33203125
40722,1.25,1.03515625,-0.33203125,-0.37109375
40723,1.30859375,1.30859375,-0.21484375,-0.322265625
40724,1.279296875,1.19140625,-0.283203125,-0.2734375
40725,1.3671875,1.1328125,-0.283203125,-0.3515625
40726,1.259765625,1.30859375,-0.244140625,-0.3515625
40727,1.40625,1.171875,-0.166015625,-0.283203125
40728,1.15234375,1.171875,-0.244140625,-0.3515625
40729,1.298828125,1.044921875,-0.2734375,-0.380859375
40730,1.181640625,1.2109375,-0.263671875,-0.322265625
40731,1.298828125,1.142578125,-0.263671875,-0.302734375
40732,1.279296875,1.015625,-0.322265625,-0.29296875
40733,1.26953125,1.1328125,-0.283203125,-0.205078125
40734,1.259765625,1.15234375,-0.283203125,-0.25390625
40735,1.298828125,1.123046875,-0.33203125,-0.25390625
40736,1.337890625,1.11328125,-0.244140625,-0.33203125
40737,1.259765625,1.15234375,-0.302734375,-0.302734375
40738,1.298828125,1.123046875,-0.21484375,-0.244140625
40739,1.15234375,1.123046875,-0.244140625,-0.126953125
40740,1.142578125,1.181640625,-0.263671875,-0.224609375
40741,1.25,1.142578125,-0.166015625,-0.29296875
40742,1.2890625,1.123046875,-0.1953125,-0.33203125
40743,1.30859375,1.15234375,-0.29296875,-0.3125
40744,1.26953125,1.09375,-0.1171875,-0.400390625
40745,1.23046875,1.220703125,-0.21484375,-0.322265625
40746,1.38671875,1.298828125,-0.263671875,-0.390625
40747,1.25,1.259765625,-0.3515625,-0.33203125
40748,1.2890625,1.201171875,-0.2734375,-0.517578125
40749,1.201171875,1.26953125,-0.263671875,-0.419921875
40750,1.279296875,1.2109375,-0.33203125,-0.37109375
40751,1.25,1.25,-0.185546875,-0.4296875
40752,1.240234375,1.23046875,-0.2734375,-0.3515625
40753,1.1328125,1.2109375,-0.15625,-0.37109375
40754,1.220703125,1.123046875,-0.17578125,-0.41015625
40755,1.34765625,1.279296875,-0.21484375,-0.3515625
40756,1.181640625,1.259765625,-0.087890625,-0.3125
40757,1.2109375,1.26953125,-0.2734375,-0.33203125
40758,1.240234375,1.30859375,-0.2734375,-0.29296875
40759,1.240234375,1.259765625,-0.322265625,-0.41015625
40760,1.181640625,1.220703125,-0.224609375,-0.302734375
40761,1.103515625,1.181640625,-0.283203125,-0.341796875
40762,1.162109375,1.162109375,-0.146484375,-0.390625
40763,1.19140625,1.19140625,-0.25390625,-0.46875
40764,1.15234375,1.23046875,-0.25390625,-0.37109375
40765,1.07421875,1.25,-0.29296875,-0.390625
40766,1.103515625,1.240234375,-0.185546875,-0.390625
40767,1.09375,1.19140625,-0.224609375,-0.244140625
40768,1.142578125,1.162109375,-0.4296875,-0.44921875
40769,1.201171875,1.1328125,-0.146484375,-0.3515625
40770,1.25,1.181640625,-0.17578125,-0.44921875
40771,1.15234375,1.30859375,-0.302734375,-0.361328125
40772,1.2109375,1.25,-0.185546875,-0.361328125
40773,1.337890625,1.171875,-0.341796875,-0.29296875
40774,1.171875,1.15234375,-0.25390625,-0.361328125
40775,1.23046875,1.142578125,-0.361328125,-0.341796875
40776,1.220703125,1.171875,-0.2734375,-0.361328125
40777,1.30859375,1.259765625,-0.185546875,-0.41015625
40778,1.318359375,1.1328125,-0.21484375,-0.37109375
40779,1.181640625,1.162109375,-0.185546875,-0.33203125
40780,1.38671875,1.123046875,-0.33203125,-0.3515625
40781,1.279296875,0.986328125,-0.517578125,-0.3515625
40782,1.30859375,1.2109375,-0.21484375,-0.44921875
40783,1.3671875,1.220703125,-0.302734375,-0.41015625
40784,1.26953125,1.11328125,-0.21484375,-0.3515625
40785,1.201171875,1.2109375,-0.244140625,-0.439453125
40786,1.328125,1.15234375,-0.244140625,-0.419921875
40787,1.240234375,1.0546875,-0.1953125,-0.37109375
40788,1.240234375,1.23046875,-0.2734375,-0.400390625
40789,1.240234375,1.1328125,-0.205078125,-0.380859375
40790,1.2109375,1.142578125,-0.166015625,-0.322265625
40791,1.240234375,1.181640625,-0.244140625,-0.234375
40792,1.38671875,1.162109375,-0.205078125,-0.37109375
40793,1.240234375,1.396484375,-0.21484375,-0.390625
40794,1.318359375,1.19140625,-0.224609375,-0.419921875
40795,1.318359375,0.888671875,-0.234375,-0.361328125
40796,1.26953125,1.171875,-0.15625,-0.341796875
40797,1.2890625,1.123046875,-0.185546875,-0.419921875
40798,1.162109375,1.162109375,-0.205078125,-0.52734375
40799,1.201171875,1.103515625,-0.21484375,-0.322265625
40800,1.26953125,1.044921875,-0.263671875,-0.341796875
40801,1.337890625,1.09375,-0.1953125,-0.33203125
40802,1.259765625,1.1328125,-0.09765625,-0.25390625
40803,1.25,1.171875,-0.263671875,-0.380859375
40804,1.26953125,1.103515625,-0.185546875,-0.126953125
40805,1.279296875,1.0546875,-0.419921875,-0.302734375
40806,1.2109375,1.123046875,-0.224609375,-0.390625
40807,1.23046875,0.966796875,-0.3125,-0.29296875
40808,1.220703125,1.162109375,-0.166015625,-0.37109375
40809,1.26953125,1.07421875,-0.205078125,-0.322265625
40810,1.240234375,1.142578125,-0.224609375,-0.283203125
40811,1.2890625,1.083984375,-0.21484375,-0.224609375
40812,1.2890625,1.123046875,-0.21484375,-0.48828125
40813,1.2109375,1.123046875,-0.21484375,-0.44921875
40814,1.38671875,1.09375,-0.2734375,-0.37109375
40815,1.240234375,1.083984375,-0.048828125,-0.4296875
40816,1.220703125,1.103515625,-0.1953125,-0.322265625
40817,1.298828125,1.03515625,-0.283203125,-0.380859375
40818,1.259765625,1.103515625,-0.21484375,-0.458984375
40819,1.25,1.03515625,-0.234375,-0.380859375
40820,1.259765625,1.142578125,-0.126953125,-0.41015625
40821,1.279296875,1.142578125,-0.205078125,-0.3515625
40822,1.142578125,1.083984375,-0.25390625,-0.3515625
40823,1.26953125,1.181640625,-0.17578125,-0.341796875
40824,1.26953125,1.103515625,-0.205078125,-0.29296875
40825,1.298828125,1.07421875,-0.1953125,-0.380859375
40826,1.328125,1.09375,-0.17578125,-0.29296875
40827,1.201171875,1.26953125,-0.185546875,-0.234375
40828,1.23046875,1.09375,-0.21484375,-0.244140625
40829,1.328125,1.044921875,-0.166015625,-0.2734375
40830,1.19140625,1.044921875,-0.17578125,-0.205078125
40831,1.181640625,0.966796875,-0.29296875,-0.25390625
40832,1.25,1.044921875,-0.29296875,-0.25390625
40833,1.181640625,1.07421875,-0.302734375,-0.244140625
40834,1.2890625,1.025390625,-0.25390625,-0.390625
40835,1.298828125,1.142578125,-0.166015625,-0.234375
40836,1.220703125,0.986328125,-0.185546875,-0.283203125
40837,1.279296875,1.03515625,-0.283203125,-0.224609375
40838,1.34765625,1.03515625,-0.205078125,-0.3125
40839,1.25,1.025390625,-0.41015625,-0.244140625
40840,1.220703125,1.015625,-0.205078125,-0.29296875
40841,1.142578125,0.986328125,-0.283203125,-0.390625
40842,1.09375,1.09375,-0.322265625,-0.3125
40843,1.142578125,1.005859375,-0.25390625,-0.17578125
40844,1.2109375,1.03515625,-0.283203125,-0.341796875
40845,1.15234375,1.064453125,-0.166015625,-0.322265625
40846,1.09375,1.03515625,-0.25390625,-0.283203125
40847,1.1328125,1.07421875,-0.283203125,-0.302734375
40848,1.15234375,1.123046875,-0.322265625,-0.25390625
40849,1.220703125,1.03515625,-0.234375,-0.322265625
40850,1.30859375,0.966796875,-0.302734375,-0.224609375
40851,1.181640625,1.064453125,-0.263671875,-0.322265625
40852,0.9765625,1.1328125,-0.341796875,-0.263671875
40853,1.26953125,1.005859375,-0.224609375,-0.224609375
40854,1.142578125,0.91796875,-0.166015625,-0.21484375
40855,1.25,1.064453125,-0.17578125,-0.15625
40856,1.162109375,1.07421875,-0.25390625,-0.244140625
40857,1.298828125,1.005859375,-0.25390625,-0.3125
40858,1.26953125,1.07421875,-0.341796875,-0.458984375
40859,1.240234375,1.103515625,-0.244140625,-0.244140625
40860,1.240234375,1.07421875,-0.09765625,-0.224609375
40861,1.201171875,1.083984375,-0.283203125,-0.087890625
40862,1.220703125,1.142578125,-0.244140625,-0.263671875
40863,1.23046875,1.11328125,-0.3125,-0.146484375
40864,1.25,1.0546875,-0.146484375,-0.283203125
40865,1.2109375,1.11328125,-0.263671875,-0.322265625
40866,1.259765625,1.142578125,-0.3125,-0.234375
40867,1.23046875,1.123046875,-0.234375,-0.37109375
40868,1.240234375,1.044921875,-0.1953125,-0.087890625
40869,1.279296875,1.2109375,-0.322265625,-0.29296875
40870,1.181640625,1.044921875,-0.234375,-0.263671875
40871,1.259765625,1.09375,-0.205078125,-0.556640625
40872,1.220703125,1.083984375,-0.21484375,-0.341796875
40873,1.2109375,1.083984375,-0.244140625,-0.25390625
40874,1.240234375,1.09375,-0.224609375,-0.458984375
40875,1.181640625,1.123046875,-0.234375,-0.322265625
40876,1.181640625,1.123046875,-0.205078125,-0.37109375
40877,1.171875,1.07421875,-0.17578125,-0.263671875
40878,1.162109375,1.064453125,-0.2734375,-0.3515625
40879,1.2109375,1.123046875,-0.166015625,-0.263671875
40880,1.171875,1.11328125,-0.263671875,-0.244140625
40881,1.19140625,1.083984375,-0.205078125,-0.341796875
40882,1.25,1.123046875,-0.166015625,-0.25390625
40883,1.328125,1.19140625,-0.234375,-0.3515625
40884,1.201171875,1.1328125,-0.17578125,-0.302734375
40885,1.279296875,1.03515625,-0.224609375,-0.341796875
40886,1.2109375,1.09375,-0.25390625,-0.41015625
40887,1.30859375,1.11328125,-0.13671875,-0.29296875
40888,1.259765625,1.181640625,-0.244140625,-0.322265625
40889,1.318359375,1.09375,-0.234375,-0.234375
40890,1.328125,0.99609375,-0.205078125,-0.302734375
40891,1.240234375,1.09375,-0.09765625,-0.263671875
40892,1.220703125,1.09375,-0.21484375,-0.3515625
40893,1.220703125,1.11328125,-0.263671875,-0.302734375
40894,1.298828125,1.03515625,-0.263671875,-0.3125
40895,1.201171875,1.123046875,-0.185546875,-0.33203125
40896,1.259765625,1.07421875,-0.21484375,-0.33203125
40897,1.25,1.142578125,-0.09765625,-0.29296875
40898,1.40625,1.142578125,-0.2734375,-0.15625
40899,1.240234375,0.966796875,-0.21484375,-0.2734375
40900,1.25,1.201171875,-0.390625,-0.25390625
40901,1.201171875,1.201171875,-0.17578125,-0.33203125
40902,1.2890625,1.171875,-0.205078125,-0.302734375
40903,1.201171875,1.142578125,-0.05859375,-0.244140625
40904,1.25,1.1328125,-0.166015625,-0.146484375
40905,1.26953125,1.103515625,-0.244140625,-0.244140625
40906,1.328125,1.11328125,-0.263671875,-0.263671875
40907,1.259765625,1.162109375,-0.185546875,-0.21484375
40908,1.30859375,1.201171875,-0.17578125,-0.29296875
40909,1.259765625,1.09375,-0.25390625,-0.224609375
40910,1.259765625,1.123046875,-0.205078125,-0.322265625
40911,1.162109375,1.162109375,-0.205078125,-0.25390625
40912,1.2109375,1.15234375,-0.078125,-0.224609375
40913,1.15234375,1.123046875,-0.205078125,-0.2734375
40914,1.25,1.015625,-0.15625,-0.21484375
40915,1.142578125,1.259765625,-0.166015625,-0.1953125
40916,1.123046875,1.171875,-0.224609375,-0.283203125
40917,1.220703125,1.171875,-0.25390625,-0.25390625
40918,1.181640625,1.26953125,-0.25390625,-0.302734375
40919,1.26953125,1.220703125,-0.185546875,-0.341796875
40920,1.240234375,1.123046875,-0.17578125,-0.224609375
40921,1.181640625,1.38671875,-0.1953125,-0.2734375
40922,1.171875,1.201171875,-0.29296875,-0.224609375
40923,1.26953125,1.07421875,-0.1953125,-0.166015625
40924,1.2890625,1.09375,-0.25390625,-0.263671875
40925,1.259765625,1.07421875,-0.21484375,-0.263671875
40926,1.09375,1.2109375,-0.1953125,-0.3125
40927,1.171875,1.171875,-0.2734375,-0.185546875
40928,1.103515625,1.0546875,-0.126953125,-0.185546875
40929,1.19140625,1.044921875,-0.244140625,-0.33203125
40930,1.220703125,1.123046875,-0.263671875,-0.263671875
40931,1.23046875,1.083984375,-0.3125,-0.166015625
40932,1.240234375,1.103515625,-0.302734375,-0.2734375
40933,1.25,1.064453125,-0.234375,-0.234375
40934,1.2109375,1.03515625,-0.17578125,-0.302734375
40935,1.2109375,1.083984375,-0.224609375,-0.205078125
40936,1.298828125,0.966796875,-0.224609375,-0.244140625
40937,1.2109375,1.123046875,-0.263671875,-0.3125
40938,1.201171875,1.083984375,-0.2734375,-0.25390625
40939,1.19140625,1.083984375,-0.224609375,-0.2734375
40940,1.162109375,1.083984375,-0.322265625,-0.263671875
40941,1.240234375,1.083984375,-0.244140625,-0.263671875
40942,1.11328125,1.15234375,-0.107421875,-0.283203125
40943,1.11328125,1.0546875,-0.1953125,-0.234375
40944,1.15234375,1.123046875,-0.33203125,-0.283203125
40945,1.181640625,1.279296875,-0.3125,-0.224609375
40946,1.19140625,1.15234375,-0.25390625,-0.21484375
40947,1.328125,1.09375,-0.33203125,-0.302734375
40948,1.279296875,1.005859375,-0.244140625,-0.185546875
40949,1.142578125,1.07421875,-0.400390625,-0.244140625
40950,1.162109375,1.0546875,-0.37109375,-0.302734375
40951,1.19140625,1.123046875,-0.224609375,-0.244140625
40952,1.201171875,1.07421875,-0.2734375,-0.029296875
40953,1.11328125,1.201171875,-0.263671875,-0.341796875
40954,1.15234375,1.279296875,-0.302734375,-0.25390625
40955,1.162109375,1.279296875,-0.283203125,-0.33203125
40956,1.19140625,1.1328125,-0.302734375,-0.390625
40957,1.279296875,1.005859375,-0.21484375,-0.1953125
40958,1.2109375,1.1328125,-0.13671875,-0.244140625
40959,1.26953125,1.11328125,-0.25390625,-0.25390625
40960,1.142578125,1.11328125,-0.224609375,-0.29296875
40961,1.259765625,1.142578125,-0.21484375,-0.33203125
40962,1.1328125,1.142578125,-0.1953125,-0.48828125
40963,1.328125,1.015625,-0.224609375,-0.263671875
40964,1.23046875,1.083984375,-0.146484375,-0.244140625
40965,1.103515625,1.11328125,-0.185546875,-0.341796875
40966,1.181640625,1.23046875,-0.224609375,-0.25390625
40967,1.1328125,1.103515625,-0.234375,-0.224609375
40968,1.083984375,1.162109375,-0.205078125,-0.09765625
40969,1.07421875,1.181640625,-0.224609375,-0.244140625
40970,1.162109375,1.201171875,-0.244140625,-0.205078125
40971,1.201171875,1.142578125,-0.341796875,-0.322265625
40972,1.220703125,1.181640625,-0.244140625,-0.15625
40973,1.2109375,1.171875,-0.205078125,-0.25390625
40974,1.142578125,1.15234375,-0.205078125,-0.146484375
40975,1.044921875,1.171875,-0.224609375,-0.2734375
40976,1.162109375,1.03515625,-0.29296875,-0.224609375
40977,1.201171875,1.103515625,-0.205078125,-0.29296875
40978,1.123046875,1.23046875,-0.244140625,-0.234375
40979,1.220703125,0.966796875,-0.068359375,-0.244140625
40980,1.103515625,1.240234375,-0.15625,-0.15625
40981,1.11328125,1.15234375,-0.1953125,-0.21484375
40982,1.25,1.15234375,-0.13671875,-0.224609375
40983,1.25,1.171875,-0.224609375,-0.2734375
40984,1.23046875,1.181640625,-0.205078125,-0.224609375
40985,1.181640625,1.123046875,-0.234375,-0.244140625
40986,1.171875,1.11328125,-0.185546875,-0.33203125
40987,1.162109375,1.171875,-0.2734375,-0.322265625
40988,1.15234375,1.171875,-0.21484375,-0.1953125
40989,1.103515625,1.11328125,-0.25390625,-0.1171875
40990,1.19140625,1.171875,-0.1171875,-0.3515625
40991,1.123046875,1.220703125,-0.224609375,-0.234375
40992,1.2109375,1.064453125,-0.21484375,-0.3125
40993,1.26953125,1.220703125,-0.244140625,-0.3125
40994,1.083984375,1.09375,-0.3515625,-0.244140625
40995,1.201171875,1.181640625,-0.15625,-0.33203125
40996,1.23046875,1.2109375,-0.1953125,-0.244140625
40997,1.2890625,1.064453125,-0.17578125,-0.322265625
40998,1.240234375,1.19140625,-0.361328125,-0.21484375
40999,1.2109375,1.123046875,-0.234375,-0.3125
41000,1.181640625,1.25,-0.3125,-0.3125
41001,1.318359375,1.2109375,-0.37109375,-0.3515625
41002,1.259765625,1.123046875,-0.25390625,-0.13671875
41003,1.2109375,1.220703125,-0.205078125,-0.205078125
41004,1.201171875,1.25,-0.234375,-0.3125
41005,1.279296875,1.201171875,-0.224609375,-0.244140625
41006,1.240234375,1.23046875,-0.126953125,-0.263671875
41007,1.220703125,1.23046875,-0.234375,-0.244140625
41008,1.318359375,1.2890625,-0.205078125,-0.341796875
41009,1.11328125,1.15234375,-0.1953125,-0.205078125
41010,1.23046875,1.42578125,-0.21484375,-0.244140625
41011,1.2109375,1.201171875,-0.234375,-0.380859375
41012,1.25,1.171875,-0.146484375,-0.2734375
41013,1.25,1.2109375,-0.25390625,-0.3125
41014,1.201171875,1.23046875,-0.126953125,-0.244140625
41015,1.181640625,1.07421875,-0.21484375,-0.244140625
41016,1.34765625,1.318359375,-0.1953125,-0.1953125
41017,1.30859375,1.201171875,-0.21484375,-0.17578125
41018,1.2890625,1.15234375,-0.146484375,-0.263671875
41019,1.2890625,1.162109375,-0.224609375,-0.263671875
41020,1.2109375,1.162109375,-0.17578125,-0.048828125
41021,1.4453125,1.30859375,-0.166015625,-0.1953125
41022,1.30859375,1.279296875,-0.126953125,-0.224609375
41023,1.259765625,1.19140625,-0.17578125,-0.166015625
41024,1.279296875,1.220703125,-0.21484375,-0.341796875
41025,1.171875,1.19140625,-0.302734375,-0.3125
41026,1.220703125,1.240234375,-0.205078125,-0.2734375
41027,1.005859375,1.15234375,-0.25390625,-0.283203125
41028,1.2890625,1.357421875,-0.21484375,-0.244140625
41029,1.15234375,1.171875,-0.185546875,-0.302734375
41030,1.2890625,1.07421875,-0.234375,-0.244140625
41031,1.23046875,1.19140625,-0.3125,-0.244140625
41032,1.259765625,1.171875,-0.224609375,-0.25390625
41033,1.1328125,1.171875,-0.29296875,-0.322265625
41034,1.25,1.220703125,-0.01953125,-0.25390625
41035,1.171875,1.201171875,-0.244140625,-0.478515625
41036,1.220703125,1.201171875,-0.166015625,-0.185546875
41037,1.240234375,1.162109375,-0.1953125,-0.341796875
41038,1.26953125,1.2109375,-0.29296875,-0.3515625
41039,1.240234375,1.2890625,-0.234375,-0.341796875
41040,1.25,1.162109375,-0.25390625,-0.283203125
41041,1.25,1.259765625,-0.283203125,-0.33203125
41042,1.30859375,1.328125,-0.283203125,-0.205078125
41043,1.34765625,1.42578125,-0.185546875,-0.234375
41044,1.23046875,1.220703125,-0.205078125,-0.302734375
41045,1.171875,1.1328125,-0.146484375,-0.37109375
41046,1.171875,1.201171875,-0.244140625,-0.302734375
41047,1.2109375,1.25,-0.21484375,-0.263671875
41048,1.259765625,1.25,-0.224609375,-0.224609375
41049,1.259765625,1.15234375,-0.17578125,-0.234375
41050,1.23046875,1.220703125,-0.25390625,-0.17578125
41051,1.23046875,1.2890625,-0.25390625,-0.21484375
41052,1.162109375,1.279296875,-0.33203125,-0.2734375
41053,1.318359375,1.279296875,-0.25390625,-0.33203125
41054,1.19140625,1.220703125,-0.3125,-0.380859375
41055,1.30859375,1.2890625,-0.341796875,-0.244140625
41056,1.201171875,1.259765625,-0.302734375,-0.3125
41057,1.279296875,1.2109375,-0.21484375,-0.37109375
41058,1.26953125,1.162109375,-0.361328125,-0.322265625
41059,1.201171875,1.220703125,-0.244140625,-0.361328125
41060,1.23046875,1.2109375,-0.2734375,-0.244140625
41061,1.162109375,1.240234375,-0.224609375,-0.25390625
41062,1.220703125,1.220703125,-0.25390625,-0.302734375
41063,1.240234375,1.240234375,-0.244140625,-0.29296875
41064,1.19140625,1.181640625,-0.205078125,-0.29296875
41065,1.220703125,1.201171875,-0.17578125,-0.3515625
41066,1.318359375,1.220703125,-0.234375,-0.41015625
41067,1.2890625,1.201171875,-0.185546875,-0.2734375
41068,1.318359375,1.1328125,-0.166015625,-0.234375
41069,1.181640625,1.220703125,-0.3515625,-0.33203125
41070,1.23046875,1.2109375,-0.29296875,-0.3125
41071,1.23046875,1.123046875,-0.29296875,-0.17578125
41072,1.25,1.162109375,-0.25390625,-0.283203125
41073,1.162109375,0.99609375,-0.283203125,-0.302734375
41074,1.181640625,1.181640625,-0.224609375,-0.3125
41075,1.26953125,1.162109375,-0.3125,-0.302734375
41076,1.240234375,1.103515625,-0.283203125,-0.29296875
41077,1.25,1.19140625,-0.3125,-0.3125
41078,1.19140625,1.23046875,-0.302734375,-0.185546875
41079,1.23046875,1.1328125,-0.3125,-0.283203125
41080,1.220703125,1.25,-0.25390625,-0.302734375
41081,1.1328125,1.19140625,-0.224609375,-0.29296875
41082,1.2109375,1.26953125,-0.244140625,-0.3125
41083,1.11328125,1.1328125,-0.1171875,-0.2734375
41084,1.23046875,1.2109375,-0.185546875,-0.17578125
41085,1.09375,1.201171875,-0.3515625,-0.21484375
41086,1.201171875,0.947265625,-0.15625,-0.263671875
41087,1.123046875,1.19140625,-0.1953125,-0.234375
41088,1.1328125,1.123046875,-0.17578125,-0.3125
41089,1.25,1.07421875,-0.283203125,-0.224609375
41090,1.07421875,1.181640625,-0.302734375,-0.244140625
41091,1.240234375,1.181640625,-0.25390625,-0.302734375
41092,1.396484375,1.240234375,-0.244140625,-0.283203125
41093,1.25,1.19140625,-0.3515625,-0.400390625
41094,1.298828125,1.1328125,-0.234375,-0.3125
41095,1.25,1.30859375,-0.419921875,-0.341796875
41096,1.201171875,1.279296875,-0.29296875,-0.17578125
41097,1.318359375,1.240234375,-0.244140625,-0.263671875
41098,1.298828125,1.240234375,-0.146484375,-0.2734375
41099,1.181640625,1.25,-0.166015625,-0.37109375
41100,1.3671875,1.220703125,-0.2734375,-0.322265625
41101,1.279296875,1.30859375,-0.302734375,-0.302734375
41102,1.240234375,1.25,-0.2734375,-0.205078125
41103,1.259765625,1.1328125,-0.15625,-0.21484375
41104,1.34765625,1.2890625,-0.322265625,-0.33203125
41105,1.337890625,1.26953125,-0.166015625,-0.17578125
41106,1.279296875,1.25,-0.205078125,-0.517578125
41107,1.181640625,1.337890625,-0.33203125,-0.25390625
41108,1.298828125,1.328125,-0.3125,-0.3515625
41109,1.30859375,1.240234375,-0.263671875,-0.29296875
41110,1.279296875,1.30859375,-0.283203125,-0.3125
41111,1.259765625,1.240234375,-0.390625,-0.322265625
41112,1.083984375,1.279296875,-0.2734375,-0.478515625
41113,1.298828125,1.337890625,-0.21484375,-0.283203125
41114,1.3671875,1.220703125,-0.2734375,-0.322265625
41115,1.25,1.259765625,-0.234375,-0.498046875
41116,1.30859375,1.142578125,-0.166015625,-0.322265625
41117,1.328125,1.201171875,-0.107421875,-0.33203125
41118,1.30859375,1.26953125,-0.302734375,-0.3125
41119,1.259765625,1.298828125,-0.244140625,-0.33203125
41120,1.2109375,1.30859375,-0.234375,-0.21484375
41121,1.142578125,1.259765625,-0.21484375,-0.17578125
41122,1.318359375,1.318359375,-0.166015625,-0.283203125
41123,1.162109375,1.201171875,-0.263671875,-0.263671875
41124,1.19140625,1.259765625,-0.224609375,-0.224609375
41125,1.259765625,1.171875,-0.341796875,-0.3125
41126,1.2109375,1.171875,-0.361328125,-0.2734375
41127,1.259765625,1.26953125,-0.3125,-0.263671875
41128,1.23046875,1.318359375,-0.322265625,-0.322265625
41129,1.298828125,1.123046875,-0.283203125,-0.25390625
41130,1.162109375,1.240234375,-0.29296875,-0.33203125
41131,1.23046875,1.279296875,-0.13671875,-0.263671875
41132,1.181640625,1.23046875,-0.2734375,-0.33203125
41133,1.25,1.09375,-0.29296875,-0.478515625
41134,1.279296875,1.30859375,-0.25390625,-0.302734375
41135,1.328125,1.416015625,-0.244140625,-0.322265625
41136,1.357421875,1.19140625,-0.3125,-0.29296875
41137,1.396484375,1.171875,-0.263671875,-0.25390625
41138,1.38671875,1.259765625,-0.1953125,-0.3125
41139,1.474609375,1.142578125,-0.234375,-0.41015625
41140,1.40625,1.103515625,-0.33203125,-0.29296875
41141,1.318359375,1.259765625,-0.341796875,-0.3125
41142,1.298828125,1.240234375,-0.234375,-0.33203125
41143,1.38671875,1.298828125,-0.361328125,-0.390625
41144,1.328125,1.38671875,-0.244140625,-0.302734375
41145,1.201171875,1.26953125,-0.2734375,-0.25390625
41146,1.5234375,1.220703125,-0.25390625,-0.3515625
41147,1.337890625,1.2890625,-0.244140625,-0.380859375
41148,1.376953125,1.318359375,-0.234375,-0.517578125
41149,1.38671875,1.2890625,-0.21484375,-0.46875
41150,1.220703125,1.2109375,-0.263671875,-0.283203125
41151,1.2890625,1.240234375,-0.263671875,-0.361328125
41152,1.279296875,1.142578125,-0.263671875,-0.390625
41153,1.34765625,1.123046875,-0.419921875,-0.25390625
41154,1.240234375,1.181640625,-0.185546875,-0.361328125
41155,1.259765625,1.19140625,-0.21484375,-0.41015625
41156,1.318359375,1.1328125,-0.185546875,-0.37109375
41157,1.34765625,1.15234375,-0.25390625,-0.3515625
41158,1.396484375,1.220703125,-0.263671875,-0.41015625
41159,1.337890625,1.162109375,-0.302734375,-0.44921875
41160,1.201171875,1.19140625,-0.21484375,-0.33203125
41161,1.25,1.19140625,-0.244140625,-0.283203125
41162,1.19140625,1.240234375,-0.25390625,-0.33203125
41163,1.220703125,1.181640625,-0.205078125,-0.29296875
41164,1.171875,1.142578125,-0.29296875,-0.244140625
41165,1.2890625,1.103515625,-0.224609375,-0.3515625
41166,1.2109375,1.1328125,-0.302734375,-0.46875
41167,1.181640625,1.171875,-0.205078125,-0.341796875
41168,1.2109375,1.162109375,-0.224609375,-0.37109375
41169,1.328125,1.083984375,-0.15625,-0.380859375
41170,1.30859375,1.19140625,-0.25390625,-0.400390625
41171,1.2890625,1.318359375,-0.1953125,-0.33203125
41172,1.220703125,1.201171875,-0.458984375,-0.322265625
41173,1.25,1.181640625,-0.15625,-0.37109375
41174,1.259765625,1.171875,-0.205078125,-0.244140625
41175,1.2109375,1.15234375,-0.380859375,-0.25390625
41176,1.162109375,1.123046875,-0.2734375,-0.37109375
41177,1.23046875,1.279296875,-0.341796875,-0.419921875
41178,1.279296875,1.23046875,-0.29296875,-0.107421875
41179,1.142578125,1.337890625,-0.244140625,-0.3125
41180,1.201171875,1.2109375,-0.263671875,-0.380859375
41181,1.23046875,1.259765625,-0.25390625,-0.322265625
41182,1.220703125,1.259765625,-0.263671875,-0.556640625
41183,1.259765625,1.23046875,-0.33203125,-0.37109375
41184,1.201171875,1.171875,-0.341796875,-0.380859375
41185,1.318359375,1.201171875,-0.302734375,-0.29296875
41186,1.15234375,1.083984375,-0.302734375,-0.3515625
41187,1.26953125,1.15234375,-0.166015625,-0.44921875
41188,1.201171875,1.201171875,-0.33203125,-0.341796875
41189,1.240234375,1.142578125,-0.283203125,-0.4296875
41190,1.171875,1.30859375,-0.37109375,-0.478515625
41191,1.09375,1.240234375,-0.302734375,-0.478515625
41192,1.07421875,1.09375,-0.244140625,-0.37109375
41193,1.162109375,1.083984375,-0.185546875,-0.283203125
41194,1.181640625,1.201171875,-0.21484375,-0.439453125
41195,1.201171875,1.142578125,-0.1953125,-0.33203125
41196,1.181640625,1.279296875,-0.15625,-0.3125
41197,1.181640625,1.201171875,-0.224609375,-0.3125
41198,1.26953125,1.2109375,-0.15625,-0.29296875
41199,1.11328125,1.19140625,-0.2734375,-0.37109375
41200,1.171875,1.15234375,-0.25390625,-0.3515625
41201,1.240234375,1.181640625,-0.263671875,-0.29296875
41202,1.318359375,1.2109375,-0.263671875,-0.380859375
41203,1.103515625,1.15234375,-0.224609375,-0.419921875
41204,1.171875,1.15234375,-0.2734375,-0.33203125
41205,1.201171875,1.30859375,-0.107421875,-0.3515625
41206,1.220703125,1.142578125,-0.283203125,-0.625
41207,1.357421875,1.064453125,-0.224609375,-0.41015625
41208,1.11328125,1.240234375,-0.234375,-0.380859375
41209,1.240234375,1.083984375,-0.21484375,-0.3125
41210,1.318359375,1.23046875,-0.166015625,-0.3125
41211,1.201171875,1.09375,-0.029296875,-0.361328125
41212,1.181640625,1.2109375,-0.263671875,-0.283203125
41213,1.240234375,1.181640625,-0.244140625,-0.46875
41214,1.328125,1.123046875,-0.224609375,-0.322265625
41215,1.279296875,1.2109375,-0.283203125,-0.478515625
41216,1.2890625,1.181640625,-0.25390625,-0.3125
41217,1.201171875,1.064453125,-0.390625,-0.419921875
41218,1.259765625,1.19140625,-0.322265625,-0.46875
41219,1.23046875,1.201171875,-0.234375,-0.33203125
41220,1.298828125,1.220703125,-0.2734375,-0.37109375
41221,1.30859375,1.15234375,-0.244140625,-0.4296875
41222,1.259765625,1.1328125,-0.234375,-0.302734375
41223,1.318359375,0.927734375,-0.1953125,-0.361328125
41224,1.171875,1.123046875,-0.263671875,-0.361328125
41225,1.201171875,1.123046875,-0.3125,-0.361328125
41226,1.318359375,1.220703125,-0.25390625,-0.3125
41227,1.328125,0.99609375,-0.263671875,-0.244140625
41228,1.40625,1.123046875,-0.283203125,-0.37109375
41229,1.23046875,1.19140625,-0.25390625,-0.37109375
41230,1.298828125,1.19140625,-0.283203125,-0.3515625
41231,1.220703125,1.201171875,-0.263671875,-0.3515625
41232,1.220703125,1.142578125,-0.244140625,-0.341796875
41233,1.259765625,1.123046875,-0.25390625,-0.322265625
41234,1.279296875,1.064453125,-0.283203125,-0.29296875
41235,1.2109375,1.103515625,-0.185546875,-0.361328125
41236,1.2890625,1.0546875,-0.205078125,-0.322265625
41237,1.240234375,1.03515625,-0.244140625,-0.29296875
41238,1.259765625,1.181640625,-0.0390625,-0.3125
41239,1.220703125,1.044921875,-0.185546875,-0.341796875
41240,1.19140625,1.07421875,-0.224609375,-0.361328125
41241,1.30859375,1.03515625,-0.283203125,-0.322265625
41242,1.259765625,1.03515625,-0.126953125,-0.244140625
41243,1.083984375,1.015625,-0.302734375,-0.33203125
41244,1.15234375,1.025390625,-0.283203125,-0.3515625
41245,1.2109375,0.9765625,-0.1953125,-0.3125
41246,1.064453125,1.025390625,-0.13671875,-0.1953125
41247,1.1328125,1.07421875,-0.13671875,-0.361328125
41248,1.19140625,1.0546875,-0.166015625,-0.390625
41249,1.2890625,1.07421875,-0.21484375,-0.380859375
41250,1.279296875,1.09375,-0.078125,-0.3125
41251,1.240234375,1.34765625,-0.25390625,-0.33203125
41252,1.298828125,1.103515625,-0.1953125,-0.361328125
41253,1.123046875,1.07421875,-0.21484375,-0.322265625
41254,1.162109375,1.015625,-0.21484375,-0.29296875
41255,1.171875,1.07421875,-0.205078125,-0.380859375
41256,1.162109375,1.162109375,-0.15625,-0.380859375
41257,1.2109375,1.015625,-0.13671875,-0.33203125
41258,1.240234375,1.09375,-0.126953125,-0.390625
41259,1.318359375,1.181640625,-0.234375,-0.263671875
41260,1.318359375,1.005859375,-0.419921875,-0.341796875
41261,1.19140625,1.03515625,-0.224609375,-0.234375
41262,1.25,0.83984375,-0.205078125,-0.244140625
41263,1.201171875,1.083984375,-0.224609375,-0.29296875
41264,1.240234375,1.015625,-0.234375,-0.302734375
41265,1.259765625,1.162109375,-0.400390625,-0.322265625
41266,1.30859375,0.8984375,-0.185546875,-0.234375
41267,1.23046875,1.07421875,-0.2734375,-0.322265625
41268,1.240234375,0.947265625,-0.3125,-0.224609375
41269,1.259765625,1.09375,-0.09765625,-0.322265625
41270,1.279296875,1.123046875,-0.234375,-0.37109375
41271,1.142578125,1.162109375,-0.29296875,-0.29296875
41272,1.11328125,0.986328125,-0.234375,-0.25390625
41273,1.171875,0.966796875,-0.234375,-0.302734375
41274,1.318359375,1.03515625,-0.263671875,-0.29296875
41275,1.19140625,0.99609375,-0.146484375,-0.322265625
41276,1.23046875,1.09375,-0.2734375,-0.263671875
41277,1.142578125,1.0546875,-0.17578125,-0.302734375
41278,1.2109375,1.064453125,-0.205078125,-0.322265625
41279,1.23046875,0.9765625,-0.244140625,-0.29296875
41280,1.123046875,1.083984375,-0.146484375,-0.15625
41281,1.23046875,1.1328125,-0.302734375,-0.3515625
41282,1.19140625,1.0546875,-0.263671875,0.048828125
41283,1.09375,0.95703125,-0.283203125,-0.37109375
41284,1.23046875,1.09375,-0.1953125,-0.283203125
41285,1.279296875,1.064453125,-0.234375,-0.21484375
41286,1.171875,1.064453125,-0.185546875,-0.283203125
41287,1.240234375,1.103515625,-0.283203125,-0.2734375
41288,1.26953125,0.947265625,-0.126953125,-0.05859375
41289,1.279296875,1.03515625,-0.205078125,-0.322265625
41290,1.240234375,1.015625,-0.107421875,-0.224609375
41291,1.26953125,1.044921875,-0.234375,-0.13671875
41292,1.30859375,1.025390625,-0.263671875,-0.2734375
41293,1.30859375,1.162109375,-0.29296875,-0.3125
41294,1.25,1.25,-0.185546875,-0.46875
41295,1.181640625,1.09375,-0.21484375,-0.263671875
41296,1.26953125,1.15234375,-0.3125,-0.224609375
41297,1.220703125,1.15234375,-0.1171875,-0.5078125
41298,1.34765625,1.11328125,-0.205078125,-0.29296875
41299,1.162109375,1.11328125,-0.205078125,-0.25390625
41300,1.201171875,1.1328125,-0.185546875,-0.166015625
41301,1.19140625,1.044921875,-0.205078125,-0.234375
41302,1.005859375,1.162109375,-0.17578125,-0.3125
41303,1.15234375,1.103515625,-0.322265625,-0.25390625
41304,1.201171875,1.103515625,-0.25390625,-0.3125
41305,1.1328125,0.927734375,-0.21484375,-0.29296875
41306,1.2109375,1.123046875,-0.166015625,-0.25390625
41307,1.26953125,1.064453125,-0.205078125,-0.3125
41308,1.171875,1.07421875,-0.185546875,-0.37109375
41309,1.19140625,1.123046875,-0.1953125,-0.33203125
41310,1.19140625,1.181640625,-0.185546875,-0.361328125
41311,1.171875,1.23046875,-0.234375,-0.302734375
41312,1.337890625,1.142578125,-0.17578125,-0.439453125
41313,1.240234375,1.15234375,-0.21484375,-0.3515625
41314,1.15234375,1.34765625,-0.234375,-0.3125
41315,1.259765625,1.3671875,-0.126953125,-0.3125
41316,1.181640625,1.103515625,-0.224609375,-0.185546875
41317,1.279296875,1.083984375,-0.21484375,-0.224609375
41318,1.25,1.171875,-0.21484375,-0.1953125
41319,1.30859375,1.03515625,-0.1953125,-0.17578125
41320,1.2890625,1.064453125,-0.244140625,-0.3125
41321,1.25,1.09375,-0.17578125,-0.322265625
41322,1.2890625,1.044921875,-0.224609375,-0.322265625
41323,1.23046875,1.142578125,-0.283203125,-0.283203125
41324,1.25,1.396484375,-0.1953125,-0.2734375
41325,1.25,1.181640625,-0.205078125,-0.2734375
41326,1.220703125,1.220703125,-0.234375,-0.29296875
41327,1.26953125,1.123046875,-0.380859375,-0.29296875
41328,1.11328125,1.1328125,-0.1953125,-0.25390625
41329,1.38671875,1.181640625,-0.25390625,-0.21484375
41330,1.171875,1.025390625,-0.2734375,-0.2734375
41331,1.171875,1.142578125,-0.21484375,-0.302734375
41332,1.2890625,1.15234375,-0.224609375,-0.244140625
41333,1.25,1.162109375,-0.224609375,-0.29296875
41334,1.337890625,1.142578125,-0.21484375,-0.078125
41335,1.15234375,1.064453125,-0.146484375,-0.25390625
41336,1.220703125,1.142578125,-0.341796875,-0.283203125
41337,1.240234375,1.201171875,-0.13671875,-0.341796875
41338,1.220703125,1.03515625,-0.146484375,-0.2734375
41339,1.26953125,1.044921875,-0.263671875,-0.2734375
41340,1.103515625,1.142578125,-0.234375,-0.234375
41341,1.1328125,1.171875,-0.263671875,-0.17578125
41342,1.162109375,1.162109375,-0.146484375,-0.302734375
41343,1.26953125,1.1328125,-0.166015625,-0.283203125
41344,1.259765625,1.083984375,-0.1953125,-0.234375
41345,1.1328125,1.09375,-0.17578125,-0.234375
41346,1.220703125,1.11328125,-0.166015625,-0.41015625
41347,1.23046875,1.123046875,-0.126953125,-0.361328125
41348,1.181640625,1.064453125,-0.15625,-0.244140625
41349,1.25,1.181640625,-0.21484375,-0.322265625
41350,1.11328125,1.123046875,-0.1953125,-0.263671875
41351,1.19140625,1.259765625,-0.13671875,-0.263671875
41352,1.201171875,1.11328125,-0.185546875,-0.439453125
41353,1.2890625,1.15234375,-0.15625,-0.29296875
41354,1.1328125,1.1328125,-0.166015625,-0.205078125
41355,1.220703125,1.09375,-0.05859375,-0.4296875
41356,1.23046875,1.123046875,-0.185546875,-0.3125
41357,1.103515625,1.25,-0.1953125,-0.263671875
41358,1.162109375,1.142578125,-0.166015625,-0.205078125
41359,1.181640625,1.15234375,-0.1953125,-0.087890625
41360,1.2109375,1.142578125,-0.29296875,-0.17578125
41361,1.171875,1.2890625,-0.244140625,-0.25390625
41362,1.25,1.07421875,-0.263671875,-0.361328125
41363,1.142578125,1.11328125,-0.205078125,-0.302734375
41364,1.201171875,1.103515625,-0.15625,-0.25390625
41365,1.201171875,1.123046875,-0.1953125,-0.17578125
41366,1.123046875,1.25,-0.234375,-0.283203125
41367,1.171875,1.0546875,-0.3515625,-0.33203125
41368,1.181640625,1.142578125,-0.21484375,-0.146484375
41369,1.181640625,1.03515625,-0.205078125,-0.3125
41370,1.15234375,1.2109375,-0.25390625,-0.087890625
41371,1.15234375,1.083984375,-0.25390625,-0.1953125
41372,1.201171875,1.025390625,-0.33203125,-0.25390625
41373,1.23046875,1.171875,-0.283203125,-0.15625
41374,1.15234375,1.103515625,-0.33203125,-0.1171875
41375,1.181640625,1.201171875,-0.234375,-0.185546875
41376,1.19140625,1.015625,-0.2734375,-0.234375
41377,1.123046875,1.142578125,-0.2734375,-0.21484375
41378,1.2890625,1.015625,-0.2734375,-0.25390625
41379,1.11328125,1.181640625,-0.3515625,-0.21484375
41380,1.259765625,1.23046875,-0.322265625,-0.263671875
41381,1.09375,1.1328125,-0.283203125,-0.21484375
41382,1.171875,1.07421875,-0.2734375,-0.17578125
41383,1.220703125,1.09375,-0.263671875,-0.244140625
41384,1.259765625,1.240234375,-0.283203125,-0.09765625
41385,1.220703125,1.123046875,-0.3125,-0.2734375
41386,1.19140625,1.103515625,-0.234375,-0.13671875
41387,1.1328125,1.09375,-0.341796875,-0.25390625
41388,1.1328125,1.2109375,-0.37109375,-0.283203125
41389,1.181640625,1.23046875,-0.25390625,-0.25390625
41390,1.220703125,1.19140625,-0.25390625,-0.33203125
41391,1.201171875,1.23046875,-0.44921875,-0.205078125
41392,1.181640625,1.19140625,-0.244140625,-0.078125
41393,1.123046875,1.11328125,-0.224609375,-0.166015625
41394,1.259765625,1.025390625,-0.33203125,-0.21484375
41395,1.298828125,1.142578125,-0.283203125,-0.33203125
41396,1.26953125,1.337890625,-0.234375,-0.3125
41397,1.23046875,1.15234375,-0.283203125,-0.234375
41398,1.220703125,1.09375,-0.25390625,-0.048828125
41399,1.142578125,1.083984375,-0.244140625,-0.078125
41400,1.201171875,1.240234375,-0.166015625,-0.244140625
41401,1.201171875,1.181640625,-0.3125,-0.17578125
41402,1.103515625,1.142578125,-0.1171875,-0.263671875
41403,1.171875,1.201171875,-0.107421875,-0.17578125
41404,1.201171875,1.19140625,-0.185546875,-0.302734375
41405,1.318359375,1.15234375,-0.234375,-0.25390625
41406,1.23046875,1.240234375,-0.283203125,-0.21484375
41407,1.259765625,1.240234375,-0.33203125,-0.37109375
41408,1.25,1.2890625,-0.15625,-0.068359375
41409,1.220703125,1.19140625,-0.400390625,-0.234375
41410,1.201171875,1.259765625,-0.25390625,-0.3125
41411,1.064453125,1.123046875,-0.21484375,-0.29296875
41412,1.171875,1.23046875,-0.21484375,-0.29296875
41413,1.15234375,1.162109375,-0.107421875,-0.341796875
41414,1.0546875,1.2109375,-0.1953125,-0.15625
41415,1.19140625,1.201171875,-0.21484375,-0.244140625
41416,1.123046875,1.162109375,-0.17578125,-0.361328125
41417,1.328125,1.181640625,-0.2734375,-0.126953125
41418,1.15234375,1.26953125,-0.205078125,-0.29296875
41419,1.201171875,1.19140625,-0.146484375,-0.205078125
41420,1.171875,1.220703125,-0.205078125,-0.25390625
41421,1.181640625,1.19140625,-0.185546875,-0.15625
41422,1.181640625,1.171875,-0.263671875,-0.185546875
41423,1.23046875,1.162109375,-0.107421875,-0.185546875
41424,1.240234375,1.044921875,-0.17578125,-0.1953125
41425,1.259765625,1.07421875,-0.05859375,-0.17578125
41426,1.25,1.103515625,-0.17578125,-0.185546875
41427,1.240234375,0.99609375,-0.205078125,-0.244140625
41428,1.25,1.171875,-0.244140625,-0.15625
41429,1.23046875,1.201171875,-0.263671875,-0.205078125
41430,1.240234375,1.220703125,-0.25390625,-0.263671875
41431,1.240234375,1.2109375,-0.25390625,-0.234375
41432,1.201171875,1.220703125,-0.244140625,-0.244140625
41433,1.220703125,1.09375,-0.234375,-0.2734375
41434,1.259765625,1.220703125,-0.146484375,-0.13671875
41435,1.26953125,1.1328125,-0.283203125,-0.283203125
41436,1.23046875,1.142578125,-0.25390625,-0.224609375
41437,1.220703125,1.162109375,-0.09765625,-0.33203125
41438,1.2109375,1.201171875,-0.205078125,-0.263671875
41439,1.03515625,1.044921875,-0.2734375,-0.234375
41440,1.064453125,1.103515625,-0.15625,-0.234375
41441,1.240234375,1.220703125,-0.21484375,-0.283203125
41442,1.15234375,1.103515625,-0.263671875,-0.234375
41443,1.142578125,1.083984375,-0.322265625,-0.263671875
41444,1.2109375,1.15234375,-0.15625,-0.17578125
41445,1.19140625,1.1328125,-0.185546875,-0.17578125
41446,1.083984375,1.26953125,-0.205078125,-0.283203125
41447,1.181640625,1.162109375,-0.244140625,-0.048828125
41448,1.11328125,1.142578125,-0.21484375,-0.205078125
41449,1.25,1.2109375,-0.263671875,-0.205078125
41450,1.2890625,1.142578125,-0.224609375,-0.21484375
41451,1.123046875,1.23046875,-0.146484375,-0.224609375
41452,1.259765625,1.142578125,-0.01953125,-0.185546875
41453,1.279296875,1.2109375,-0.146484375,-0.21484375
41454,1.357421875,1.2890625,-0.205078125,-0.13671875
41455,1.220703125,1.416015625,-0.1171875,-0.244140625
41456,1.23046875,1.220703125,-0.244140625,-0.205078125
41457,1.240234375,1.181640625,-0.17578125,-0.283203125
41458,1.23046875,1.23046875,-0.048828125,-0.25390625
41459,1.07421875,1.25,-0.25390625,-0.2734375
41460,1.171875,1.162109375,-0.234375,-0.3125
41461,1.23046875,1.220703125,-0.1171875,-0.263671875
41462,1.25,1.25,-0.09765625,-0.33203125
41463,1.2109375,1.25,-0.1953125,-0.3125
41464,1.15234375,1.298828125,-0.1953125,-0.302734375
41465,1.11328125,1.181640625,-0.205078125,-0.224609375
41466,1.23046875,1.220703125,-0.25390625,-0.1953125
41467,1.23046875,1.15234375,-0.068359375,-0.2734375
41468,1.26953125,1.25,-0.09765625,-0.21484375
41469,1.435546875,1.220703125,-0.185546875,-0.283203125
41470,1.240234375,1.328125,-0.126953125,-0.283203125
41471,1.26953125,1.298828125,-0.234375,-0.263671875
41472,1.2109375,1.2109375,-0.21484375,-0.05859375
41473,1.2890625,1.220703125,-0.17578125,-0.21484375
41474,1.240234375,1.181640625,-0.17578125,-0.244140625
41475,1.2109375,1.23046875,-0.244140625,-0.244140625
41476,1.279296875,1.26953125,-0.21484375,-0.2734375
41477,1.259765625,1.26953125,-0.0390625,-0.2734375
41478,1.279296875,1.201171875,-0.17578125,-0.205078125
41479,1.23046875,1.23046875,-0.146484375,-0.224609375
41480,1.23046875,1.3671875,0.009765625,-0.341796875
41481,1.240234375,1.201171875,-0.21484375,-0.185546875
41482,1.328125,1.2109375,-0.224609375,-0.234375
41483,1.25,1.26953125,-0.1953125,-0.25390625
41484,1.201171875,1.220703125,-0.185546875,-0.33203125
41485,1.259765625,1.318359375,-0.390625,-0.244140625
41486,1.2890625,1.201171875,-0.21484375,-0.234375
41487,1.279296875,1.220703125,-0.25390625,-0.21484375
41488,1.19140625,1.171875,-0.283203125,-0.33203125
41489,1.220703125,1.201171875,-0.25390625,-0.25390625
41490,1.318359375,1.25,-0.205078125,-0.21484375
41491,1.23046875,1.1328125,-0.234375,-0.3515625
41492,1.26953125,1.181640625,-0.3515625,-0.33203125
41493,1.201171875,1.2109375,-0.263671875,-0.3515625
41494,1.259765625,1.201171875,-0.244140625,-0.37109375
41495,1.2109375,1.42578125,-0.087890625,-0.283203125
41496,1.23046875,1.220703125,-0.25390625,-0.302734375
41497,1.23046875,1.2890625,-0.263671875,-0.21484375
41498,1.240234375,1.2890625,-0.283203125,-0.29296875
41499,1.2109375,1.2890625,-0.29296875,-0.244140625
41500,1.142578125,1.201171875,-0.224609375,-0.21484375
41501,1.0546875,1.15234375,-0.234375,-0.224609375
41502,1.220703125,1.2109375,-0.302734375,-0.05859375
41503,1.181640625,1.2890625,-0.302734375,-0.21484375
41504,1.23046875,1.103515625,-0.2734375,-0.263671875
41505,1.279296875,1.30859375,-0.3125,-0.244140625
41506,1.09375,1.15234375,-0.234375,-0.3125
41507,1.240234375,1.376953125,-0.17578125,-0.263671875
41508,1.298828125,1.240234375,-0.2734375,-0.205078125
41509,1.181640625,1.2109375,-0.25390625,-0.302734375
41510,1.25,1.318359375,-0.15625,-0.21484375
41511,1.240234375,1.23046875,-0.234375,-0.37109375
41512,1.240234375,1.259765625,-0.2734375,-0.2734375
41513,1.123046875,1.240234375,-0.29296875,-0.25390625
41514,1.240234375,1.123046875,-0.25390625,-0.25390625
41515,1.083984375,1.171875,-0.25390625,-0.302734375
41516,1.23046875,1.25,-0.283203125,-0.1953125
41517,1.25,1.240234375,-0.3125,-0.33203125
41518,1.26953125,1.1328125,-0.25390625,-0.283203125
41519,1.201171875,1.318359375,-0.17578125,-0.25390625
41520,1.1328125,1.318359375,-0.25390625,-0.17578125
41521,1.337890625,1.201171875,-0.25390625,-0.234375
41522,1.220703125,1.240234375,-0.15625,-0.29296875
41523,1.2109375,1.240234375,-0.234375,-0.146484375
41524,1.34765625,1.25,-0.224609375,-0.322265625
41525,1.2890625,1.298828125,-0.224609375,-0.2734375
41526,1.201171875,1.2109375,-0.1953125,-0.21484375
41527,1.2109375,1.26953125,-0.25390625,-0.2734375
41528,1.25,1.201171875,-0.166015625,-0.263671875
41529,1.259765625,1.25,-0.3515625,-0.234375
41530,1.240234375,1.201171875,-0.263671875,-0.25390625
41531,1.19140625,1.40625,-0.244140625,-0.146484375
41532,1.201171875,1.15234375,-0.078125,-0.29296875
41533,1.3671875,1.26953125,-0.302734375,-0.15625
41534,1.42578125,1.23046875,-0.224609375,-0.263671875
41535,1.298828125,1.30859375,-0.17578125,-0.25390625
41536,1.4453125,1.25,-0.244140625,-0.390625
41537,1.25,1.201171875,-0.234375,-0.205078125
41538,1.34765625,1.279296875,-0.166015625,-0.185546875
41539,1.279296875,1.2890625,-0.21484375,-0.3125
41540,1.298828125,1.23046875,-0.234375,-0.283203125
41541,1.396484375,1.240234375,-0.29296875,-0.380859375
41542,1.318359375,1.259765625,-0.263671875,-0.263671875
41543,1.318359375,1.240234375,-0.302734375,-0.302734375
41544,1.416015625,1.279296875,-0.1953125,-0.322265625
41545,1.328125,1.279296875,-0.263671875,-0.41015625
41546,1.484375,1.19140625,-0.2734375,-0.2734375
41547,1.376953125,1.259765625,-0.341796875,-0.25390625
41548,1.416015625,1.2890625,-0.33203125,-0.224609375
41549,1.4453125,1.015625,-0.263671875,-0.224609375
41550,1.30859375,1.0546875,-0.302734375,-0.380859375
41551,1.1328125,1.240234375,-0.263671875,-0.380859375
41552,1.2109375,1.259765625,-0.234375,-0.4296875
41553,1.279296875,1.279296875,-0.224609375,-0.283203125
41554,1.240234375,1.220703125,-0.1953125,-0.322265625
41555,1.328125,1.5625,-0.244140625,-0.341796875
41556,1.26953125,1.318359375,-0.33203125,-0.390625
41557,1.279296875,1.30859375,-0.263671875,-0.517578125
41558,1.220703125,1.328125,-0.166015625,-0.419921875
41559,1.26953125,1.376953125,-0.1171875,-0.390625
41560,1.181640625,1.25,-0.3515625,-0.380859375
41561,1.279296875,1.25,-0.283203125,-0.439453125
41562,1.279296875,1.26953125,-0.25390625,-0.33203125
41563,1.298828125,1.23046875,-0.33203125,-0.419921875
41564,1.357421875,1.259765625,-0.302734375,-0.3125
41565,1.328125,1.25,-0.29296875,-0.33203125
41566,1.279296875,1.240234375,-0.361328125,-0.478515625
41567,1.4453125,1.26953125,-0.380859375,-0.3515625
41568,1.396484375,1.298828125,-0.17578125,-0.283203125
41569,1.42578125,1.279296875,-0.21484375,-0.302734375
41570,1.435546875,1.23046875,-0.25390625,-0.41015625
41571,1.357421875,1.23046875,-0.29296875,-0.3515625
41572,1.376953125,1.2109375,-0.29296875,-0.283203125
41573,1.474609375,1.162109375,-0.21484375,-0.29296875
41574,1.259765625,1.2109375,-0.302734375,-0.37109375
41575,1.376953125,1.171875,-0.3125,-0.33203125
41576,1.38671875,1.34765625,-0.3515625,-0.3515625
41577,1.25,1.142578125,-0.2734375,-0.322265625
41578,1.318359375,1.220703125,-0.283203125,-0.478515625
41579,1.34765625,1.259765625,-0.244140625,-0.361328125
41580,1.2109375,1.30859375,-0.234375,-0.33203125
41581,1.25,1.26953125,-0.21484375,-0.2734375
41582,1.201171875,1.142578125,-0.361328125,-0.341796875
41583,1.30859375,1.11328125,-0.166015625,-0.341796875
41584,1.2890625,1.25,-0.224609375,-0.234375
41585,1.30859375,1.2890625,-0.263671875,-0.25390625
41586,1.26953125,1.34765625,-0.126953125,-0.283203125
41587,1.26953125,1.03515625,-0.29296875,-0.390625
41588,1.259765625,1.240234375,-0.263671875,-0.302734375
41589,1.42578125,1.201171875,-0.2734375,-0.322265625
41590,1.2109375,1.220703125,-0.37109375,-0.146484375
41591,1.220703125,1.23046875,-0.1953125,-0.439453125
41592,1.220703125,1.15234375,-0.185546875,-0.29296875
41593,1.181640625,1.220703125,-0.244140625,-0.15625
41594,1.240234375,1.123046875,-0.25390625,-0.302734375
41595,1.2109375,1.220703125,-0.263671875,-0.37109375
41596,1.181640625,1.26953125,-0.185546875,-0.2734375
41597,1.25,1.220703125,-0.25390625,-0.439453125
41598,1.26953125,1.220703125,-0.283203125,-0.37109375
41599,1.220703125,1.19140625,-0.341796875,-0.3125
41600,1.279296875,1.181640625,-0.25390625,-0.302734375
41601,1.15234375,1.2109375,-0.2734375,-0.3515625
41602,1.220703125,1.142578125,-0.05859375,-0.37109375
41603,1.279296875,1.23046875,-0.205078125,-0.3515625
41604,1.123046875,1.181640625,-0.302734375,-0.48828125
41605,1.19140625,1.162109375,-0.400390625,-0.3125
41606,1.083984375,1.1328125,-0.224609375,-0.44921875
41607,1.201171875,1.162109375,-0.25390625,-0.380859375
41608,1.171875,1.123046875,-0.224609375,-0.3125
41609,1.318359375,1.171875,-0.1953125,-0.41015625
41610,1.171875,1.259765625,-0.25390625,-0.3515625
41611,1.240234375,1.181640625,-0.17578125,-0.33203125
41612,1.171875,1.25,-0.2734375,-0.09765625
41613,1.142578125,1.2109375,-0.3515625,-0.439453125
41614,1.240234375,1.279296875,-0.361328125,-0.283203125
41615,1.2109375,1.23046875,-0.302734375,-0.37109375
41616,1.240234375,1.142578125,-0.224609375,-0.37109375
41617,1.220703125,1.318359375,-0.126953125,-0.322265625
41618,1.279296875,1.171875,-0.302734375,-0.283203125
41619,1.171875,1.03515625,-0.29296875,-0.3125
41620,1.2109375,1.376953125,-0.1953125,-0.341796875
41621,1.259765625,1.23046875,-0.3515625,-0.361328125
41622,1.19140625,1.19140625,-0.2734375,-0.37109375
41623,1.240234375,1.2890625,-0.25390625,-0.44921875
41624,1.103515625,1.181640625,-0.166015625,-0.2734375
41625,1.201171875,1.30859375,-0.205078125,-0.302734375
41626,1.181640625,0.99609375,-0.15625,-0.400390625
41627,1.240234375,1.2109375,-0.21484375,-0.361328125
41628,1.123046875,1.23046875,-0.224609375,-0.322265625
41629,1.25,1.25,0.048828125,-0.380859375
41630,1.171875,1.15234375,-0.25390625,-0.400390625
41631,1.357421875,1.181640625,-0.244140625,-0.380859375
41632,1.201171875,1.142578125,-0.107421875,-0.37109375
41633,1.171875,1.181640625,-0.1953125,-0.400390625
41634,1.15234375,1.142578125,-0.146484375,-0.46875
41635,1.1328125,1.30859375,-0.283203125,-0.390625
41636,1.25,1.19140625,-0.21484375,-0.4296875
41637,1.15234375,1.259765625,-0.21484375,-0.390625
41638,1.2890625,1.03515625,-0.234375,-0.361328125
41639,1.220703125,1.1328125,-0.21484375,-0.400390625
41640,1.201171875,1.03515625,-0.29296875,-0.400390625
41641,1.162109375,1.07421875,-0.283203125,-0.419921875
41642,1.376953125,1.1328125,-0.234375,-0.37109375
41643,1.23046875,1.162109375,-0.322265625,-0.44921875
41644,1.259765625,1.142578125,-0.322265625,-0.439453125
41645,1.142578125,1.0546875,-0.263671875,-0.400390625
41646,1.396484375,1.201171875,-0.283203125,-0.400390625
41647,1.259765625,1.201171875,-0.361328125,-0.37109375
41648,1.19140625,1.171875,-0.3515625,-0.341796875
41649,1.240234375,1.123046875,-0.2734375,-0.33203125
41650,1.279296875,1.25,-0.3125,-0.29296875
41651,1.2890625,1.19140625,-0.1953125,-0.33203125
41652,1.376953125,1.26953125,-0.25390625,-0.3125
41653,1.298828125,1.064453125,-0.263671875,-0.3515625
41654,1.279296875,1.171875,-0.234375,-0.517578125
41655,1.2109375,1.30859375,-0.244140625,-0.44921875
41656,1.240234375,1.19140625,-0.15625,-0.3125
41657,1.19140625,1.171875,-0.146484375,-0.458984375
41658,1.259765625,1.162109375,-0.302734375,-0.341796875
41659,1.240234375,1.07421875,-0.29296875,-0.33203125
41660,1.240234375,1.1328125,-0.25390625,-0.390625
41661,1.19140625,1.171875,-0.263671875,-0.21484375
41662,1.3671875,1.064453125,-0.205078125,-0.3515625
41663,1.26953125,1.171875,-0.2734375,-0.17578125
41664,1.26953125,1.15234375,-0.2734375,-0.390625
41665,1.259765625,1.162109375,-0.25390625,-0.380859375
41666,1.171875,1.0546875,-0.146484375,-0.1953125
41667,1.259765625,1.064453125,-0.224609375,-0.224609375
41668,1.181640625,1.015625,-0.25390625,-0.341796875
41669,1.220703125,0.986328125,-0.322265625,-0.341796875
41670,1.240234375,1.015625,-0.1953125,-0.400390625
41671,1.181640625,1.181640625,-0.3125,-0.283203125
41672,1.23046875,1.07421875,-0.380859375,-0.29296875
41673,1.25,1.005859375,-0.244140625,-0.4296875
41674,1.162109375,1.26953125,-0.244140625,-0.361328125
41675,1.15234375,1.005859375,-0.068359375,-0.1953125
41676,1.220703125,1.0546875,-0.2734375,-0.390625
41677,1.181640625,1.005859375,-0.234375,-0.380859375
41678,1.201171875,1.201171875,-0.1953125,-0.33203125
41679,1.171875,1.181640625,-0.15625,-0.234375
41680,1.23046875,0.9765625,-0.126953125,-0.3515625
41681,1.23046875,0.810546875,-0.166015625,-0.33203125
41682,1.181640625,1.07421875,-0.244140625,-0.29296875
41683,1.064453125,1.171875,-0.205078125,-0.341796875
41684,1.220703125,1.025390625,-0.283203125,-0.341796875
41685,1.19140625,1.03515625,-0.263671875,-0.25390625
41686,1.396484375,1.142578125,-0.166015625,-0.3125
41687,1.220703125,1.11328125,-0.13671875,-0.224609375
41688,1.328125,1.0546875,-0.244140625,-0.205078125
41689,1.201171875,1.044921875,-0.234375,-0.341796875
41690,1.220703125,1.025390625,-0.166015625,-0.244140625
41691,1.25,1.083984375,-0.263671875,-0.322265625
41692,1.083984375,1.162109375,-0.1953125,-0.224609375
41693,1.279296875,1.0546875,-0.224609375,-0.224609375
41694,1.220703125,1.083984375,-0.126953125,-0.283203125
41695,1.328125,1.07421875,-0.244140625,-0.498046875
41696,1.30859375,0.927734375,-0.33203125,-0.33203125
41697,1.220703125,1.103515625,-0.263671875,-0.29296875
41698,1.3671875,1.09375,-0.283203125,-0.302734375
41699,1.279296875,1.044921875,-0.107421875,-0.283203125
41700,1.25,1.044921875,-0.21484375,-0.25390625
41701,1.279296875,1.0546875,-0.25390625,-0.263671875
41702,1.11328125,1.23046875,-0.3515625,-0.2734375
41703,1.181640625,1.103515625,-0.13671875,-0.234375
41704,1.26953125,1.09375,-0.2734375,-0.380859375
41705,1.171875,1.044921875,-0.15625,-0.302734375
41706,1.220703125,1.09375,-0.302734375,-0.126953125
41707,1.240234375,1.07421875,-0.302734375,-0.3125
41708,1.171875,0.908203125,-0.1953125,-0.234375
41709,1.279296875,1.15234375,-0.283203125,-0.302734375
41710,1.19140625,1.083984375,-0.25390625,-0.29296875
41711,1.26953125,1.09375,-0.078125,-0.33203125
41712,1.171875,1.103515625,-0.244140625,-0.3125
41713,1.11328125,1.07421875,-0.244140625,-0.234375
41714,1.2890625,1.11328125,-0.166015625,-0.25390625
41715,1.259765625,0.9765625,0.068359375,-0.302734375
41716,1.201171875,1.044921875,-0.1953125,-0.380859375
41717,1.23046875,1.2109375,-0.13671875,-0.2734375
41718,1.2109375,1.083984375,-0.29296875,-0.283203125
41719,1.2109375,1.11328125,-0.15625,-0.37109375
41720,1.259765625,1.025390625,-0.263671875,-0.29296875
41721,1.240234375,1.0546875,-0.21484375,-0.5078125
41722,1.181640625,1.083984375,-0.2734375,-0.283203125
41723,1.142578125,0.908203125,-0.21484375,-0.283203125
41724,1.240234375,1.11328125,-0.2734375,-0.3125
41725,1.279296875,1.083984375,-0.283203125,-0.25390625
41726,1.220703125,1.123046875,-0.205078125,-0.390625
41727,1.279296875,0.986328125,-0.263671875,-0.341796875
41728,1.240234375,1.083984375,-0.21484375,-0.302734375
41729,1.162109375,1.09375,-0.1953125,-0.37109375
41730,1.083984375,0.859375,-0.13671875,-0.21484375
41731,1.123046875,1.1328125,-0.244140625,-0.322265625
41732,1.181640625,1.0546875,-0.224609375,-0.390625
41733,1.142578125,1.142578125,-0.25390625,-0.322265625
41734,1.15234375,1.044921875,-0.25390625,-0.390625
41735,1.171875,1.025390625,-0.224609375,-0.322265625
41736,1.25,1.123046875,-0.17578125,-0.37109375
41737,1.23046875,1.171875,-0.205078125,-0.146484375
41738,1.318359375,1.15234375,-0.1953125,-0.25390625
41739,1.201171875,1.142578125,-0.263671875,-0.263671875
41740,1.2890625,1.1328125,-0.29296875,-0.234375
41741,1.162109375,1.15234375,-0.13671875,-0.341796875
41742,1.2890625,1.171875,-0.048828125,-0.302734375
41743,1.171875,1.142578125,-0.166015625,-0.3125
41744,1.318359375,1.162109375,-0.302734375,-0.3515625
41745,1.220703125,1.03515625,-0.263671875,-0.341796875
41746,1.2109375,1.162109375,-0.234375,-0.263671875
41747,1.142578125,1.26953125,-0.224609375,-0.390625
41748,1.25,1.07421875,-0.3515625,-0.302734375
41749,1.298828125,1.201171875,-0.1953125,-0.341796875
41750,1.30859375,1.279296875,-0.244140625,-0.25390625
41751,1.19140625,1.1328125,-0.283203125,-0.3125
41752,1.2109375,1.142578125,-0.15625,-0.33203125
41753,1.2109375,1.103515625,-0.234375,-0.29296875
41754,1.181640625,1.103515625,-0.146484375,-0.244140625
41755,1.09375,1.220703125,-0.205078125,-0.234375
41756,1.123046875,1.23046875,-0.263671875,-0.3515625
41757,1.15234375,1.09375,-0.33203125,-0.322265625
41758,1.1328125,1.181640625,-0.234375,-0.37109375
41759,1.23046875,1.09375,-0.126953125,-0.380859375
41760,1.171875,1.103515625,-0.166015625,-0.3125
41761,1.103515625,1.181640625,-0.29296875,-0.361328125
41762,1.162109375,1.171875,-0.21484375,-0.25390625
41763,1.11328125,1.123046875,-0.283203125,-0.2734375
41764,1.201171875,1.181640625,-0.4296875,-0.283203125
41765,1.23046875,1.123046875,-0.13671875,-0.400390625
41766,1.11328125,1.15234375,-0.33203125,-0.2734375
41767,1.19140625,1.240234375,-0.2734375,-0.29296875
41768,1.15234375,1.103515625,-0.21484375,-0.263671875
41769,1.123046875,1.103515625,-0.3515625,-0.322265625
41770,1.2109375,1.171875,-0.37109375,-0.322265625
41771,1.171875,1.0546875,-0.244140625,-0.166015625
41772,1.259765625,1.005859375,-0.46875,-0.2734375
41773,1.19140625,1.15234375,-0.1953125,-0.0390625
41774,1.142578125,1.11328125,-0.234375,-0.13671875
41775,1.40625,0.83984375,-0.107421875,-0.21484375
41776,1.162109375,1.0546875,-0.13671875,-0.283203125
41777,1.220703125,1.15234375,-0.146484375,-0.439453125
41778,1.09375,1.162109375,-0.283203125,-0.205078125
41779,1.201171875,1.181640625,-0.185546875,-0.166015625
41780,1.201171875,1.044921875,-0.21484375,-0.283203125
41781,1.064453125,1.103515625,-0.234375,-0.2734375
41782,1.201171875,1.015625,-0.087890625,-0.21484375
41783,1.142578125,1.162109375,-0.224609375,-0.2734375
41784,1.15234375,0.99609375,-0.234375,-0.234375
41785,1.220703125,1.162109375,-0.15625,-0.17578125
41786,1.171875,1.103515625,-0.224609375,-0.263671875
41787,1.220703125,1.03515625,-0.1953125,-0.234375
41788,1.142578125,1.171875,-0.15625,-0.224609375
41789,1.19140625,1.11328125,-0.263671875,-0.1953125
41790,1.259765625,1.025390625,-0.29296875,-0.263671875
41791,1.201171875,1.181640625,-0.185546875,-0.21484375
41792,1.23046875,1.201171875,-0.21484375,-0.244140625
41793,1.142578125,1.181640625,-0.25390625,-0.37109375
41794,1.19140625,0.986328125,-0.25390625,-0.234375
41795,1.220703125,1.11328125,-0.1953125,-0.263671875
41796,1.083984375,1.181640625,-0.234375,-0.25390625
41797,1.181640625,1.123046875,-0.263671875,-0.17578125
41798,1.162109375,1.07421875,-0.25390625,-0.234375
41799,1.103515625,1.162109375,-0.244140625,-0.263671875
41800,1.3671875,1.103515625,-0.322265625,-0.2734375
41801,1.142578125,1.19140625,-0.2734375,-0.302734375
41802,1.171875,1.181640625,-0.234375,-0.234375
41803,1.240234375,1.25,-0.205078125,-0.3125
41804,1.318359375,1.171875,-0.29296875,-0.234375
41805,1.2109375,1.064453125,-0.25390625,-0.146484375
41806,1.201171875,1.1328125,-0.2734375,-0.25390625
41807,1.26953125,1.123046875,-0.244140625,-0.44921875
41808,1.1328125,1.07421875,-0.283203125,-0.244140625
41809,1.357421875,1.064453125,-0.224609375,-0.25390625
41810,1.298828125,1.103515625,-0.224609375,-0.341796875
41811,1.201171875,1.11328125,-0.2734375,-0.21484375
41812,1.142578125,1.005859375,-0.1953125,-0.224609375
41813,1.2890625,1.123046875,-0.2734375,-0.322265625
41814,1.181640625,1.142578125,-0.283203125,-0.3125
41815,1.181640625,1.1328125,-0.361328125,-0.15625
41816,1.220703125,1.15234375,-0.341796875,-0.15625
41817,1.0546875,1.11328125,-0.283203125,-0.17578125
41818,1.201171875,1.259765625,-0.244140625,-0.25390625
41819,1.26953125,1.09375,-0.302734375,-0.166015625
41820,1.2890625,1.1328125,-0.205078125,-0.224609375
41821,1.142578125,0.986328125,-0.21484375,-0.25390625
41822,1.23046875,1.171875,-0.13671875,-0.29296875
41823,1.201171875,1.19140625,-0.244140625,-0.283203125
41824,1.220703125,1.123046875,-0.244140625,-0.224609375
41825,1.298828125,1.2109375,-0.234375,-0.15625
41826,1.26953125,1.044921875,-0.25390625,-0.263671875
41827,1.19140625,1.181640625,-0.283203125,-0.25390625
41828,1.103515625,1.15234375,-0.244140625,-0.302734375
41829,1.19140625,1.0546875,-0.2734375,-0.361328125
41830,1.2890625,1.23046875,-0.2734375,-0.146484375
41831,1.15234375,1.123046875,-0.33203125,-0.3515625
41832,1.162109375,1.1328125,-0.25390625,-0.283203125
41833,1.103515625,1.09375,-0.29296875,-0.33203125
41834,1.19140625,1.11328125,-0.126953125,-0.205078125
41835,1.03515625,1.1328125,-0.263671875,-0.263671875
41836,1.240234375,1.083984375,-0.068359375,-0.205078125
41837,1.2109375,1.11328125,-0.361328125,-0.1953125
41838,1.2109375,1.123046875,-0.25390625,-0.068359375
41839,1.11328125,1.103515625,-0.205078125,-0.400390625
41840,1.162109375,1.1328125,-0.205078125,-0.33203125
41841,1.064453125,1.064453125,-0.244140625,-0.244140625
41842,1.2109375,1.07421875,-0.205078125,-0.205078125
41843,1.15234375,0.8984375,-0.234375,-0.166015625
41844,1.171875,1.1328125,-0.166015625,-0.25390625
41845,1.26953125,1.162109375,-0.166015625,-0.25390625
41846,1.2109375,1.171875,-0.224609375,-0.234375
41847,1.162109375,1.201171875,-0.21484375,-0.17578125
41848,1.09375,1.201171875,-0.078125,-0.29296875
41849,1.11328125,1.19140625,-0.068359375,-0.1953125
41850,1.181640625,1.220703125,-0.234375,-0.107421875
41851,1.162109375,1.220703125,-0.09765625,-0.166015625
41852,1.142578125,1.11328125,-0.05859375,-0.3125
41853,1.123046875,1.19140625,-0.146484375,-0.05859375
41854,1.26953125,1.3671875,-0.087890625,-0.3125
41855,1.23046875,1.25,-0.302734375,-0.283203125
41856,1.201171875,1.19140625,-0.224609375,-0.21484375
41857,1.162109375,1.064453125,-0.244140625,-0.25390625
41858,1.2109375,1.240234375,-0.09765625,-0.283203125
41859,1.2109375,1.162109375,-0.244140625,0.0390625
41860,1.220703125,1.23046875,-0.29296875,-0.283203125
41861,1.259765625,1.19140625,-0.13671875,-0.17578125
41862,1.328125,1.240234375,-0.302734375,-0.3125
41863,1.11328125,1.58203125,-0.21484375,-0.29296875
41864,1.25,1.171875,-0.3125,-0.37109375
41865,1.34765625,1.19140625,-0.263671875,-0.185546875
41866,1.30859375,1.298828125,-0.2734375,-0.244140625
41867,1.1328125,1.181640625,-0.3125,-0.361328125
41868,1.25,1.220703125,-0.29296875,-0.244140625
41869,1.181640625,1.123046875,-0.29296875,-0.2734375
41870,1.19140625,1.318359375,-0.234375,-0.29296875
41871,1.279296875,1.19140625,-0.21484375,-0.166015625
41872,1.337890625,1.07421875,-0.2734375,-0.21484375
41873,1.259765625,1.337890625,-0.283203125,-0.224609375
41874,1.25,1.240234375,-0.244140625,-0.29296875
41875,1.181640625,1.220703125,-0.244140625,-0.283203125
41876,1.181640625,1.083984375,-0.37109375,-0.25390625
41877,1.26953125,1.162109375,-0.166015625,-0.224609375
41878,1.240234375,1.23046875,-0.283203125,-0.283203125
41879,1.171875,1.19140625,-0.2734375,-0.205078125
41880,1.1328125,1.19140625,-0.33203125,-0.33203125
41881,1.19140625,1.23046875,-0.244140625,-0.01953125
41882,1.0546875,1.220703125,-0.244140625,-0.302734375
41883,1.220703125,1.220703125,-0.234375,-0.322265625
41884,1.240234375,1.171875,-0.244140625,-0.3515625
41885,1.181640625,1.201171875,-0.4296875,-0.224609375
41886,1.171875,1.23046875,-0.205078125,-0.322265625
41887,1.2890625,1.26953125,-0.244140625,-0.2734375
41888,1.26953125,1.25,-0.09765625,-0.322265625
41889,1.171875,1.15234375,-0.283203125,-0.380859375
41890,1.142578125,1.123046875,-0.166015625,-0.33203125
41891,1.25,1.220703125,-0.1171875,-0.205078125
41892,1.171875,1.34765625,-0.29296875,-0.498046875
41893,1.201171875,1.26953125,-0.21484375,-0.1953125
41894,1.171875,1.142578125,-0.2734375,-0.33203125
41895,1.220703125,1.259765625,-0.3125,-0.244140625
41896,1.181640625,1.19140625,-0.185546875,-0.458984375
41897,1.23046875,1.259765625,-0.17578125,-0.25390625
41898,1.23046875,1.162109375,-0.146484375,-0.2734375
41899,1.25,1.201171875,-0.146484375,-0.126953125
41900,1.23046875,1.123046875,-0.166015625,-0.1953125
41901,1.279296875,1.201171875,-0.29296875,-0.33203125
41902,1.201171875,1.240234375,-0.263671875,-0.146484375
41903,1.171875,1.220703125,-0.17578125,-0.234375
41904,1.2109375,1.2109375,-0.224609375,-0.37109375
41905,1.123046875,1.279296875,-0.263671875,-0.46875
41906,1.259765625,1.26953125,-0.341796875,-0.234375
41907,1.240234375,1.171875,-0.3515625,-0.13671875
41908,1.259765625,1.25,-0.244140625,-0.3125
41909,1.2109375,1.240234375,-0.205078125,-0.2734375
41910,1.2890625,1.240234375,-0.2734375,-0.283203125
41911,1.2109375,1.181640625,-0.283203125,-0.244140625
41912,1.1328125,1.337890625,-0.224609375,-0.29296875
41913,1.240234375,1.220703125,-0.25390625,-0.302734375
41914,1.240234375,1.171875,-0.3125,-0.322265625
41915,1.162109375,1.240234375,-0.3125,-0.263671875
41916,1.23046875,1.07421875,-0.1953125,-0.3515625
41917,1.240234375,1.25,-0.29296875,-0.17578125
41918,1.298828125,1.26953125,-0.3515625,-0.244140625
41919,1.259765625,1.171875,-0.21484375,-0.29296875
41920,1.181640625,1.171875,-0.322265625,-0.25390625
41921,1.083984375,1.19140625,-0.263671875,-0.244140625
41922,1.26953125,1.357421875,-0.341796875,-0.25390625
41923,1.1328125,1.298828125,-0.224609375,-0.3125
41924,1.19140625,1.240234375,-0.185546875,-0.322265625
41925,1.220703125,1.279296875,-0.224609375,-0.322265625
41926,1.30859375,1.19140625,-0.25390625,-0.185546875
41927,1.2109375,1.220703125,-0.29296875,-0.29296875
41928,1.25,1.26953125,-0.185546875,-0.29296875
41929,1.23046875,1.259765625,-0.224609375,-0.3125
41930,1.044921875,1.25,-0.322265625,-0.283203125
41931,1.25,1.337890625,-0.283203125,-0.2734375
41932,1.2109375,1.15234375,-0.126953125,-0.185546875
41933,1.298828125,1.142578125,-0.263671875,-0.21484375
41934,1.25,1.328125,-0.205078125,-0.205078125
41935,1.26953125,1.201171875,-0.205078125,-0.439453125
41936,1.142578125,1.201171875,-0.283203125,-0.33203125
41937,1.162109375,1.1328125,-0.263671875,-0.234375
41938,1.15234375,1.2109375,-0.341796875,-0.302734375
41939,1.2109375,1.171875,-0.33203125,-0.302734375
41940,1.357421875,1.25,-0.21484375,-0.29296875
41941,1.2890625,1.298828125,-0.205078125,-0.166015625
41942,1.3671875,1.23046875,-0.283203125,-0.25390625
41943,1.279296875,1.23046875,-0.15625,-0.283203125
41944,1.2890625,1.240234375,-0.283203125,-0.37109375
41945,1.15234375,1.23046875,-0.205078125,-0.302734375
41946,1.318359375,1.005859375,-0.33203125,-0.29296875
41947,1.298828125,1.15234375,-0.244140625,-0.400390625
41948,1.279296875,1.201171875,-0.244140625,-0.390625
41949,1.2890625,1.220703125,-0.380859375,-0.283203125
41950,1.34765625,1.279296875,-0.15625,-0.33203125
41951,1.30859375,1.201171875,-0.283203125,-0.33203125
41952,1.298828125,1.15234375,-0.380859375,-0.33203125
41953,1.337890625,1.2109375,-0.419921875,-0.29296875
41954,1.220703125,1.220703125,-0.205078125,-0.244140625
41955,1.328125,1.19140625,-0.25390625,-0.29296875
41956,1.2890625,1.19140625,-0.380859375,-0.302734375
41957,1.328125,1.123046875,-0.25390625,-0.263671875
41958,1.30859375,1.2109375,-0.1953125,-0.322265625
41959,1.2890625,1.2109375,-0.439453125,-0.361328125
41960,1.23046875,1.23046875,-0.244140625,-0.5078125
41961,1.3671875,1.328125,-0.078125,-0.263671875
41962,1.328125,1.259765625,-0.205078125,-0.3125
41963,1.240234375,1.259765625,-0.224609375,-0.3125
41964,1.26953125,1.25,-0.146484375,-0.3125
41965,1.376953125,1.15234375,-0.234375,-0.322265625
41966,1.337890625,1.318359375,-0.283203125,-0.224609375
41967,1.42578125,1.240234375,-0.205078125,-0.283203125
41968,1.328125,1.201171875,-0.087890625,-0.302734375
41969,1.30859375,1.201171875,-0.25390625,-0.380859375
41970,1.42578125,1.34765625,-0.234375,-0.341796875
41971,1.376953125,1.240234375,-0.341796875,-0.33203125
41972,1.357421875,1.2890625,-0.205078125,-0.146484375
41973,1.3671875,1.259765625,-0.302734375,-0.322265625
41974,1.376953125,1.416015625,-0.29296875,-0.29296875
41975,1.181640625,1.298828125,-0.361328125,-0.400390625
41976,1.455078125,1.474609375,-0.25390625,-0.283203125
41977,1.474609375,1.298828125,-0.146484375,-0.3515625
41978,1.2890625,1.357421875,-0.263671875,-0.361328125
41979,1.279296875,1.26953125,-0.3125,-0.25390625
41980,1.318359375,1.279296875,-0.3125,-0.33203125
41981,1.34765625,1.26953125,-0.322265625,-0.126953125
41982,1.337890625,1.30859375,-0.283203125,-0.283203125
41983,1.298828125,1.2109375,-0.2734375,-0.29296875
41984,1.30859375,1.328125,-0.283203125,-0.283203125
41985,1.25,1.23046875,-0.146484375,-0.3515625
41986,1.40625,1.318359375,-0.21484375,-0.390625
41987,1.30859375,1.396484375,-0.224609375,-0.205078125
41988,1.298828125,1.34765625,-0.2734375,-0.33203125
41989,1.25,1.328125,-0.15625,-0.41015625
41990,1.3671875,1.259765625,-0.29296875,-0.380859375
41991,1.337890625,1.455078125,-0.2734375,-0.380859375
41992,1.15234375,1.26953125,-0.15625,-0.302734375
41993,1.201171875,1.30859375,-0.185546875,-0.3125
41994,1.318359375,1.23046875,-0.234375,-0.37109375
41995,1.240234375,1.201171875,-0.302734375,-0.33203125
41996,1.259765625,1.376953125,-0.185546875,-0.37109375
41997,1.2890625,1.23046875,-0.234375,-0.44921875
41998,1.181640625,1.25,-0.3515625,-0.341796875
41999,1.298828125,1.328125,-0.283203125,-0.224609375
42000,1.23046875,1.2109375,-0.234375,-0.33203125
42001,1.259765625,1.25,-0.15625,-0.3515625
42002,1.298828125,1.181640625,-0.185546875,-0.09765625
42003,1.2890625,1.220703125,-0.25390625,-0.263671875
42004,1.25,1.23046875,-0.166015625,-0.44921875
42005,1.2890625,1.25,-0.185546875,-0.3515625
42006,1.2890625,1.2109375,-0.21484375,-0.615234375
42007,1.240234375,1.240234375,-0.244140625,-0.41015625
42008,1.279296875,1.298828125,-0.283203125,-0.3125
42009,1.337890625,1.2109375,-0.263671875,-0.44921875
42010,1.298828125,1.162109375,-0.25390625,-0.263671875
42011,1.259765625,1.25,-0.25390625,-0.087890625
42012,1.30859375,1.25,-0.234375,-0.33203125
42013,1.23046875,1.2109375,-0.361328125,-0.3125
42014,1.30859375,1.181640625,-0.2734375,-0.1953125
42015,1.279296875,1.201171875,-0.302734375,-0.244140625
42016,1.240234375,1.162109375,-0.244140625,-0.29296875
42017,1.2890625,1.220703125,-0.185546875,-0.263671875
42018,1.279296875,1.279296875,-0.3125,-0.1953125
42019,1.279296875,1.26953125,-0.361328125,-0.29296875
42020,1.2890625,1.2109375,-0.244140625,-0.244140625
42021,1.259765625,1.201171875,-0.283203125,-0.380859375
42022,1.279296875,1.26953125,-0.3515625,-0.29296875
42023,1.220703125,1.220703125,-0.283203125,-0.419921875
42024,1.298828125,1.23046875,-0.283203125,-0.458984375
42025,1.26953125,1.279296875,-0.322265625,-0.439453125
42026,1.201171875,1.171875,-0.2734375,-0.498046875
42027,1.201171875,1.23046875,-0.263671875,-0.25390625
42028,1.26953125,1.162109375,-0.25390625,-0.44921875
42029,1.240234375,1.19140625,-0.1953125,-0.302734375
42030,1.240234375,1.259765625,-0.21484375,-0.37109375
42031,1.2890625,1.30859375,-0.234375,-0.341796875
42032,1.2109375,1.2890625,-0.302734375,-0.37109375
42033,1.2890625,1.26953125,-0.21484375,-0.3125
42034,1.30859375,1.396484375,-0.234375,-0.380859375
42035,1.123046875,1.19140625,-0.390625,-0.361328125
42036,1.11328125,1.26953125,-0.25390625,-0.302734375
42037,1.171875,1.3671875,-0.224609375,-0.400390625
42038,1.162109375,1.240234375,-0.263671875,-0.4296875
42039,1.259765625,1.3671875,-0.1953125,-0.380859375
42040,1.40625,1.259765625,-0.244140625,-0.322265625
42041,1.162109375,1.337890625,-0.1953125,-0.380859375
42042,1.0546875,1.279296875,-0.29296875,-0.33203125
42043,1.03515625,1.11328125,-0.234375,-0.41015625
42044,1.123046875,1.328125,-0.3125,-0.390625
42045,0.99609375,1.259765625,-0.234375,-0.458984375
42046,1.142578125,1.142578125,-0.244140625,-0.361328125
42047,1.103515625,1.279296875,-0.37109375,-0.33203125
42048,1.240234375,1.259765625,-0.29296875,-0.390625
42049,1.064453125,1.162109375,-0.2734375,-0.3515625
42050,1.259765625,1.2109375,-0.390625,-0.3125
42051,1.162109375,1.259765625,-0.3125,-0.33203125
42052,1.181640625,1.23046875,-0.263671875,-0.390625
42053,1.201171875,1.23046875,-0.107421875,-0.390625
42054,1.376953125,1.279296875,-0.2734375,-0.380859375
42055,1.162109375,1.181640625,-0.2734375,-0.283203125
42056,1.240234375,1.181640625,-0.46875,-0.361328125
42057,1.220703125,1.2109375,-0.244140625,-0.322265625
42058,1.259765625,1.19140625,-0.244140625,-0.361328125
42059,1.201171875,1.19140625,-0.146484375,-0.400390625
42060,1.162109375,1.103515625,-0.21484375,-0.361328125
42061,1.142578125,1.201171875,-0.1953125,-0.361328125
42062,1.220703125,1.07421875,-0.29296875,-0.37109375
42063,1.34765625,1.15234375,-0.166015625,-0.380859375
42064,1.318359375,1.181640625,-0.21484375,-0.4296875
42065,1.34765625,1.2109375,-0.126953125,-0.29296875
42066,1.279296875,1.15234375,-0.33203125,-0.46875
42067,1.26953125,1.1328125,-0.185546875,-0.41015625
42068,1.240234375,1.318359375,-0.234375,-0.302734375
42069,1.26953125,1.015625,-0.37109375,-0.498046875
42070,1.162109375,1.15234375,-0.25390625,-0.390625
42071,1.15234375,1.220703125,-0.3515625,-0.3515625
42072,1.30859375,1.083984375,-0.380859375,-0.3515625
42073,1.240234375,1.15234375,-0.302734375,-0.302734375
42074,1.2109375,1.123046875,-0.205078125,-0.390625
42075,1.2890625,1.1328125,-0.390625,-0.341796875
42076,1.298828125,1.162109375,-0.263671875,-0.546875
42077,1.26953125,1.181640625,-0.322265625,-0.400390625
42078,1.279296875,0.966796875,-0.361328125,-0.390625
42079,1.25,1.123046875,-0.33203125,-0.380859375
42080,1.298828125,1.025390625,-0.322265625,-0.341796875
42081,1.2890625,1.1328125,-0.322265625,-0.48828125
42082,1.30859375,1.15234375,-0.25390625,-0.48828125
42083,1.181640625,1.279296875,-0.185546875,-0.3515625
42084,1.30859375,1.103515625,-0.1953125,-0.46875
42085,1.220703125,1.0546875,-0.3125,-0.419921875
42086,1.19140625,1.07421875,-0.244140625,-0.33203125
42087,1.2109375,1.123046875,-0.126953125,-0.341796875
42088,1.30859375,1.09375,-0.25390625,-0.341796875
42089,1.298828125,0.986328125,-0.15625,-0.3125
42090,1.23046875,1.259765625,-0.107421875,-0.29296875
42091,1.162109375,1.103515625,-0.244140625,-0.283203125
42092,1.240234375,1.15234375,-0.244140625,-0.390625
42093,1.171875,1.162109375,-0.25390625,-0.341796875
42094,1.30859375,1.07421875,-0.17578125,-0.361328125
42095,1.162109375,1.142578125,-0.263671875,-0.33203125
42096,1.201171875,1.181640625,-0.244140625,-0.33203125
42097,1.181640625,1.09375,-0.380859375,-0.3125
42098,1.23046875,0.99609375,-0.3515625,-0.3125
42099,1.328125,1.142578125,-0.078125,-0.37109375
42100,1.19140625,1.103515625,-0.15625,-0.37109375
42101,1.09375,0.8203125,-0.302734375,-0.37109375
42102,1.25,1.09375,-0.21484375,-0.33203125
42103,1.318359375,1.123046875,-0.205078125,-0.234375
42104,1.162109375,1.07421875,-0.1953125,-0.361328125
42105,1.298828125,0.966796875,-0.1953125,-0.37109375
42106,1.162109375,1.0546875,-0.263671875,-0.302734375
42107,1.25,0.986328125,-0.234375,-0.3125
42108,1.279296875,1.162109375,-0.166015625,-0.33203125
42109,1.181640625,1.083984375,-0.2734375,-0.166015625
42110,1.201171875,1.26953125,-0.17578125,-0.302734375
42111,1.142578125,1.123046875,-0.263671875,-0.25390625
42112,1.201171875,1.025390625,-0.17578125,-0.21484375
42113,1.279296875,1.083984375,-0.3515625,-0.2734375
42114,1.171875,1.064453125,-0.205078125,-0.205078125
42115,1.25,1.03515625,-0.25390625,-0.25390625
42116,1.240234375,1.03515625,-0.166015625,-0.283203125
42117,1.318359375,1.015625,-0.33203125,-0.2734375
42118,1.240234375,1.064453125,-0.13671875,-0.25390625
42119,1.19140625,0.9765625,-0.205078125,-0.1953125
42120,1.25,0.927734375,-0.302734375,-0.25390625
42121,1.23046875,1.07421875,-0.2734375,-0.283203125
42122,1.162109375,1.005859375,-0.244140625,-0.517578125
42123,1.19140625,1.142578125,-0.185546875,-0.224609375
42124,1.240234375,1.03515625,-0.25390625,-0.380859375
42125,1.25,0.99609375,-0.21484375,-0.37109375
42126,1.2109375,1.005859375,-0.283203125,-0.390625
42127,1.279296875,1.07421875,-0.25390625,-0.33203125
42128,1.1328125,1.11328125,-0.17578125,-0.4296875
42129,1.19140625,1.083984375,-0.322265625,-0.3125
42130,1.259765625,1.1328125,-0.15625,-0.41015625
42131,1.30859375,1.123046875,-0.166015625,-0.3515625
42132,1.23046875,1.083984375,-0.29296875,-0.33203125
42133,1.2109375,1.025390625,-0.322265625,-0.439453125
42134,1.298828125,1.07421875,-0.224609375,-0.341796875
42135,1.15234375,1.07421875,-0.1953125,-0.302734375
42136,1.171875,1.025390625,-0.234375,-0.361328125
42137,1.201171875,1.07421875,-0.3125,-0.21484375
42138,1.07421875,1.103515625,-0.166015625,-0.25390625
42139,1.23046875,1.0546875,-0.244140625,-0.15625
42140,1.240234375,1.083984375,-0.1953125,-0.263671875
42141,1.07421875,1.07421875,-0.146484375,-0.263671875
42142,1.23046875,1.015625,-0.322265625,-0.234375
42143,1.09375,1.025390625,-0.205078125,-0.380859375
42144,1.220703125,1.123046875,-0.21484375,-0.263671875
42145,1.23046875,1.083984375,-0.21484375,-0.41015625
42146,1.171875,1.0546875,-0.15625,-0.390625
42147,1.162109375,1.09375,-0.205078125,-0.244140625
42148,1.171875,1.2109375,-0.263671875,-0.234375
42149,1.09375,1.1328125,-0.283203125,-0.185546875
42150,1.123046875,1.201171875,-0.234375,-0.283203125
42151,1.2109375,1.103515625,-0.3515625,-0.2734375
42152,1.201171875,1.07421875,-0.29296875,-0.234375
42153,1.181640625,1.07421875,-0.33203125,-0.3125
42154,1.2109375,1.07421875,-0.21484375,-0.29296875
42155,1.15234375,1.044921875,-0.2734375,-0.361328125
42156,1.19140625,1.07421875,-0.234375,-0.3125
42157,1.19140625,1.1328125,-0.224609375,-0.361328125
42158,1.201171875,1.025390625,-0.263671875,-0.107421875
42159,1.26953125,1.025390625,-0.234375,-0.3125
42160,1.15234375,1.15234375,-0.234375,-0.2734375
42161,1.171875,1.07421875,-0.21484375,-0.29296875
42162,1.142578125,1.1328125,-0.263671875,-0.390625
42163,1.162109375,1.064453125,-0.205078125,-0.3515625
42164,1.171875,1.15234375,-0.263671875,-0.302734375
42165,1.103515625,0.9765625,-0.33203125,-0.2734375
42166,1.11328125,1.0546875,-0.205078125,-0.25390625
42167,1.025390625,1.07421875,-0.21484375,-0.146484375
42168,1.0546875,1.044921875,-0.17578125,-0.2734375
42169,1.181640625,0.966796875,-0.185546875,-0.33203125
42170,1.259765625,1.064453125,-0.224609375,-0.283203125
42171,1.142578125,1.005859375,-0.21484375,-0.224609375
42172,1.259765625,1.357421875,-0.419921875,-0.302734375
42173,1.103515625,1.09375,-0.166015625,-0.166015625
42174,1.09375,1.09375,-0.283203125,-0.33203125
42175,1.19140625,1.15234375,-0.13671875,-0.3125
42176,1.15234375,1.1328125,-0.33203125,-0.341796875
42177,1.07421875,1.0546875,-0.224609375,-0.3125
42178,1.220703125,1.201171875,-0.13671875,-0.29296875
42179,1.19140625,1.201171875,-0.13671875,-0.341796875
42180,1.30859375,1.044921875,-0.17578125,-0.224609375
42181,1.181640625,0.95703125,-0.185546875,-0.263671875
42182,1.2890625,1.064453125,-0.1953125,-0.380859375
42183,1.19140625,1.083984375,-0.2734375,-0.322265625
42184,1.15234375,1.064453125,-0.087890625,-0.3125
42185,1.240234375,1.123046875,-0.05859375,-0.244140625
42186,1.240234375,1.201171875,-0.263671875,-0.302734375
42187,1.123046875,1.1328125,-0.185546875,-0.283203125
42188,1.083984375,1.064453125,-0.185546875,-0.283203125
42189,1.19140625,1.123046875,-0.185546875,-0.15625
42190,1.171875,1.162109375,-0.146484375,-0.2734375
42191,1.162109375,1.162109375,-0.17578125,-0.263671875
42192,1.064453125,1.15234375,-0.283203125,-0.1953125
42193,1.181640625,1.142578125,-0.3515625,-0.33203125
42194,1.181640625,1.123046875,-0.390625,-0.3125
42195,1.220703125,1.171875,-0.1953125,-0.205078125
42196,1.220703125,0.9765625,-0.1953125,-0.361328125
42197,1.142578125,1.1328125,-0.1171875,-0.361328125
42198,1.142578125,1.162109375,-0.244140625,-0.15625
42199,1.201171875,1.1328125,-0.48828125,-0.263671875
42200,1.201171875,0.966796875,-0.185546875,-0.263671875
42201,1.2109375,1.123046875,-0.234375,-0.25390625
42202,1.23046875,1.07421875,-0.29296875,-0.302734375
42203,1.25,1.19140625,-0.17578125,-0.361328125
42204,1.34765625,1.025390625,-0.13671875,-0.41015625
42205,1.240234375,1.11328125,-0.224609375,-0.322265625
42206,1.26953125,1.083984375,-0.15625,-0.17578125
42207,1.279296875,1.201171875,-0.185546875,-0.263671875
42208,1.07421875,1.171875,-0.234375,-0.283203125
42209,1.23046875,1.171875,-0.15625,-0.3125
42210,1.201171875,1.1328125,-0.263671875,-0.166015625
42211,1.171875,1.1328125,-0.234375,-0.205078125
42212,1.220703125,1.162109375,-0.224609375,-0.361328125
42213,1.240234375,1.09375,-0.146484375,-0.498046875
42214,1.279296875,1.03515625,-0.25390625,-0.25390625
42215,1.328125,1.07421875,-0.224609375,-0.21484375
42216,1.064453125,1.1328125,-0.1953125,-0.283203125
42217,1.171875,1.15234375,-0.224609375,-0.263671875
42218,1.09375,1.240234375,-0.1953125,-0.1953125
42219,1.09375,1.1328125,-0.1171875,-0.15625
42220,1.23046875,1.064453125,-0.244140625,-0.244140625
42221,1.09375,1.1328125,-0.25390625,-0.21484375
42222,1.162109375,1.171875,-0.25390625,-0.458984375
42223,1.181640625,1.1328125,-0.205078125,-0.302734375
42224,1.15234375,1.015625,-0.205078125,-0.1953125
42225,1.25,1.07421875,-0.341796875,-0.4296875
42226,1.083984375,1.240234375,-0.2734375,-0.263671875
42227,1.25,1.11328125,-0.224609375,-0.185546875
42228,1.25,1.181640625,-0.21484375,-0.283203125
42229,1.03515625,0.95703125,-0.205078125,-0.2734375
42230,1.25,1.1328125,-0.283203125,-0.29296875
42231,1.123046875,1.2109375,-0.1953125,0.048828125
42232,1.220703125,1.03515625,-0.25390625,-0.283203125
42233,1.162109375,1.083984375,-0.29296875,-0.29296875
42234,1.2109375,1.15234375,-0.2734375,-0.341796875
42235,1.083984375,1.181640625,-0.244140625,-0.283203125
42236,1.23046875,1.259765625,-0.322265625,-0.263671875
42237,1.201171875,1.09375,-0.263671875,-0.17578125
42238,1.259765625,1.15234375,-0.302734375,-0.205078125
42239,1.142578125,1.201171875,-0.234375,-0.25390625
42240,1.181640625,1.142578125,-0.2734375,-0.146484375
42241,1.044921875,1.103515625,-0.302734375,-0.224609375
42242,1.220703125,1.162109375,-0.234375,-0.234375
42243,1.142578125,1.19140625,-0.283203125,-0.234375
42244,1.30859375,1.0546875,-0.234375,-0.3515625
42245,1.162109375,1.025390625,-0.1953125,-0.341796875
42246,1.201171875,1.15234375,-0.21484375,-0.244140625
42247,1.220703125,1.201171875,-0.234375,-0.17578125
42248,1.142578125,1.15234375,-0.17578125,-0.3125
42249,1.123046875,1.142578125,-0.17578125,-0.263671875
42250,1.220703125,1.171875,-0.263671875,-0.25390625
42251,1.15234375,1.201171875,-0.185546875,-0.244140625
42252,1.162109375,1.123046875,-0.25390625,-0.37109375
42253,1.201171875,1.201171875,-0.302734375,-0.224609375
42254,1.30859375,1.220703125,-0.244140625,-0.25390625
42255,1.15234375,1.171875,-0.302734375,-0.166015625
42256,1.25,1.11328125,-0.15625,-0.44921875
42257,1.142578125,1.123046875,-0.13671875,-0.166015625
42258,1.1328125,1.19140625,-0.2734375,-0.33203125
42259,1.0546875,1.220703125,-0.29296875,-0.21484375
42260,1.103515625,1.083984375,-0.25390625,-0.234375
42261,1.1328125,1.09375,-0.322265625,-0.33203125
42262,1.142578125,1.09375,-0.29296875,-0.21484375
42263,1.025390625,1.025390625,-0.25390625,-0.263671875
42264,1.123046875,1.1328125,-0.185546875,-0.15625
42265,1.09375,1.15234375,-0.244140625,-0.15625
42266,1.123046875,1.1328125,-0.283203125,-0.25390625
42267,1.15234375,1.171875,-0.29296875,-0.29296875
42268,0.9375,1.240234375,-0.205078125,-0.419921875
42269,1.1328125,1.201171875,-0.2734375,-0.244140625
42270,1.0546875,1.15234375,-0.234375,-0.3125
42271,1.25,1.19140625,-0.283203125,-0.244140625
42272,1.15234375,1.103515625,-0.166015625,-0.234375
42273,1.09375,0.986328125,-0.234375,-0.21484375
42274,1.09375,1.201171875,-0.13671875,-0.1953125
42275,1.142578125,0.947265625,-0.1953125,-0.21484375
42276,1.142578125,1.220703125,-0.33203125,-0.283203125
42277,1.181640625,1.123046875,-0.166015625,-0.224609375
42278,1.240234375,1.162109375,-0.234375,-0.244140625
42279,1.142578125,1.142578125,-0.126953125,-0.244140625
42280,1.162109375,1.123046875,-0.17578125,-0.13671875
42281,1.2109375,1.123046875,-0.224609375,-0.234375
42282,1.123046875,1.259765625,-0.224609375,-0.283203125
42283,1.181640625,1.162109375,-0.25390625,-0.400390625
42284,1.044921875,1.181640625,-0.263671875,-0.13671875
42285,1.26953125,0.966796875,-0.205078125,-0.380859375
42286,1.220703125,1.15234375,-0.224609375,-0.1953125
42287,1.103515625,1.171875,-0.234375,-0.244140625
42288,1.03515625,1.11328125,-0.2734375,-0.283203125
42289,1.26953125,1.171875,-0.263671875,-0.166015625
42290,1.201171875,1.19140625,-0.205078125,-0.2734375
42291,1.181640625,1.34765625,-0.3515625,-0.2734375
42292,1.23046875,1.142578125,-0.21484375,-0.224609375
42293,1.2109375,1.103515625,-0.224609375,-0.13671875
42294,1.064453125,1.240234375,-0.17578125,-0.33203125
42295,1.044921875,1.220703125,-0.224609375,-0.25390625
42296,1.123046875,1.171875,-0.1953125,-0.25390625
42297,1.15234375,1.2890625,-0.15625,-0.234375
42298,1.064453125,1.2890625,-0.2734375,-0.25390625
42299,1.103515625,1.15234375,-0.244140625,-0.234375
42300,1.171875,1.220703125,-0.185546875,-0.15625
42301,1.11328125,1.2109375,-0.15625,-0.185546875
42302,1.2109375,1.19140625,-0.244140625,-0.205078125
42303,1.19140625,1.03515625,-0.25390625,-0.1953125
42304,1.26953125,1.15234375,-0.224609375,-0.126953125
42305,1.162109375,1.181640625,-0.15625,-0.263671875
42306,1.25,1.07421875,-0.224609375,-0.2734375
42307,1.318359375,1.123046875,-0.17578125,-0.41015625
42308,1.201171875,1.26953125,-0.234375,-0.37109375
42309,1.220703125,1.103515625,-0.09765625,-0.29296875
42310,1.220703125,1.171875,-0.25390625,-0.21484375
42311,1.220703125,1.259765625,-0.205078125,-0.341796875
42312,1.162109375,1.220703125,-0.25390625,-0.29296875
42313,1.2109375,1.142578125,-0.244140625,-0.13671875
42314,1.181640625,1.220703125,-0.205078125,-0.21484375
42315,1.162109375,1.240234375,-0.126953125,-0.29296875
42316,1.181640625,1.220703125,-0.17578125,-0.283203125
42317,1.142578125,1.240234375,-0.15625,-0.390625
42318,1.1328125,1.142578125,-0.205078125,-0.3125
42319,1.201171875,1.201171875,-0.244140625,-0.400390625
42320,1.328125,1.23046875,-0.234375,-0.33203125
42321,1.259765625,1.15234375,-0.166015625,-0.244140625
42322,1.11328125,1.171875,-0.29296875,-0.302734375
42323,1.2109375,1.23046875,-0.17578125,-0.3125
42324,1.103515625,1.201171875,-0.078125,-0.3515625
42325,1.19140625,1.005859375,-0.17578125,-0.234375
42326,1.30859375,1.279296875,-0.234375,-0.37109375
42327,1.25,1.2109375,-0.126953125,-0.37109375
42328,1.201171875,1.2890625,-0.15625,-0.29296875
42329,1.240234375,1.23046875,-0.166015625,-0.2734375
42330,1.220703125,1.123046875,-0.3515625,-0.302734375
42331,1.240234375,1.25,-0.2734375,-0.205078125
42332,1.26953125,1.298828125,-0.29296875,-0.078125
42333,1.171875,1.23046875,-0.263671875,-0.2734375
42334,1.171875,1.171875,-0.126953125,-0.302734375
42335,1.19140625,1.25,-0.361328125,-0.2734375
42336,1.25,1.357421875,-0.380859375,-0.341796875
42337,1.25,1.2109375,-0.322265625,-0.29296875
42338,1.201171875,1.279296875,-0.3125,-0.3515625
42339,1.240234375,1.220703125,-0.33203125,-0.126953125
42340,1.19140625,1.11328125,-0.224609375,-0.21484375
42341,1.357421875,1.2109375,-0.25390625,-0.1953125
42342,1.416015625,1.142578125,-0.29296875,-0.2734375
42343,1.23046875,1.11328125,-0.126953125,-0.37109375
42344,1.279296875,1.25,-0.2734375,-0.224609375
42345,1.2109375,1.240234375,-0.380859375,-0.263671875
42346,1.357421875,1.083984375,-0.283203125,-0.185546875
42347,1.25,1.2109375,-0.283203125,-0.283203125
42348,1.240234375,1.162109375,-0.3125,-0.29296875
42349,1.23046875,1.328125,-0.25390625,-0.263671875
42350,1.181640625,1.11328125,-0.302734375,-0.1953125
42351,1.259765625,1.201171875,-0.302734375,-0.361328125
42352,1.1328125,1.2890625,-0.29296875,-0.302734375
42353,1.25,1.09375,-0.263671875,-0.234375
42354,1.181640625,1.162109375,-0.33203125,-0.263671875
42355,1.083984375,1.044921875,-0.107421875,-0.263671875
42356,1.171875,1.171875,-0.2734375,-0.25390625
42357,1.23046875,1.044921875,-0.244140625,-0.205078125
42358,1.25,1.240234375,-0.205078125,-0.3125
42359,1.23046875,1.1328125,-0.25390625,-0.37109375
42360,1.25,1.25,-0.15625,-0.37109375
42361,1.2109375,1.162109375,-0.25390625,-0.29296875
42362,1.2109375,1.19140625,-0.185546875,-0.33203125
42363,1.171875,1.19140625,-0.224609375,-0.224609375
42364,1.23046875,1.15234375,-0.1171875,-0.1953125
42365,1.171875,1.162109375,-0.2734375,-0.37109375
42366,1.11328125,1.171875,-0.25390625,-0.224609375
42367,1.19140625,1.201171875,-0.263671875,-0.3125
42368,1.23046875,1.181640625,-0.263671875,-0.263671875
42369,1.298828125,1.171875,-0.25390625,-0.3515625
42370,1.15234375,1.181640625,-0.283203125,-0.29296875
42371,1.201171875,1.15234375,-0.341796875,-0.37109375
42372,1.23046875,1.1328125,-0.244140625,-0.244140625
42373,1.201171875,1.2890625,-0.263671875,-0.322265625
42374,1.1328125,1.171875,-0.361328125,-0.185546875
42375,1.279296875,1.162109375,-0.33203125,-0.3125
42376,1.298828125,1.337890625,-0.341796875,-0.2734375
42377,1.19140625,1.2890625,-0.15625,-0.263671875
42378,1.23046875,1.259765625,-0.263671875,-0.15625
42379,1.201171875,1.162109375,-0.263671875,-0.2734375
42380,1.201171875,1.328125,-0.29296875,-0.263671875
42381,1.298828125,1.328125,-0.25390625,-0.283203125
42382,1.2890625,1.2109375,-0.224609375,-0.283203125
42383,1.2890625,1.240234375,-0.15625,-0.3515625
42384,1.259765625,1.298828125,-0.302734375,-0.4296875
42385,1.2109375,1.533203125,-0.33203125,-0.2734375
42386,1.298828125,1.2109375,-0.13671875,-0.25390625
42387,1.337890625,1.181640625,-0.205078125,-0.263671875
42388,1.328125,1.318359375,-0.166015625,-0.380859375
42389,1.30859375,1.2890625,-0.2734375,-0.361328125
42390,1.26953125,1.298828125,-0.3125,-0.517578125
42391,1.25,1.298828125,-0.224609375,-0.33203125
42392,1.2109375,1.376953125,-0.234375,-0.2734375
42393,1.318359375,1.240234375,-0.341796875,-0.2734375
42394,1.25,1.2890625,-0.21484375,-0.302734375
42395,1.396484375,1.220703125,-0.078125,-0.361328125
42396,1.38671875,1.25,-0.234375,-0.126953125
42397,1.474609375,1.26953125,-0.244140625,-0.283203125
42398,1.318359375,1.25,-0.341796875,-0.361328125
42399,1.34765625,1.240234375,-0.263671875,-0.361328125
42400,1.23046875,1.30859375,-0.234375,-0.341796875
42401,1.376953125,1.23046875,-0.205078125,-0.3515625
42402,1.298828125,1.240234375,-0.29296875,-0.21484375
42403,1.4453125,1.42578125,-0.263671875,-0.3125
42404,1.337890625,1.03515625,0.009765625,-0.234375
42405,1.259765625,1.298828125,-0.234375,-0.302734375
42406,1.318359375,1.435546875,-0.244140625,-0.3125
42407,1.40625,1.23046875,-0.361328125,-0.302734375
42408,1.30859375,1.25,-0.302734375,-0.302734375
42409,1.318359375,1.23046875,-0.283203125,-0.2734375
42410,1.259765625,1.376953125,-0.302734375,-0.3125
42411,1.26953125,1.26953125,-0.234375,-0.21484375
42412,1.318359375,1.337890625,-0.17578125,-0.224609375
42413,1.34765625,1.26953125,-0.283203125,-0.29296875
42414,1.38671875,1.25,-0.2734375,-0.205078125
42415,1.25,1.2890625,-0.263671875,-0.3125
42416,1.240234375,1.2109375,-0.166015625,-0.283203125
42417,1.259765625,1.259765625,-0.21484375,-0.48828125
42418,1.240234375,1.30859375,-0.25390625,-0.3125
42419,1.318359375,1.298828125,-0.224609375,-0.37109375
42420,1.2890625,1.26953125,-0.1953125,-0.322265625
42421,1.220703125,1.26953125,-0.25390625,-0.3515625
42422,1.259765625,1.2109375,-0.244140625,-0.400390625
42423,1.19140625,1.318359375,-0.1953125,-0.263671875
42424,1.30859375,1.328125,-0.29296875,-0.37109375
42425,1.23046875,1.42578125,-0.224609375,-0.29296875
42426,1.259765625,1.337890625,-0.1953125,-0.17578125
42427,1.435546875,1.3671875,-0.17578125,-0.3125
42428,1.328125,1.23046875,-0.244140625,-0.341796875
42429,1.1328125,1.30859375,-0.341796875,-0.33203125
42430,1.298828125,1.2890625,-0.1953125,-0.41015625
42431,1.26953125,1.40625,-0.322265625,-0.37109375
42432,1.298828125,1.26953125,-0.205078125,-0.3515625
42433,1.2890625,1.298828125,-0.13671875,-0.576171875
42434,1.259765625,1.25,-0.3125,-0.341796875
42435,1.26953125,1.259765625,-0.234375,-0.33203125
42436,1.328125,1.259765625,-0.2734375,-0.390625
42437,1.318359375,1.30859375,-0.166015625,-0.390625
42438,1.318359375,1.298828125,-0.166015625,-0.166015625
42439,1.3671875,1.240234375,-0.244140625,-0.146484375
42440,1.220703125,1.171875,-0.078125,-0.380859375
42441,1.279296875,1.123046875,-0.244140625,-0.361328125
42442,1.240234375,1.298828125,-0.29296875,-0.5078125
42443,1.328125,1.19140625,-0.361328125,-0.29296875
42444,1.318359375,1.142578125,-0.1953125,-0.224609375
42445,1.25,1.298828125,-0.33203125,-0.380859375
42446,1.318359375,1.201171875,-0.25390625,-0.3515625
42447,1.25,1.42578125,-0.380859375,-0.244140625
42448,1.201171875,1.25,-0.341796875,-0.419921875
42449,1.26953125,1.240234375,-0.419921875,-0.33203125
42450,1.357421875,1.220703125,-0.25390625,-0.41015625
42451,1.25,1.240234375,-0.302734375,-0.33203125
42452,1.279296875,1.240234375,-0.33203125,-0.3515625
42453,1.337890625,1.181640625,-0.166015625,-0.3125
42454,1.240234375,1.240234375,-0.33203125,-0.3125
42455,1.240234375,1.337890625,-0.25390625,-0.244140625
42456,1.2890625,1.23046875,-0.068359375,-0.302734375
42457,1.23046875,1.318359375,-0.224609375,-0.390625
42458,1.337890625,1.279296875,-0.13671875,-0.263671875
42459,1.30859375,1.23046875,-0.37109375,-0.37109375
42460,1.181640625,1.220703125,-0.166015625,-0.439453125
42461,1.298828125,1.181640625,-0.185546875,-0.361328125
42462,1.2890625,1.279296875,-0.234375,-0.361328125
42463,1.25,1.30859375,-0.17578125,-0.33203125
42464,1.279296875,1.2109375,-0.2734375,-0.41015625
42465,1.240234375,1.357421875,-0.15625,-0.37109375
42466,1.2109375,1.2890625,-0.244140625,-0.33203125
42467,1.142578125,1.396484375,-0.263671875,-0.33203125
42468,1.142578125,1.19140625,-0.21484375,-0.341796875
42469,1.19140625,1.279296875,-0.302734375,-0.595703125
42470,1.162109375,1.1328125,-0.205078125,-0.302734375
42471,1.162109375,1.328125,-0.283203125,-0.33203125
42472,1.162109375,1.26953125,-0.341796875,-0.3515625
42473,1.26953125,1.23046875,-0.25390625,-0.44921875
42474,1.2109375,1.337890625,-0.263671875,-0.341796875
42475,1.25,1.162109375,-0.25390625,-0.3125
42476,1.181640625,1.19140625,-0.1953125,-0.283203125
42477,1.201171875,1.201171875,-0.166015625,-0.3515625
42478,1.171875,1.30859375,-0.234375,-0.41015625
42479,1.201171875,1.240234375,-0.322265625,-0.2734375
42480,1.15234375,1.298828125,-0.224609375,-0.390625
42481,1.181640625,1.123046875,-0.25390625,-0.25390625
42482,1.240234375,1.298828125,-0.361328125,-0.5078125
42483,1.171875,1.318359375,-0.283203125,-0.283203125
42484,1.201171875,1.328125,-0.41015625,-0.3515625
42485,1.23046875,1.142578125,-0.244140625,-0.341796875
42486,1.123046875,1.171875,-0.205078125,-0.380859375
42487,1.1328125,1.23046875,-0.185546875,-0.29296875
42488,1.0546875,1.23046875,-0.263671875,-0.4296875
42489,1.15234375,1.162109375,-0.244140625,-0.3515625
42490,1.15234375,1.171875,-0.283203125,-0.37109375
42491,1.142578125,1.15234375,-0.224609375,-0.263671875
42492,1.279296875,1.2109375,-0.17578125,-0.3515625
42493,1.2890625,1.142578125,-0.3515625,-0.556640625
42494,1.298828125,1.162109375,-0.2734375,-0.29296875
42495,1.259765625,1.103515625,-0.087890625,-0.3125
42496,1.259765625,1.07421875,-0.29296875,-0.263671875
42497,1.240234375,1.1328125,-0.322265625,-0.29296875
42498,1.23046875,1.201171875,-0.234375,-0.380859375
42499,1.240234375,1.083984375,-0.2734375,-0.5078125
42500,1.123046875,1.1328125,-0.29296875,-0.244140625
42501,1.220703125,1.1328125,-0.29296875,-0.341796875
42502,1.2890625,1.123046875,-0.380859375,-0.263671875
42503,1.416015625,1.123046875,-0.25390625,-0.3125
42504,1.3671875,1.11328125,-0.283203125,-0.341796875
42505,1.26953125,1.09375,-0.1953125,-0.283203125
42506,1.171875,1.123046875,-0.29296875,-0.25390625
42507,1.181640625,1.23046875,-0.3125,-0.33203125
42508,1.328125,1.07421875,-0.37109375,-0.322265625
42509,1.123046875,1.1328125,-0.2734375,-0.439453125
42510,1.19140625,1.15234375,-0.302734375,-0.37109375
42511,1.328125,1.2109375,-0.185546875,-0.4296875
42512,1.279296875,1.1328125,-0.17578125,-0.302734375
42513,1.123046875,1.318359375,-0.1953125,-0.361328125
42514,1.240234375,1.162109375,-0.234375,-0.390625
42515,1.26953125,1.07421875,-0.15625,-0.283203125
42516,1.298828125,1.0546875,-0.224609375,-0.3125
42517,1.240234375,1.103515625,-0.166015625,-0.380859375
42518,1.26953125,1.044921875,-0.17578125,-0.44921875
42519,1.318359375,1.083984375,-0.15625,-0.302734375
42520,1.46484375,1.03515625,-0.09765625,-0.361328125
42521,1.142578125,1.015625,-0.21484375,-0.419921875
42522,1.298828125,0.9765625,-0.185546875,-0.302734375
42523,1.25,1.03515625,-0.21484375,-0.41015625
42524,1.2109375,1.03515625,-0.244140625,-0.3125
42525,1.142578125,1.07421875,-0.1953125,-0.21484375
42526,1.19140625,1.1328125,-0.3515625,-0.37109375
42527,1.259765625,1.0546875,-0.21484375,-0.33203125
42528,1.30859375,1.083984375,-0.224609375,-0.2734375
42529,1.201171875,1.0546875,-0.29296875,-0.3515625
42530,1.171875,1.044921875,-0.283203125,-0.380859375
42531,1.1328125,1.09375,-0.205078125,-0.361328125
42532,1.15234375,0.95703125,-0.205078125,-0.302734375
42533,1.220703125,1.044921875,-0.224609375,-0.3125
42534,1.23046875,1.025390625,-0.2734375,-0.439453125
42535,1.2109375,1.09375,-0.390625,-0.3515625
42536,1.162109375,1.09375,-0.29296875,-0.390625
42537,1.171875,1.015625,-0.224609375,-0.283203125
42538,1.181640625,1.171875,-0.224609375,-0.37109375
42539,1.328125,1.083984375,-0.146484375,-0.302734375
42540,1.23046875,1.11328125,-0.25390625,-0.341796875
42541,1.162109375,1.181640625,-0.185546875,-0.322265625
42542,1.123046875,1.0546875,-0.224609375,-0.166015625
42543,1.19140625,1.044921875,-0.185546875,-0.302734375
42544,1.171875,1.0546875,-0.3125,-0.400390625
42545,1.259765625,1.07421875,-0.2734375,-0.1953125
42546,1.26953125,1.09375,-0.1953125,-0.244140625
42547,1.2109375,1.005859375,-0.146484375,-0.341796875
42548,1.162109375,1.005859375,-0.29296875,-0.322265625
42549,1.298828125,1.07421875,-0.21484375,-0.283203125
42550,1.240234375,0.986328125,-0.15625,-0.29296875
42551,1.181640625,1.07421875,-0.3125,-0.17578125
42552,1.181640625,1.0546875,-0.205078125,-0.4296875
42553,1.123046875,0.830078125,-0.21484375,-0.283203125
42554,1.181640625,1.025390625,-0.2734375,-0.234375
42555,1.181640625,1.0546875,-0.234375,-0.302734375
42556,1.19140625,1.015625,-0.234375,-0.341796875
42557,1.2109375,1.03515625,-0.1953125,-0.29296875
42558,1.142578125,1.015625,-0.33203125,-0.302734375
42559,1.259765625,1.09375,-0.29296875,-0.29296875
42560,1.15234375,1.015625,-0.380859375,-0.361328125
42561,1.2109375,0.986328125,-0.15625,-0.17578125
42562,1.220703125,1.015625,-0.283203125,-0.2734375
42563,1.25,0.888671875,-0.1953125,-0.244140625
42564,1.142578125,1.07421875,-0.224609375,-0.244140625
42565,1.171875,1.064453125,-0.33203125,-0.33203125
42566,1.2109375,1.0546875,-0.400390625,-0.244140625
42567,1.201171875,1.162109375,-0.185546875,-0.263671875
42568,1.1328125,1.07421875,-0.166015625,-0.29296875
42569,1.15234375,1.025390625,-0.078125,-0.3125
42570,1.23046875,1.0546875,-0.17578125,-0.3515625
42571,1.181640625,1.083984375,-0.205078125,-0.224609375
42572,1.259765625,1.083984375,-0.166015625,-0.25390625
42573,1.123046875,1.162109375,-0.21484375,-0.4296875
42574,1.2109375,1.142578125,-0.224609375,-0.2734375
42575,1.259765625,1.2890625,-0.205078125,-0.3515625
42576,1.09375,1.09375,-0.107421875,-0.263671875
42577,1.11328125,1.1328125,-0.078125,-0.25390625
42578,1.0546875,1.2109375,-0.283203125,-0.263671875
42579,1.083984375,1.123046875,-0.224609375,-0.3515625
42580,1.171875,1.2109375,-0.205078125,-0.29296875
42581,1.162109375,1.123046875,-0.234375,-0.341796875
42582,1.2109375,1.083984375,-0.33203125,-0.37109375
42583,1.201171875,1.259765625,-0.185546875,-0.341796875
42584,1.2109375,1.044921875,-0.33203125,-0.33203125
42585,1.162109375,1.083984375,-0.2734375,-0.322265625
42586,1.2109375,1.064453125,-0.234375,-0.302734375
42587,1.07421875,1.123046875,-0.322265625,-0.33203125
42588,1.123046875,1.123046875,-0.263671875,-0.224609375
42589,1.23046875,0.99609375,-0.302734375,-0.322265625
42590,1.15234375,1.0546875,-0.361328125,-0.283203125
42591,1.123046875,1.083984375,-0.205078125,-0.419921875
42592,1.15234375,1.103515625,-0.2734375,-0.3125
42593,1.064453125,0.947265625,-0.3515625,-0.322265625
42594,1.181640625,1.064453125,-0.361328125,-0.263671875
42595,1.201171875,1.083984375,-0.21484375,-0.283203125
42596,1.11328125,1.083984375,-0.263671875,-0.283203125
42597,1.11328125,1.142578125,-0.341796875,-0.3515625
42598,1.162109375,1.19140625,-0.21484375,-0.283203125
42599,1.220703125,1.103515625,-0.1953125,-0.283203125
42600,1.142578125,1.103515625,-0.205078125,-0.4296875
42601,1.142578125,1.07421875,-0.224609375,-0.263671875
42602,1.162109375,1.19140625,-0.29296875,-0.322265625
42603,1.19140625,1.1328125,-0.146484375,-0.33203125
42604,1.064453125,1.03515625,-0.263671875,-0.4296875
42605,1.30859375,1.123046875,-0.126953125,-0.29296875
42606,1.19140625,1.142578125,-0.185546875,-0.361328125
42607,1.103515625,1.142578125,-0.244140625,-0.166015625
42608,1.23046875,1.181640625,-0.205078125,-0.302734375
42609,1.259765625,1.09375,-0.263671875,-0.546875
42610,1.19140625,1.07421875,-0.17578125,-0.185546875
42611,1.201171875,1.044921875,-0.15625,-0.283203125
42612,1.240234375,1.064453125,-0.21484375,-0.322265625
42613,1.25,1.07421875,-0.244140625,-0.2734375
42614,1.3671875,1.07421875,-0.205078125,-0.3125
42615,1.201171875,1.064453125,-0.3125,-0.302734375
42616,1.181640625,1.083984375,-0.13671875,-0.33203125
42617,1.162109375,1.044921875,-0.126953125,-0.25390625
42618,1.181640625,1.09375,-0.29296875,-0.263671875
42619,1.162109375,1.103515625,-0.17578125,-0.17578125
42620,1.142578125,1.11328125,-0.17578125,-0.244140625
42621,1.171875,1.30859375,-0.068359375,-0.3125
42622,1.142578125,1.07421875,-0.234375,-0.09765625
42623,1.083984375,1.1328125,-0.09765625,-0.263671875
42624,1.171875,1.15234375,-0.3125,-0.234375
42625,1.103515625,1.025390625,-0.322265625,-0.33203125
42626,1.2109375,1.181640625,-0.244140625,-0.263671875
42627,1.2109375,1.1328125,-0.361328125,-0.205078125
42628,1.220703125,1.083984375,-0.21484375,-0.3125
42629,1.279296875,1.044921875,-0.224609375,-0.234375
42630,1.142578125,1.181640625,-0.3125,-0.244140625
42631,1.240234375,1.083984375,-0.205078125,-0.17578125
42632,1.279296875,1.2109375,-0.21484375,-0.283203125
42633,1.298828125,1.103515625,-0.224609375,-0.361328125
42634,1.23046875,1.0546875,-0.25390625,-0.244140625
42635,1.26953125,0.87890625,-0.166015625,-0.21484375
42636,1.201171875,1.1328125,-0.15625,-0.1953125
42637,1.26953125,1.07421875,-0.205078125,-0.224609375
42638,1.38671875,1.083984375,-0.244140625,-0.283203125
42639,1.240234375,0.947265625,-0.244140625,-0.3125
42640,1.2890625,1.11328125,-0.146484375,-0.302734375
42641,1.23046875,1.201171875,-0.205078125,-0.341796875
42642,1.171875,1.103515625,-0.126953125,-0.146484375
42643,1.23046875,1.11328125,-0.234375,-0.205078125
42644,1.2109375,1.123046875,-0.224609375,-0.29296875
42645,1.142578125,1.1328125,-0.263671875,-0.283203125
42646,1.09375,1.044921875,-0.234375,-0.302734375
42647,1.044921875,1.1328125,-0.244140625,-0.244140625
42648,1.083984375,1.162109375,-0.234375,-0.25390625
42649,1.103515625,1.11328125,-0.205078125,-0.283203125
42650,1.328125,1.064453125,-0.322265625,-0.2734375
42651,1.171875,1.15234375,-0.361328125,-0.302734375
42652,1.171875,1.083984375,-0.25390625,-0.224609375
42653,1.220703125,1.07421875,-0.25390625,-0.283203125
42654,1.162109375,1.318359375,-0.21484375,-0.234375
42655,1.220703125,1.142578125,-0.166015625,-0.17578125
42656,1.23046875,1.1328125,-0.25390625,-0.15625
42657,1.23046875,1.171875,-0.380859375,-0.25390625
42658,1.19140625,1.11328125,-0.3515625,-0.439453125
42659,1.171875,1.083984375,-0.263671875,-0.25390625
42660,1.162109375,1.142578125,-0.166015625,-0.185546875
42661,1.09375,1.123046875,-0.2734375,-0.17578125
42662,1.201171875,1.083984375,-0.25390625,-0.1953125
42663,1.171875,1.171875,-0.2734375,-0.21484375
42664,1.2890625,1.0546875,-0.361328125,-0.361328125
42665,1.25,1.123046875,-0.33203125,-0.185546875
42666,1.25,1.09375,-0.361328125,-0.263671875
42667,1.162109375,1.201171875,-0.25390625,-0.263671875
42668,1.298828125,1.09375,-0.146484375,-0.1953125
42669,1.259765625,1.142578125,-0.2734375,-0.302734375
42670,1.25,1.328125,-0.2734375,-0.439453125
42671,1.26953125,1.083984375,-0.29296875,-0.05859375
42672,1.25,1.044921875,-0.302734375,-0.15625
42673,1.19140625,1.044921875,-0.302734375,-0.302734375
42674,1.259765625,1.11328125,-0.2734375,-0.078125
42675,1.181640625,1.123046875,-0.25390625,-0.244140625
42676,1.201171875,1.123046875,-0.322265625,-0.224609375
42677,1.142578125,1.064453125,-0.263671875,-0.185546875
42678,1.26953125,1.11328125,-0.244140625,-0.234375
42679,1.181640625,1.07421875,-0.1171875,-0.263671875
42680,1.162109375,1.09375,-0.21484375,-0.33203125
42681,1.171875,1.09375,-0.25390625,-0.25390625
42682,1.1328125,1.083984375,-0.400390625,-0.166015625
42683,1.15234375,1.103515625,-0.15625,-0.15625
42684,1.162109375,1.220703125,-0.224609375,-0.234375
42685,1.171875,1.142578125,-0.1171875,-0.2734375
42686,1.2109375,1.2109375,-0.263671875,-0.3515625
42687,1.123046875,1.201171875,-0.234375,-0.205078125
42688,1.162109375,1.123046875,-0.15625,-0.29296875
42689,1.1328125,1.162109375,-0.17578125,-0.1171875
42690,1.142578125,1.25,-0.205078125,-0.234375
42691,1.11328125,1.26953125,-0.21484375,-0.1953125
42692,1.11328125,1.1328125,-0.1953125,-0.361328125
42693,1.201171875,1.25,-0.224609375,-0.21484375
42694,1.1328125,1.083984375,-0.244140625,-0.29296875
42695,1.142578125,1.220703125,-0.185546875,-0.1953125
42696,1.19140625,1.09375,-0.25390625,-0.1171875
42697,1.0546875,1.259765625,-0.244140625,-0.234375
42698,1.1328125,1.15234375,-0.17578125,-0.263671875
42699,1.162109375,1.103515625,-0.244140625,-0.244140625
42700,1.201171875,1.201171875,-0.283203125,-0.166015625
42701,1.171875,1.15234375,-0.21484375,-0.37109375
42702,1.298828125,1.005859375,-0.205078125,-0.3125
42703,1.142578125,1.142578125,-0.322265625,-0.41015625
42704,1.19140625,1.171875,-0.283203125,-0.09765625
42705,1.220703125,1.123046875,-0.244140625,-0.25390625
42706,1.142578125,1.23046875,-0.322265625,-0.33203125
42707,1.162109375,1.2109375,-0.17578125,-0.361328125
42708,1.25,0.91796875,-0.29296875,-0.458984375
42709,1.162109375,1.220703125,-0.322265625,-0.283203125
42710,1.337890625,1.162109375,-0.29296875,-0.380859375
42711,1.19140625,1.11328125,-0.224609375,-0.263671875
42712,1.171875,1.240234375,-0.302734375,-0.2734375
42713,1.2109375,1.201171875,-0.2734375,-0.380859375
42714,1.19140625,1.15234375,-0.25390625,-0.4296875
42715,1.298828125,1.171875,-0.205078125,-0.302734375
42716,1.123046875,1.181640625,-0.322265625,-0.341796875
42717,1.240234375,1.259765625,-0.17578125,-0.37109375
42718,1.19140625,1.25,-0.390625,-0.29296875
42719,1.19140625,1.201171875,-0.33203125,-0.166015625
42720,1.2109375,1.2109375,-0.25390625,-0.2734375
42721,1.162109375,1.298828125,-0.205078125,-0.234375
42722,1.171875,1.2109375,-0.146484375,-0.302734375
42723,1.1328125,1.15234375,-0.146484375,-0.146484375
42724,1.220703125,1.328125,-0.13671875,-0.322265625
42725,1.23046875,1.259765625,-0.107421875,-0.3125
42726,1.11328125,1.328125,-0.09765625,-0.224609375
42727,1.240234375,1.171875,-0.25390625,-0.263671875
42728,1.26953125,1.19140625,-0.263671875,-0.1953125
42729,1.25,1.162109375,-0.146484375,-0.458984375
42730,1.171875,1.19140625,-0.17578125,-0.29296875
42731,1.30859375,1.2109375,-0.146484375,-0.205078125
42732,1.298828125,1.220703125,-0.146484375,-0.126953125
42733,1.26953125,1.201171875,-0.29296875,-0.263671875
42734,1.279296875,1.171875,-0.107421875,-0.234375
42735,1.26953125,1.15234375,-0.2734375,-0.224609375
42736,1.298828125,1.220703125,-0.234375,-0.322265625
42737,1.26953125,1.1328125,-0.17578125,-0.302734375
42738,1.23046875,1.240234375,-0.283203125,-0.234375
42739,1.23046875,1.201171875,-0.126953125,-0.263671875
42740,1.2109375,1.240234375,-0.263671875,-0.25390625
42741,1.220703125,1.26953125,-0.224609375,-0.341796875
42742,1.357421875,1.171875,-0.234375,-0.244140625
42743,1.240234375,1.25,-0.107421875,-0.25390625
42744,1.064453125,1.23046875,-0.244140625,-0.390625
42745,1.09375,1.2890625,-0.185546875,-0.302734375
42746,1.1328125,1.240234375,-0.302734375,-0.283203125
42747,1.083984375,1.171875,-0.185546875,-0.244140625
42748,1.025390625,1.279296875,-0.234375,-0.263671875
42749,1.15234375,1.3671875,-0.166015625,-0.400390625
42750,1.123046875,1.240234375,-0.146484375,-0.244140625
42751,1.201171875,1.09375,-0.2734375,-0.25390625
42752,1.171875,1.171875,-0.166015625,-0.29296875
42753,1.171875,1.142578125,-0.205078125,-0.341796875
42754,1.09375,1.240234375,-0.234375,-0.234375
42755,1.11328125,1.337890625,-0.205078125,-0.29296875
42756,1.23046875,1.279296875,-0.17578125,-0.263671875
42757,1.26953125,1.376953125,-0.185546875,-0.2734375
42758,1.19140625,1.201171875,-0.1171875,-0.234375
42759,1.279296875,1.181640625,-0.146484375,-0.341796875
42760,1.23046875,1.279296875,-0.2734375,-0.29296875
42761,1.1328125,1.181640625,-0.322265625,-0.263671875
42762,1.15234375,1.25,-0.224609375,-0.283203125
42763,1.201171875,1.34765625,-0.25390625,-0.146484375
42764,1.201171875,1.259765625,-0.166015625,-0.3515625
42765,1.220703125,1.171875,-0.263671875,-0.29296875
42766,1.025390625,1.171875,-0.283203125,-0.224609375
42767,1.25,1.23046875,-0.33203125,-0.283203125
42768,1.2109375,1.15234375,-0.146484375,-0.21484375
42769,1.298828125,1.162109375,-0.1953125,-0.322265625
42770,1.240234375,1.11328125,-0.1953125,-0.283203125
42771,1.240234375,1.240234375,-0.390625,-0.46875
42772,1.26953125,1.220703125,-0.244140625,-0.25390625
42773,1.25,1.30859375,-0.46875,-0.322265625
42774,1.1328125,1.162109375,-0.263671875,-0.390625
42775,1.19140625,1.162109375,-0.283203125,-0.283203125
42776,1.26953125,1.064453125,-0.17578125,-0.341796875
42777,1.201171875,1.318359375,-0.244140625,-0.25390625
42778,1.181640625,1.240234375,-0.341796875,-0.263671875
42779,1.11328125,1.318359375,-0.205078125,-0.380859375
42780,1.142578125,1.2109375,-0.21484375,-0.56640625
42781,1.181640625,1.23046875,-0.244140625,-0.21484375
42782,1.181640625,1.19140625,-0.37109375,-0.283203125
42783,1.171875,1.181640625,-0.068359375,-0.29296875
42784,1.25,1.25,-0.263671875,-0.2734375
42785,1.123046875,1.142578125,-0.302734375,-0.2734375
42786,1.23046875,1.201171875,-0.283203125,-0.341796875
42787,1.181640625,1.171875,-0.302734375,-0.341796875
42788,1.181640625,1.26953125,-0.37109375,-0.302734375
42789,1.171875,1.162109375,-0.322265625,-0.25390625
42790,1.2109375,1.220703125,-0.185546875,-0.2734375
42791,1.2109375,1.259765625,-0.2734375,-0.283203125
42792,1.259765625,1.201171875,-0.283203125,-0.380859375
42793,1.1328125,1.25,-0.25390625,-0.33203125
42794,1.19140625,1.23046875,-0.21484375,-0.341796875
42795,1.26953125,1.279296875,-0.2734375,-0.146484375
42796,1.23046875,1.220703125,-0.29296875,-0.3125
42797,1.2109375,1.0546875,-0.263671875,-0.29296875
42798,1.181640625,1.26953125,-0.234375,-0.37109375
42799,1.318359375,1.26953125,-0.25390625,-0.224609375
42800,1.318359375,1.240234375,-0.302734375,-0.322265625
42801,1.26953125,1.220703125,-0.29296875,-0.283203125
42802,1.2890625,1.23046875,-0.21484375,-0.244140625
42803,1.26953125,1.03515625,-0.2734375,-0.21484375
42804,1.2890625,1.435546875,-0.400390625,-0.322265625
42805,1.23046875,1.259765625,-0.2734375,-0.263671875
42806,1.220703125,1.298828125,-0.361328125,-0.29296875
42807,1.240234375,1.279296875,-0.244140625,-0.361328125
42808,1.337890625,1.201171875,-0.322265625,-0.478515625
42809,1.220703125,1.25,-0.17578125,-0.361328125
42810,1.298828125,1.11328125,-0.33203125,-0.361328125
42811,1.26953125,1.19140625,-0.3125,-0.283203125
42812,1.357421875,1.38671875,-0.302734375,-0.283203125
42813,1.2890625,1.42578125,-0.283203125,-0.224609375
42814,1.2109375,1.2890625,-0.341796875,-0.25390625
42815,1.2890625,1.5234375,-0.322265625,-0.390625
42816,1.26953125,1.26953125,-0.322265625,-0.3125
42817,1.220703125,1.25,-0.2734375,-0.185546875
42818,1.337890625,1.19140625,-0.21484375,-0.322265625
42819,1.328125,1.38671875,-0.205078125,-0.29296875
42820,1.30859375,1.23046875,-0.205078125,-0.166015625
42821,1.30859375,1.40625,-0.1953125,-0.33203125
42822,1.240234375,1.220703125,-0.3125,-0.322265625
42823,1.259765625,1.279296875,-0.224609375,-0.283203125
42824,1.328125,1.26953125,-0.224609375,-0.380859375
42825,1.328125,1.3671875,-0.224609375,-0.341796875
42826,1.337890625,1.259765625,-0.234375,-0.2734375
42827,1.376953125,1.279296875,-0.234375,-0.3125
42828,1.34765625,1.083984375,-0.244140625,-0.25390625
42829,1.298828125,1.25,-0.205078125,-0.341796875
42830,1.259765625,1.34765625,-0.37109375,-0.25390625
42831,1.357421875,1.2890625,-0.341796875,-0.3125
42832,1.34765625,1.26953125,-0.3125,-0.17578125
42833,1.2890625,1.044921875,-0.224609375,-0.341796875
42834,1.26953125,1.201171875,-0.21484375,-0.380859375
42835,1.259765625,1.259765625,-0.224609375,-0.380859375
42836,1.220703125,1.298828125,-0.224609375,-0.400390625
42837,1.26953125,1.201171875,-0.205078125,-0.400390625
42838,1.337890625,1.357421875,-0.244140625,-0.60546875
42839,1.298828125,1.337890625,-0.25390625,-0.3515625
42840,1.357421875,1.40625,-0.2734375,-0.439453125
42841,1.318359375,1.2890625,-0.1953125,-0.439453125
42842,1.318359375,1.19140625,-0.25390625,-0.302734375
42843,1.34765625,1.279296875,-0.341796875,-0.322265625
42844,1.240234375,1.25,-0.244140625,-0.37109375
42845,1.4453125,1.357421875,-0.234375,-0.546875
42846,1.416015625,1.34765625,-0.224609375,-0.458984375
42847,1.3671875,1.328125,-0.21484375,-0.419921875
42848,1.38671875,1.3671875,-0.205078125,-0.361328125
42849,1.34765625,1.328125,-0.361328125,-0.3515625
42850,1.298828125,1.357421875,-0.17578125,-0.283203125
42851,1.30859375,1.2890625,-0.224609375,-0.400390625
42852,1.328125,1.357421875,-0.21484375,-0.3125
42853,1.357421875,1.328125,-0.166015625,-0.302734375
42854,1.240234375,1.328125,-0.205078125,-0.3125
42855,1.2890625,1.2109375,-0.33203125,-0.3125
42856,1.259765625,1.25,-0.1953125,-0.390625
42857,1.142578125,1.19140625,-0.25390625,-0.283203125
42858,1.23046875,1.2890625,-0.263671875,-0.2734375
42859,1.279296875,1.26953125,-0.234375,-0.322265625
42860,1.30859375,1.201171875,-0.25390625,-0.205078125
42861,1.357421875,1.298828125,-0.224609375,-0.283203125
42862,1.2890625,1.240234375,-0.25390625,-0.234375
42863,1.259765625,1.25,-0.048828125,-0.44921875
42864,1.181640625,1.318359375,-0.322265625,-0.341796875
42865,1.240234375,1.30859375,-0.205078125,-0.458984375
42866,1.171875,1.279296875,-0.25390625,-0.29296875
42867,1.328125,1.279296875,-0.17578125,-0.400390625
42868,1.19140625,1.23046875,-0.29296875,-0.400390625
42869,1.259765625,1.25,-0.234375,-0.517578125
42870,1.044921875,1.435546875,-0.25390625,-0.3515625
42871,1.201171875,1.220703125,-0.341796875,-0.341796875
42872,1.279296875,1.30859375,-0.1953125,-0.3125
42873,1.26953125,1.240234375,-0.17578125,-0.400390625
42874,1.240234375,1.259765625,-0.234375,-0.2734375
42875,1.23046875,1.201171875,-0.302734375,-0.29296875
42876,1.25,1.298828125,-0.244140625,-0.4296875
42877,1.259765625,1.2890625,-0.15625,-0.361328125
42878,1.328125,1.2890625,-0.361328125,-0.341796875
42879,1.19140625,1.162109375,-0.283203125,-0.361328125
42880,1.220703125,1.162109375,-0.41015625,-0.37109375
42881,1.2109375,1.2109375,-0.302734375,-0.283203125
42882,1.328125,1.357421875,-0.234375,-0.390625
42883,1.240234375,1.23046875,-0.380859375,-0.41015625
42884,1.23046875,1.171875,-0.4296875,-0.64453125
42885,1.162109375,1.279296875,-0.185546875,-0.341796875
42886,1.142578125,1.123046875,-0.234375,-0.46875
42887,1.0546875,1.162109375,-0.341796875,-0.41015625
42888,1.142578125,1.103515625,-0.224609375,-0.390625
42889,1.1328125,1.083984375,-0.263671875,-0.29296875
42890,1.2890625,1.259765625,-0.234375,-0.25390625
42891,1.240234375,1.240234375,-0.166015625,-0.322265625
42892,1.181640625,1.42578125,-0.33203125,-0.33203125
42893,1.318359375,1.259765625,-0.224609375,-0.244140625
42894,1.357421875,1.25,-0.283203125,-0.3125
42895,1.171875,1.201171875,-0.244140625,-0.3515625
42896,1.19140625,1.2109375,-0.244140625,-0.2734375
42897,1.201171875,1.044921875,-0.283203125,-0.439453125
42898,1.2890625,0.986328125,-0.2734375,-0.361328125
42899,1.123046875,1.201171875,-0.29296875,-0.419921875
42900,1.19140625,1.240234375,-0.224609375,-0.400390625
42901,1.25,1.201171875,-0.263671875,-0.3515625
42902,1.1328125,1.181640625,-0.1953125,-0.322265625
42903,1.162109375,1.19140625,-0.25390625,-0.44921875
42904,1.19140625,1.396484375,-0.21484375,-0.390625
42905,1.25,1.220703125,-0.17578125,-0.41015625
42906,1.162109375,1.240234375,-0.2734375,-0.361328125
42907,1.34765625,1.1328125,-0.13671875,-0.380859375
42908,1.142578125,1.064453125,-0.224609375,-0.205078125
42909,1.181640625,1.23046875,-0.3515625,-0.458984375
42910,1.240234375,0.986328125,-0.361328125,-0.322265625
42911,1.25,1.23046875,-0.33203125,-0.166015625
42912,1.2109375,1.2109375,-0.205078125,-0.205078125
42913,1.2109375,1.318359375,-0.3515625,-0.33203125
42914,1.259765625,1.25,-0.3125,-0.29296875
42915,1.25,1.181640625,-0.185546875,-0.46875
42916,1.23046875,1.103515625,-0.087890625,-0.3515625
42917,1.259765625,1.240234375,-0.234375,-0.439453125
42918,1.25,1.240234375,-0.17578125,-0.25390625
42919,1.30859375,1.220703125,-0.205078125,-0.390625
42920,1.240234375,1.30859375,-0.25390625,-0.419921875
42921,1.23046875,1.11328125,-0.224609375,-0.361328125
42922,1.279296875,1.09375,-0.15625,-0.322265625
42923,1.220703125,1.064453125,-0.09765625,-0.3515625
42924,1.19140625,1.15234375,-0.146484375,-0.380859375
42925,1.376953125,1.2109375,-0.1171875,-0.322265625
42926,1.26953125,1.083984375,-0.185546875,-0.37109375
42927,1.2109375,1.09375,-0.166015625,-0.3515625
42928,1.279296875,1.123046875,-0.3125,-0.380859375
42929,1.337890625,1.0546875,-0.2734375,-0.29296875
42930,1.30859375,1.07421875,-0.15625,-0.21484375
42931,1.42578125,0.99609375,-0.25390625,-0.4296875
42932,1.318359375,0.87890625,-0.29296875,-0.302734375
42933,1.2890625,1.09375,-0.244140625,-0.478515625
42934,1.201171875,1.064453125,-0.341796875,-0.400390625
42935,1.30859375,1.083984375,-0.283203125,-0.322265625
42936,1.30859375,1.07421875,-0.17578125,-0.390625
42937,1.19140625,1.23046875,-0.283203125,-0.302734375
42938,1.240234375,1.1328125,-0.2734375,-0.41015625
42939,1.23046875,1.1328125,-0.263671875,-0.283203125
42940,1.1328125,1.103515625,-0.283203125,-0.29296875
42941,1.259765625,1.171875,-0.205078125,-0.3515625
42942,1.2890625,1.064453125,-0.244140625,-0.3125
42943,1.318359375,1.015625,-0.234375,-0.283203125
42944,1.279296875,1.142578125,-0.322265625,-0.37109375
42945,1.279296875,1.103515625,-0.25390625,-0.380859375
42946,1.279296875,1.220703125,-0.263671875,-0.3515625
42947,1.181640625,1.103515625,-0.15625,-0.302734375
42948,1.083984375,1.142578125,-0.205078125,-0.439453125
42949,1.083984375,1.15234375,-0.17578125,-0.37109375
42950,1.142578125,1.07421875,-0.263671875,-0.390625
42951,1.279296875,1.005859375,-0.185546875,-0.498046875
42952,1.162109375,1.03515625,-0.166015625,-0.341796875
42953,1.2109375,1.015625,-0.2734375,-0.33203125
42954,1.25,1.044921875,-0.15625,-0.068359375
42955,1.23046875,1.044921875,-0.283203125,-0.25390625
42956,1.2109375,1.09375,-0.283203125,-0.302734375
42957,1.2109375,1.005859375,-0.302734375,-0.400390625
42958,1.03515625,0.927734375,-0.283203125,-0.263671875
42959,1.181640625,1.15234375,-0.15625,-0.29296875
42960,1.26953125,1.044921875,-0.25390625,-0.107421875
42961,1.19140625,1.083984375,-0.244140625,-0.283203125
42962,1.25,1.015625,-0.361328125,-0.29296875
42963,1.220703125,1.03515625,-0.25390625,-0.3515625
42964,1.162109375,1.064453125,-0.1953125,-0.234375
42965,1.259765625,1.09375,-0.146484375,-0.33203125
42966,1.2109375,1.0546875,-0.25390625,-0.419921875
42967,1.181640625,1.181640625,-0.205078125,-0.185546875
42968,1.19140625,1.1328125,-0.146484375,-0.283203125
42969,1.2890625,0.986328125,-0.244140625,-0.2734375
42970,1.25,1.025390625,-0.15625,-0.380859375
42971,1.23046875,1.07421875,-0.2734375,-0.302734375
42972,1.19140625,1.083984375,-0.126953125,-0.322265625
42973,1.259765625,1.07421875,-0.244140625,-0.556640625
42974,1.240234375,1.005859375,-0.283203125,-0.3125
42975,1.23046875,1.044921875,-0.283203125,-0.283203125
42976,1.23046875,1.07421875,-0.21484375,-0.44921875
42977,1.162109375,1.162109375,-0.21484375,-0.283203125
42978,1.220703125,1.015625,-0.224609375,-0.3515625
42979,1.19140625,1.09375,-0.25390625,-0.21484375
42980,1.220703125,1.15234375,-0.25390625,-0.29296875
42981,1.181640625,0.95703125,-0.126953125,-0.390625
42982,1.171875,1.0546875,-0.244140625,-0.283203125
42983,1.162109375,0.986328125,-0.146484375,-0.3515625
42984,1.181640625,1.025390625,-0.263671875,-0.185546875
42985,1.2109375,1.09375,-0.15625,-0.068359375
42986,1.2890625,1.015625,-0.244140625,-0.302734375
42987,1.162109375,1.064453125,-0.283203125,-0.37109375
42988,1.25,1.103515625,-0.224609375,-0.419921875
42989,1.26953125,1.064453125,-0.1953125,-0.37109375
42990,1.181640625,1.0546875,-0.1953125,-0.48828125
42991,1.162109375,1.083984375,-0.234375,-0.546875
42992,1.162109375,0.888671875,-0.263671875,-0.33203125
42993,1.201171875,1.0546875,-0.21484375,-0.3515625
42994,1.337890625,1.005859375,-0.21484375,-0.400390625
42995,1.30859375,1.083984375,-0.205078125,-0.3125
42996,1.279296875,1.015625,-0.224609375,-0.390625
42997,1.259765625,1.07421875,-0.224609375,-0.21484375
42998,1.2109375,1.005859375,-0.234375,-0.37109375
42999,1.15234375,0.91796875,-0.224609375,-0.263671875
43000,1.318359375,1.015625,-0.3515625,-0.283203125
43001,1.1328125,1.201171875,-0.224609375,-0.3125
43002,1.23046875,1.064453125,-0.205078125,-0.44921875
43003,1.2890625,0.9375,-0.29296875,-0.4296875
43004,1.240234375,1.15234375,-0.205078125,-0.3515625
43005,1.220703125,1.2109375,-0.283203125,-0.234375
43006,1.240234375,1.123046875,-0.21484375,-0.126953125
43007,1.142578125,1.083984375,-0.166015625,-0.3125
43008,1.201171875,1.064453125,-0.3125,-0.302734375
43009,1.1328125,1.064453125,-0.2734375,-0.33203125
43010,1.0546875,1.064453125,-0.2734375,-0.3125
43011,1.162109375,0.966796875,-0.302734375,-0.3125
43012,1.181640625,1.005859375,-0.244140625,-0.322265625
43013,1.201171875,1.064453125,-0.21484375,-0.263671875
43014,1.279296875,1.025390625,-0.41015625,-0.37109375
43015,1.220703125,1.07421875,-0.390625,-0.283203125
43016,1.220703125,1.07421875,-0.263671875,-0.283203125
43017,1.1328125,1.09375,-0.3125,-0.400390625
43018,1.103515625,1.07421875,-0.263671875,-0.283203125
43019,1.25,1.07421875,-0.205078125,-0.2734375
43020,1.19140625,1.259765625,-0.29296875,-0.25390625
43021,1.3671875,1.103515625,-0.263671875,-0.46875
43022,1.171875,1.025390625,-0.224609375,-0.302734375
43023,1.171875,1.123046875,-0.322265625,-0.390625
43024,1.201171875,1.044921875,-0.25390625,-0.25390625
43025,1.220703125,1.15234375,-0.126953125,-0.400390625
43026,1.1328125,1.09375,-0.341796875,-0.263671875
43027,1.171875,1.123046875,-0.283203125,-0.29296875
43028,1.220703125,1.142578125,-0.1953125,-0.29296875
43029,1.201171875,1.09375,-0.185546875,-0.283203125
43030,1.201171875,1.181640625,-0.1953125,-0.37109375
43031,1.162109375,1.064453125,-0.224609375,-0.263671875
43032,1.142578125,1.123046875,-0.09765625,-0.3125
43033,1.2109375,1.064453125,-0.244140625,-0.25390625
43034,1.201171875,1.0546875,-0.1953125,-0.25390625
43035,1.15234375,1.123046875,-0.107421875,-0.263671875
43036,1.279296875,1.11328125,-0.185546875,-0.37109375
43037,1.11328125,1.142578125,-0.21484375,-0.458984375
43038,1.220703125,1.142578125,-0.166015625,-0.33203125
43039,1.240234375,1.005859375,-0.068359375,-0.263671875
43040,1.15234375,1.083984375,-0.17578125,-0.498046875
43041,1.279296875,1.025390625,-0.234375,-0.25390625
43042,1.26953125,1.064453125,-0.244140625,-0.3125
43043,1.25,1.0546875,-0.17578125,-0.2734375
43044,1.25,1.083984375,-0.2734375,-0.25390625
43045,1.23046875,1.07421875,-0.15625,-0.29296875
43046,1.171875,1.09375,-0.17578125,-0.078125
43047,1.328125,1.0546875,-0.234375,-0.244140625
43048,1.2109375,1.064453125,-0.1953125,-0.302734375
43049,1.171875,1.083984375,-0.244140625,-0.205078125
43050,1.171875,1.064453125,-0.390625,-0.29296875
43051,1.220703125,1.083984375,-0.21484375,-0.25390625
43052,1.162109375,1.1328125,-0.283203125,-0.21484375
43053,1.142578125,1.07421875,-0.263671875,-0.263671875
43054,1.171875,0.966796875,-0.263671875,-0.33203125
43055,1.220703125,1.025390625,-0.17578125,-0.3125
43056,1.171875,1.201171875,-0.205078125,-0.205078125
43057,1.15234375,1.025390625,-0.1953125,-0.2734375
43058,1.171875,1.1328125,-0.234375,-0.17578125
43059,1.123046875,1.123046875,-0.205078125,-0.244140625
43060,1.181640625,1.142578125,-0.2734375,-0.224609375
43061,1.015625,1.064453125,-0.234375,-0.380859375
43062,1.19140625,1.2109375,-0.15625,-0.322265625
43063,1.181640625,1.15234375,-0.15625,-0.21484375
43064,1.23046875,1.11328125,-0.17578125,-0.244140625
43065,1.123046875,1.07421875,-0.107421875,-0.224609375
43066,1.171875,1.1328125,-0.185546875,-0.263671875
43067,1.220703125,1.123046875,-0.21484375,-0.224609375
43068,1.2109375,1.103515625,-0.244140625,-0.263671875
43069,1.181640625,1.015625,-0.244140625,-0.185546875
43070,1.201171875,1.123046875,-0.1953125,-0.4296875
43071,1.123046875,1.025390625,-0.1953125,-0.21484375
43072,1.2109375,1.07421875,-0.234375,-0.244140625
43073,1.220703125,1.09375,-0.21484375,-0.25390625
43074,1.23046875,1.23046875,-0.263671875,-0.234375
43075,1.279296875,0.9765625,-0.13671875,-0.2734375
43076,1.23046875,1.142578125,-0.322265625,-0.341796875
43077,1.23046875,1.142578125,-0.244140625,-0.2734375
43078,1.2109375,1.15234375,-0.322265625,-0.205078125
43079,1.15234375,1.2109375,-0.146484375,-0.263671875
43080,1.220703125,1.181640625,-0.302734375,-0.205078125
43081,1.2109375,1.083984375,-0.390625,-0.322265625
43082,1.25,1.171875,-0.341796875,-0.390625
43083,1.064453125,1.25,-0.244140625,-0.25390625
43084,1.15234375,1.162109375,-0.166015625,-0.263671875
43085,1.181640625,1.11328125,-0.3515625,-0.25390625
43086,1.25,1.15234375,-0.37109375,-0.244140625
43087,1.171875,1.0546875,-0.33203125,-0.13671875
43088,1.142578125,1.181640625,-0.283203125,-0.283203125
43089,1.240234375,1.103515625,-0.146484375,-0.3125
43090,1.201171875,1.15234375,-0.3515625,-0.234375
43091,1.2109375,1.07421875,-0.322265625,-0.29296875
43092,1.34765625,1.064453125,-0.33203125,-0.21484375
43093,1.2109375,1.11328125,-0.400390625,-0.224609375
43094,1.201171875,1.19140625,-0.263671875,-0.2734375
43095,1.181640625,1.123046875,-0.283203125,-0.21484375
43096,1.240234375,1.03515625,-0.3125,-0.21484375
43097,1.259765625,1.142578125,-0.244140625,0.146484375
43098,1.181640625,1.123046875,-0.322265625,-0.205078125
43099,1.1328125,1.23046875,-0.302734375,-0.25390625
43100,1.15234375,1.15234375,-0.37109375,-0.341796875
43101,1.240234375,1.103515625,-0.3125,-0.1953125
43102,1.220703125,1.1328125,-0.234375,-0.244140625
43103,1.15234375,1.11328125,-0.400390625,-0.3125
43104,1.123046875,1.1328125,-0.33203125,-0.1953125
43105,1.181640625,1.15234375,-0.234375,-0.21484375
43106,1.09375,1.044921875,-0.361328125,-0.234375
43107,1.171875,1.09375,-0.263671875,-0.1171875
43108,1.19140625,1.064453125,-0.380859375,-0.234375
43109,1.2109375,1.162109375,-0.224609375,-0.224609375
43110,1.15234375,1.123046875,-0.263671875,-0.37109375
43111,1.181640625,1.123046875,-0.21484375,-0.244140625
43112,1.103515625,1.025390625,-0.078125,-0.17578125
43113,1.103515625,1.11328125,-0.146484375,-0.17578125
43114,1.103515625,1.2890625,-0.283203125,-0.21484375
43115,1.1328125,1.09375,-0.1171875,-0.205078125
43116,1.123046875,1.07421875,-0.185546875,-0.2734375
43117,1.240234375,1.171875,-0.25390625,-0.25390625
43118,1.357421875,1.005859375,-0.13671875,-0.244140625
43119,1.1328125,1.220703125,-0.224609375,-0.205078125
43120,1.025390625,1.19140625,-0.21484375,-0.283203125
43121,1.09375,1.201171875,-0.1171875,-0.205078125
43122,1.123046875,1.103515625,-0.17578125,-0.33203125
43123,1.064453125,1.15234375,-0.1171875,-0.234375
43124,1.15234375,1.0546875,-0.322265625,-0.283203125
43125,1.142578125,1.1328125,-0.244140625,-0.283203125
43126,0.99609375,1.123046875,-0.166015625,-0.244140625
43127,1.123046875,1.064453125,-0.33203125,-0.25390625
43128,1.103515625,1.083984375,-0.2734375,-0.234375
43129,1.1328125,1.09375,-0.25390625,-0.263671875
43130,1.181640625,0.91796875,-0.244140625,-0.146484375
43131,1.25,1.11328125,-0.2734375,-0.263671875
43132,1.23046875,1.15234375,-0.2734375,-0.244140625
43133,1.201171875,1.19140625,-0.224609375,-0.146484375
43134,1.2109375,1.201171875,-0.224609375,-0.2734375
43135,1.259765625,1.025390625,-0.25390625,-0.263671875
43136,1.19140625,1.11328125,-0.107421875,-0.29296875
43137,1.1328125,1.083984375,-0.244140625,-0.205078125
43138,1.181640625,1.07421875,-0.234375,-0.283203125
43139,1.25,1.103515625,-0.17578125,-0.244140625
43140,1.2109375,1.142578125,-0.13671875,-0.185546875
43141,1.23046875,1.162109375,-0.2734375,-0.2734375
43142,1.083984375,1.162109375,-0.17578125,-0.25390625
43143,1.201171875,1.1328125,-0.2734375,-0.244140625
43144,1.171875,1.220703125,-0.224609375,-0.322265625
43145,1.142578125,1.26953125,-0.2734375,-0.244140625
43146,1.279296875,1.240234375,-0.166015625,-0.21484375
43147,1.1328125,1.19140625,-0.302734375,-0.29296875
43148,1.142578125,1.103515625,-0.25390625,-0.341796875
43149,1.19140625,1.19140625,-0.17578125,-0.4296875
43150,1.15234375,1.142578125,-0.17578125,-0.234375
43151,1.171875,1.162109375,-0.25390625,-0.29296875
43152,1.1328125,1.11328125,-0.205078125,-0.29296875
43153,1.2109375,1.220703125,-0.166015625,-0.29296875
43154,1.26953125,1.11328125,-0.185546875,-0.29296875
43155,1.2109375,1.171875,-0.263671875,-0.205078125
43156,1.15234375,1.162109375,-0.205078125,-0.33203125
43157,1.25,1.11328125,-0.283203125,-0.2734375
43158,1.19140625,1.23046875,-0.185546875,-0.224609375
43159,1.2890625,1.25,-0.185546875,-0.25390625
43160,1.259765625,1.19140625,-0.21484375,-0.234375
43161,1.30859375,1.23046875,-0.322265625,-0.29296875
43162,1.25,1.2109375,-0.1953125,-0.224609375
43163,1.123046875,1.09375,-0.361328125,-0.244140625
43164,1.220703125,1.240234375,-0.17578125,-0.341796875
43165,1.09375,1.259765625,-0.29296875,-0.419921875
43166,1.26953125,1.15234375,-0.263671875,-0.263671875
43167,1.181640625,1.220703125,-0.244140625,-0.234375
43168,1.2109375,1.19140625,-0.263671875,-0.322265625
43169,1.171875,1.2109375,-0.17578125,-0.224609375
43170,1.23046875,1.123046875,-0.244140625,-0.263671875
43171,1.240234375,1.2109375,-0.17578125,-0.234375
43172,1.162109375,1.201171875,-0.21484375,-0.302734375
43173,1.162109375,1.240234375,-0.205078125,-0.322265625
43174,1.201171875,1.240234375,-0.3125,-0.224609375
43175,1.201171875,1.3671875,-0.166015625,-0.234375
43176,1.162109375,1.318359375,-0.263671875,-0.283203125
43177,1.1328125,1.2890625,-0.283203125,-0.3125
43178,1.240234375,1.103515625,-0.244140625,-0.29296875
43179,1.25,1.26953125,-0.390625,-0.3515625
43180,1.357421875,1.26953125,-0.25390625,-0.244140625
43181,1.123046875,1.1328125,-0.244140625,-0.263671875
43182,1.2109375,1.103515625,-0.302734375,-0.283203125
43183,1.03515625,1.25,-0.283203125,-0.205078125
43184,1.09375,1.25,-0.302734375,-0.322265625
43185,1.26953125,1.220703125,-0.21484375,-0.21484375
43186,1.103515625,1.142578125,-0.283203125,-0.37109375
43187,1.201171875,1.1328125,-0.234375,-0.3515625
43188,1.279296875,1.1328125,-0.224609375,-0.283203125
43189,1.240234375,1.220703125,-0.166015625,-0.2734375
43190,1.19140625,1.220703125,-0.1953125,-0.361328125
43191,1.19140625,1.201171875,-0.25390625,-0.205078125
43192,1.123046875,1.25,-0.126953125,-0.2734375
43193,1.11328125,1.15234375,-0.263671875,-0.2734375
43194,1.181640625,1.15234375,-0.29296875,-0.25390625
43195,1.15234375,1.19140625,-0.322265625,-0.341796875
43196,1.162109375,1.19140625,-0.33203125,-0.244140625
43197,1.19140625,1.201171875,-0.224609375,-0.3125
43198,1.2890625,1.220703125,-0.263671875,-0.322265625
43199,1.279296875,1.26953125,-0.263671875,-0.2734375
43200,1.30859375,1.1328125,-0.33203125,-0.3125
43201,1.201171875,1.181640625,-0.1953125,-0.4296875
43202,1.1328125,1.1328125,-0.25390625,-0.322265625
43203,1.162109375,1.240234375,-0.17578125,-0.185546875
43204,1.19140625,1.240234375,-0.234375,-0.25390625
43205,1.19140625,1.25,-0.302734375,-0.5078125
43206,1.2109375,1.201171875,-0.2734375,-0.3125
43207,1.201171875,1.201171875,-0.29296875,-0.185546875
43208,1.25,1.23046875,-0.234375,-0.3125
43209,1.171875,1.2109375,-0.087890625,-0.283203125
43210,1.220703125,1.25,-0.380859375,-0.263671875
43211,1.2109375,1.19140625,-0.283203125,-0.1171875
43212,1.298828125,1.09375,-0.3125,-0.3125
43213,1.26953125,1.2109375,-0.302734375,-0.400390625
43214,1.25,1.181640625,-0.21484375,-0.3125
43215,1.25,1.171875,-0.205078125,-0.341796875
43216,1.181640625,1.142578125,-0.33203125,-0.380859375
43217,1.259765625,1.201171875,-0.33203125,-0.263671875
43218,1.259765625,1.2890625,-0.37109375,-0.263671875
43219,1.220703125,1.201171875,-0.205078125,-0.29296875
43220,1.240234375,1.171875,-0.234375,-0.302734375
43221,1.142578125,1.123046875,-0.224609375,-0.322265625
43222,1.19140625,1.19140625,-0.244140625,-0.205078125
43223,1.103515625,1.26953125,-0.224609375,-0.224609375
43224,1.19140625,1.19140625,-0.2734375,-0.302734375
43225,1.162109375,1.2890625,-0.33203125,-0.400390625
43226,1.240234375,1.23046875,-0.244140625,-0.400390625
43227,1.279296875,1.220703125,-0.244140625,-0.3125
43228,1.26953125,1.26953125,-0.29296875,-0.380859375
43229,1.34765625,1.26953125,-0.25390625,-0.341796875
43230,1.201171875,1.328125,-0.283203125,-0.3515625
43231,1.240234375,1.064453125,-0.1953125,-0.419921875
43232,1.337890625,1.123046875,-0.29296875,-0.29296875
43233,1.337890625,1.23046875,-0.341796875,-0.3125
43234,1.328125,1.03515625,-0.185546875,-0.361328125
43235,1.30859375,1.23046875,-0.1953125,-0.29296875
43236,1.26953125,1.0546875,-0.283203125,-0.341796875
43237,1.298828125,1.328125,-0.205078125,-0.400390625
43238,1.259765625,1.2890625,-0.283203125,-0.2734375
43239,1.26953125,1.220703125,-0.283203125,-0.29296875
43240,1.328125,1.240234375,-0.478515625,-0.33203125
43241,1.40625,1.171875,-0.33203125,-0.37109375
43242,1.34765625,1.162109375,-0.2734375,-0.302734375
43243,1.298828125,1.328125,-0.322265625,-0.33203125
43244,1.2890625,1.240234375,-0.29296875,-0.33203125
43245,1.19140625,1.337890625,-0.29296875,-0.2734375
43246,1.42578125,1.26953125,-0.263671875,-0.390625
43247,1.455078125,1.298828125,-0.361328125,-0.556640625
43248,1.50390625,1.2109375,-0.13671875,-0.33203125
43249,1.279296875,1.298828125,-0.185546875,-0.341796875
43250,1.298828125,1.201171875,-0.17578125,-0.25390625
43251,1.357421875,1.26953125,-0.146484375,-0.224609375
43252,1.30859375,1.171875,-0.09765625,-0.29296875
43253,1.2890625,1.23046875,-0.1953125,-0.341796875
43254,1.3671875,1.279296875,-0.21484375,-0.390625
43255,1.376953125,1.46484375,-0.166015625,-0.29296875
43256,1.240234375,1.26953125,-0.33203125,-0.400390625
43257,1.298828125,1.30859375,-0.13671875,-0.283203125
43258,1.279296875,1.240234375,-0.263671875,-0.341796875
43259,1.259765625,1.09375,-0.17578125,-0.302734375
43260,1.30859375,1.38671875,-0.33203125,-0.263671875
43261,1.34765625,1.23046875,-0.1953125,-0.302734375
43262,1.2109375,1.259765625,-0.380859375,-0.3125
43263,1.357421875,1.220703125,-0.390625,-0.341796875
43264,1.259765625,1.123046875,-0.302734375,-0.302734375
43265,1.240234375,1.318359375,-0.400390625,-0.3515625
43266,1.181640625,1.240234375,-0.185546875,-0.390625
43267,1.25,1.23046875,-0.341796875,-0.3515625
43268,1.25,1.220703125,-0.29296875,-0.341796875
43269,1.357421875,1.26953125,-0.2734375,-0.537109375
43270,1.279296875,1.220703125,-0.322265625,-0.33203125
43271,1.46484375,1.30859375,-0.283203125,-0.2734375
43272,1.279296875,1.25,-0.263671875,-0.361328125
43273,1.396484375,1.30859375,-0.244140625,-0.361328125
43274,1.26953125,1.357421875,-0.400390625,-0.33203125
43275,1.416015625,1.279296875,-0.15625,-0.234375
43276,1.30859375,1.337890625,-0.1953125,-0.3515625
43277,1.34765625,1.240234375,-0.078125,-0.3515625
43278,1.2890625,1.162109375,-0.185546875,-0.244140625
43279,1.3671875,1.181640625,-0.13671875,-0.361328125
43280,1.30859375,1.34765625,-0.166015625,-0.341796875
43281,1.30859375,1.240234375,-0.15625,-0.3515625
43282,1.46484375,1.23046875,-0.263671875,-0.3125
43283,1.19140625,1.25,-0.33203125,-0.322265625
43284,1.201171875,1.23046875,-0.126953125,-0.33203125
43285,1.259765625,1.240234375,-0.21484375,-0.341796875
43286,1.25,1.23046875,-0.3125,-0.29296875
43287,1.25,1.181640625,-0.2734375,-0.3515625
43288,1.220703125,1.064453125,-0.17578125,-0.3515625
43289,1.298828125,1.15234375,-0.21484375,-0.41015625
43290,1.26953125,1.298828125,-0.322265625,-0.37109375
43291,1.2890625,1.11328125,-0.322265625,-0.37109375
43292,1.318359375,1.1328125,-0.205078125,-0.224609375
43293,1.2109375,1.19140625,-0.2734375,-0.37109375
43294,1.259765625,1.15234375,-0.29296875,-0.361328125
43295,1.2890625,1.11328125,-0.302734375,-0.361328125
43296,1.2109375,1.181640625,-0.361328125,-0.205078125
43297,1.19140625,1.23046875,-0.2734375,-0.283203125
43298,1.26953125,1.298828125,-0.205078125,-0.33203125
43299,1.2109375,1.19140625,-0.283203125,-0.166015625
43300,1.201171875,1.0546875,-0.263671875,-0.37109375
43301,1.220703125,1.25,-0.46875,-0.244140625
43302,1.23046875,1.171875,-0.244140625,-0.25390625
43303,1.259765625,1.328125,-0.37109375,-0.322265625
43304,1.240234375,1.34765625,-0.29296875,-0.2734375
43305,1.201171875,1.181640625,-0.283203125,-0.400390625
43306,1.240234375,1.2890625,-0.185546875,-0.37109375
43307,1.171875,1.23046875,-0.283203125,-0.3125
43308,1.09375,1.240234375,-0.2734375,-0.302734375
43309,1.25,1.2109375,-0.263671875,-0.400390625
43310,1.259765625,1.26953125,-0.29296875,-0.390625
43311,1.181640625,1.220703125,-0.283203125,-0.46875
43312,1.15234375,1.142578125,-0.263671875,-0.44921875
43313,1.201171875,1.2890625,-0.244140625,-0.390625
43314,1.259765625,1.240234375,-0.244140625,-0.380859375
43315,1.2890625,1.201171875,-0.29296875,-0.458984375
43316,1.259765625,1.40625,-0.3125,-0.33203125
43317,1.064453125,1.337890625,-0.37109375,-0.3125
43318,1.279296875,1.19140625,-0.3125,-0.361328125
43319,1.259765625,1.201171875,-0.341796875,-0.4296875
43320,1.201171875,1.279296875,-0.21484375,-0.33203125
43321,1.318359375,1.240234375,-0.302734375,-0.3515625
43322,1.279296875,1.25,-0.25390625,-0.37109375
43323,1.279296875,1.19140625,-0.322265625,-0.498046875
43324,1.220703125,1.19140625,-0.2734375,-0.380859375
43325,1.19140625,1.3671875,-0.29296875,-0.41015625
43326,1.142578125,1.2890625,-0.302734375,-0.478515625
43327,1.25,1.26953125,-0.224609375,-0.419921875
43328,1.26953125,1.2109375,-0.146484375,-0.361328125
43329,1.201171875,1.19140625,-0.166015625,-0.537109375
43330,1.103515625,1.201171875,-0.224609375,-0.37109375
43331,1.083984375,1.15234375,-0.322265625,-0.458984375
43332,1.162109375,1.259765625,-0.400390625,-0.52734375
43333,1.240234375,1.19140625,-0.205078125,-0.419921875
43334,1.162109375,1.11328125,-0.185546875,-0.46875
43335,1.279296875,1.2109375,-0.3125,-0.3515625
43336,1.25,1.220703125,-0.283203125,-0.546875
43337,1.044921875,1.357421875,-0.2734375,-0.458984375
43338,1.181640625,1.103515625,-0.25390625,-0.48828125
43339,1.240234375,1.171875,-0.263671875,-0.322265625
43340,1.201171875,1.171875,-0.25390625,-0.41015625
43341,1.259765625,1.1328125,-0.37109375,-0.341796875
43342,1.240234375,1.15234375,-0.25390625,-0.3515625
43343,1.171875,1.328125,-0.166015625,-0.302734375
43344,1.25,1.201171875,-0.3125,-0.302734375
43345,1.123046875,1.11328125,-0.1953125,-0.3125
43346,1.298828125,1.15234375,-0.234375,-0.380859375
43347,1.103515625,1.123046875,-0.17578125,-0.3125
43348,1.181640625,1.2109375,-0.283203125,-0.41015625
43349,1.240234375,1.07421875,-0.15625,-0.33203125
43350,1.298828125,1.259765625,-0.21484375,-0.25390625
43351,1.123046875,1.181640625,-0.205078125,-0.400390625
43352,1.259765625,1.259765625,-0.1953125,-0.37109375
43353,1.279296875,1.337890625,-0.13671875,-0.263671875
43354,1.259765625,1.123046875,-0.322265625,-0.498046875
43355,1.279296875,1.201171875,-0.1953125,-0.390625
43356,1.25,1.064453125,-0.009765625,-0.439453125
43357,1.2109375,1.103515625,-0.185546875,-0.3515625
43358,1.19140625,1.083984375,-0.244140625,-0.439453125
43359,1.279296875,1.181640625,-0.087890625,-0.3515625
43360,1.240234375,1.171875,-0.17578125,-0.458984375
43361,1.26953125,1.07421875,-0.234375,-0.33203125
43362,1.279296875,1.09375,-0.3125,-0.29296875
43363,1.298828125,1.11328125,-0.244140625,-0.283203125
43364,1.2890625,1.083984375,-0.2734375,-0.341796875
43365,1.26953125,1.15234375,-0.322265625,-0.380859375
43366,1.2109375,1.025390625,-0.3125,-0.41015625
43367,1.09375,1.23046875,-0.322265625,-0.44921875
43368,1.171875,0.95703125,-0.302734375,-0.37109375
43369,1.298828125,1.064453125,-0.33203125,-0.37109375
43370,1.240234375,1.083984375,-0.185546875,-0.380859375
43371,1.142578125,1.025390625,-0.263671875,-0.4296875
43372,1.19140625,1.103515625,-0.2734375,-0.419921875
43373,1.201171875,1.025390625,-0.166015625,-0.33203125
43374,1.181640625,1.064453125,-0.205078125,-0.361328125
43375,1.2109375,1.11328125,-0.1953125,-0.52734375
43376,1.26953125,1.03515625,-0.244140625,-0.37109375
43377,1.25,1.1328125,-0.33203125,-0.380859375
43378,1.171875,1.09375,-0.234375,-0.4296875
43379,1.142578125,1.09375,-0.205078125,-0.263671875
43380,1.25,1.015625,-0.283203125,-0.37109375
43381,1.181640625,1.083984375,-0.224609375,-0.3125
43382,1.201171875,0.9765625,-0.21484375,-0.2734375
43383,1.11328125,1.142578125,-0.166015625,-0.400390625
43384,1.19140625,1.0546875,-0.1953125,-0.322265625
43385,1.171875,1.083984375,-0.1953125,-0.3515625
43386,1.23046875,1.103515625,-0.234375,-0.361328125
43387,1.162109375,1.103515625,-0.126953125,-0.224609375
43388,1.19140625,1.064453125,-0.244140625,-0.478515625
43389,1.23046875,1.279296875,-0.166015625,-0.33203125
43390,1.123046875,1.0546875,-0.263671875,-0.390625
43391,1.19140625,1.083984375,-0.13671875,-0.46875
43392,1.142578125,1.03515625,-0.205078125,-0.341796875
43393,1.1328125,0.9375,-0.185546875,-0.478515625
43394,1.220703125,1.09375,-0.1171875,-0.244140625
43395,1.2890625,1.142578125,-0.2734375,-0.3515625
43396,1.201171875,1.015625,-0.13671875,-0.078125
43397,1.220703125,1.015625,-0.1953125,-0.29296875
43398,1.23046875,1.03515625,-0.166015625,-0.29296875
43399,1.201171875,1.03515625,-0.283203125,-0.3125
43400,1.162109375,1.0546875,-0.263671875,-0.400390625
43401,1.15234375,1.025390625,-0.263671875,-0.283203125
43402,1.328125,1.09375,-0.205078125,-0.341796875
43403,1.181640625,0.986328125,-0.244140625,-0.48828125
43404,1.123046875,0.91796875,-0.234375,-0.361328125
43405,1.23046875,1.025390625,-0.302734375,-0.2734375
43406,1.142578125,1.0546875,-0.234375,-0.458984375
43407,1.220703125,0.9765625,-0.341796875,-0.3515625
43408,1.220703125,1.07421875,-0.302734375,-0.322265625
43409,1.240234375,1.07421875,-0.322265625,-0.458984375
43410,1.123046875,1.064453125,-0.21484375,-0.37109375
43411,1.15234375,1.09375,-0.185546875,-0.37109375
43412,1.2109375,1.025390625,-0.263671875,-0.33203125
43413,1.259765625,1.015625,-0.17578125,-0.380859375
43414,1.162109375,0.9765625,-0.25390625,-0.341796875
43415,1.15234375,0.99609375,-0.244140625,-0.341796875
43416,1.11328125,1.064453125,-0.17578125,-0.341796875
43417,1.259765625,1.015625,-0.185546875,-0.380859375
43418,1.279296875,1.064453125,-0.205078125,-0.29296875
43419,1.1328125,1.025390625,-0.13671875,-0.283203125
43420,1.11328125,1.07421875,-0.2734375,-0.29296875
43421,1.162109375,1.044921875,-0.234375,-0.37109375
43422,1.2890625,0.99609375,-0.166015625,-0.25390625
43423,1.259765625,1.025390625,-0.283203125,-0.283203125
43424,1.298828125,1.11328125,-0.1953125,-0.41015625
43425,1.201171875,1.03515625,-0.146484375,-0.29296875
43426,1.15234375,1.044921875,-0.2734375,-0.29296875
43427,1.259765625,1.0546875,-0.185546875,-0.361328125
43428,1.2109375,1.11328125,-0.205078125,-0.263671875
43429,1.25,1.23046875,-0.146484375,-0.33203125
43430,1.25,1.025390625,-0.185546875,-0.25390625
43431,1.11328125,1.19140625,-0.244140625,-0.244140625
43432,1.171875,1.015625,-0.1171875,-0.361328125
43433,1.25,1.015625,-0.13671875,-0.25390625
43434,1.171875,1.025390625,-0.17578125,-0.37109375
43435,1.2109375,0.9765625,-0.244140625,-0.33203125
43436,1.279296875,1.025390625,-0.234375,-0.380859375
43437,1.142578125,0.99609375,-0.205078125,-0.361328125
43438,1.181640625,1.19140625,-0.361328125,-0.341796875
43439,1.15234375,1.005859375,-0.234375,-0.244140625
43440,1.171875,1.025390625,-0.185546875,-0.2734375
43441,1.181640625,0.908203125,-0.185546875,-0.341796875
43442,1.15234375,1.083984375,-0.048828125,-0.2734375
43443,1.1328125,1.1328125,-0.3515625,-0.3125
43444,1.2109375,1.11328125,-0.1953125,-0.390625
43445,1.09375,1.103515625,-0.205078125,-0.361328125
43446,1.298828125,1.015625,-0.224609375,-0.341796875
43447,1.1328125,1.044921875,-0.234375,-0.361328125
43448,1.19140625,1.083984375,-0.25390625,-0.4296875
43449,1.103515625,1.181640625,-0.244140625,-0.361328125
43450,1.279296875,1.07421875,-0.390625,-0.283203125
43451,1.2109375,1.005859375,-0.244140625,-0.341796875
43452,1.09375,1.1328125,-0.234375,-0.29296875
43453,1.181640625,1.09375,-0.205078125,-0.322265625
43454,1.171875,1.0546875,-0.205078125,-0.419921875
43455,1.171875,1.123046875,-0.17578125,-0.302734375
43456,1.142578125,1.025390625,-0.224609375,-0.21484375
43457,1.201171875,1.083984375,-0.234375,-0.185546875
43458,1.181640625,1.11328125,-0.107421875,-0.390625
43459,1.201171875,1.0546875,-0.2734375,-0.29296875
43460,1.181640625,1.03515625,-0.224609375,-0.185546875
43461,1.15234375,1.103515625,-0.146484375,-0.224609375
43462,1.19140625,1.09375,-0.185546875,-0.33203125
43463,1.23046875,1.09375,-0.25390625,-0.25390625
43464,1.240234375,1.07421875,-0.146484375,-0.37109375
43465,1.259765625,1.044921875,-0.13671875,-0.283203125
43466,1.171875,1.025390625,-0.185546875,-0.390625
43467,1.123046875,1.142578125,-0.224609375,-0.21484375
43468,1.15234375,1.123046875,-0.234375,-0.29296875
43469,1.181640625,1.03515625,-0.244140625,-0.37109375
43470,1.09375,1.123046875,-0.17578125,-0.1171875
43471,1.0546875,1.005859375,-0.146484375,-0.3125
43472,1.19140625,1.083984375,-0.1953125,-0.205078125
43473,1.11328125,1.025390625,-0.17578125,-0.29296875
43474,1.201171875,1.005859375,-0.224609375,-0.341796875
43475,1.298828125,1.142578125,-0.244140625,-0.341796875
43476,1.19140625,1.1328125,-0.283203125,-0.48828125
43477,1.240234375,1.181640625,-0.185546875,-0.25390625
43478,1.11328125,1.162109375,-0.21484375,-0.283203125
43479,1.123046875,1.142578125,-0.15625,-0.37109375
43480,1.103515625,1.201171875,-0.234375,-0.25390625
43481,1.123046875,1.181640625,-0.380859375,-0.3125
43482,1.083984375,1.083984375,-0.17578125,-0.44921875
43483,1.15234375,1.025390625,-0.185546875,-0.33203125
43484,1.025390625,1.552734375,-0.224609375,-0.341796875
43485,1.0546875,1.201171875,-0.244140625,-0.234375
43486,1.1328125,1.005859375,-0.185546875,-0.3125
43487,1.083984375,0.9765625,-0.185546875,-0.3125
43488,1.1328125,1.201171875,-0.1953125,-0.302734375
43489,1.15234375,1.162109375,-0.21484375,-0.09765625
43490,1.07421875,1.083984375,-0.302734375,-0.234375
43491,1.064453125,1.11328125,-0.234375,-0.390625
43492,1.083984375,1.103515625,-0.166015625,-0.21484375
43493,1.1328125,1.015625,-0.283203125,-0.29296875
43494,1.162109375,1.19140625,-0.17578125,-0.3125
43495,1.201171875,1.123046875,-0.205078125,-0.29296875
43496,1.181640625,1.1328125,-0.244140625,-0.244140625
43497,1.19140625,1.07421875,-0.2734375,-0.13671875
43498,1.142578125,1.015625,-0.224609375,-0.21484375
43499,1.181640625,1.0546875,-0.263671875,-0.21484375
43500,1.240234375,1.11328125,-0.2734375,-0.09765625
43501,1.220703125,1.07421875,-0.25390625,-0.29296875
43502,1.171875,1.162109375,-0.17578125,-0.244140625
43503,1.171875,1.15234375,-0.244140625,-0.2734375
43504,1.23046875,1.1328125,-0.3125,-0.33203125
43505,1.19140625,1.484375,-0.146484375,-0.33203125
43506,1.123046875,1.162109375,-0.234375,-0.283203125
43507,1.220703125,1.044921875,-0.283203125,-0.1953125
43508,1.19140625,0.9765625,-0.341796875,-0.205078125
43509,1.11328125,1.123046875,-0.224609375,-0.400390625
43510,1.220703125,1.07421875,-0.263671875,-0.2734375
43511,1.19140625,1.328125,-0.1953125,-0.2734375
43512,1.123046875,1.064453125,-0.390625,-0.3125
43513,1.220703125,1.11328125,-0.33203125,-0.439453125
43514,1.201171875,1.005859375,-0.3125,-0.244140625
43515,1.15234375,0.947265625,-0.380859375,-0.263671875
43516,1.171875,1.123046875,-0.33203125,-0.341796875
43517,1.259765625,1.07421875,-0.419921875,-0.234375
43518,1.15234375,1.083984375,-0.41015625,-0.1953125
43519,1.142578125,1.11328125,-0.37109375,-0.263671875
43520,1.0546875,1.201171875,-0.234375,-0.21484375
43521,1.1328125,1.11328125,-0.3125,-0.302734375
43522,1.1328125,1.11328125,-0.322265625,-0.60546875
43523,1.19140625,1.103515625,-0.205078125,-0.205078125
43524,1.11328125,1.142578125,-0.146484375,-0.33203125
43525,1.19140625,1.064453125,-0.234375,-0.3515625
43526,1.005859375,1.11328125,-0.25390625,-0.283203125
43527,1.162109375,1.0546875,-0.185546875,-0.302734375
43528,1.15234375,1.09375,-0.205078125,-0.380859375
43529,1.25,1.064453125,-0.302734375,-0.2734375
43530,1.279296875,1.09375,-0.263671875,-0.263671875
43531,1.15234375,1.07421875,-0.234375,-0.33203125
43532,1.220703125,1.26953125,-0.205078125,-0.234375
43533,1.103515625,0.99609375,-0.3125,-0.25390625
43534,1.11328125,1.162109375,-0.263671875,-0.2734375
43535,1.171875,1.064453125,-0.234375,-0.21484375
43536,1.15234375,1.181640625,-0.263671875,-0.244140625
43537,1.09375,1.123046875,-0.322265625,-0.029296875
43538,1.005859375,1.1328125,-0.1953125,-0.1953125
43539,1.162109375,1.11328125,-0.1171875,-0.244140625
43540,1.2109375,1.123046875,-0.205078125,-0.15625
43541,1.083984375,1.171875,-0.078125,-0.185546875
43542,1.1328125,1.181640625,-0.244140625,-0.224609375
43543,1.07421875,1.142578125,-0.234375,-0.2734375
43544,1.03515625,1.15234375,-0.146484375,-0.17578125
43545,1.142578125,1.123046875,-0.17578125,-0.21484375
43546,1.0546875,1.044921875,-0.263671875,-0.166015625
43547,0.72265625,0.927734375,-0.21484375,-0.224609375
43548,1.103515625,1.259765625,-0.224609375,-0.263671875
43549,1.220703125,1.0546875,-0.1953125,-0.498046875
43550,1.15234375,1.26953125,-0.166015625,-0.234375
43551,1.240234375,1.162109375,-0.185546875,-0.2734375
43552,1.23046875,1.201171875,-0.166015625,-0.234375
43553,1.03515625,1.142578125,-0.302734375,-0.234375
43554,1.09375,1.2109375,-0.1953125,-0.244140625
43555,1.19140625,1.181640625,-0.283203125,-0.234375
43556,1.19140625,1.083984375,-0.1953125,-0.185546875
43557,1.19140625,1.103515625,-0.234375,-0.2734375
43558,1.103515625,1.2109375,-0.205078125,-0.1953125
43559,1.142578125,1.1328125,-0.185546875,-0.263671875
43560,1.1328125,1.220703125,-0.224609375,-0.283203125
43561,1.162109375,1.064453125,-0.17578125,-0.29296875
43562,1.19140625,1.259765625,-0.283203125,-0.25390625
43563,1.19140625,1.494140625,-0.224609375,-0.2734375
43564,1.1328125,1.19140625,-0.244140625,-0.3515625
43565,1.240234375,0.986328125,-0.263671875,-0.224609375
43566,1.240234375,1.23046875,-0.2734375,-0.185546875
43567,1.25,1.181640625,-0.224609375,-0.302734375
43568,1.201171875,1.2109375,-0.1953125,-0.21484375
43569,1.201171875,1.0546875,-0.185546875,-0.234375
43570,1.201171875,1.23046875,-0.13671875,-0.3515625
43571,1.25,1.23046875,-0.302734375,-0.478515625
43572,1.201171875,1.162109375,-0.2734375,-0.21484375
43573,1.201171875,1.103515625,-0.322265625,-0.33203125
43574,1.30859375,1.1328125,-0.263671875,-0.087890625
43575,1.2109375,1.40625,-0.234375,-0.185546875
43576,1.23046875,1.201171875,-0.2734375,-0.244140625
43577,1.142578125,1.142578125,-0.1953125,-0.185546875
43578,1.23046875,1.240234375,-0.302734375,-0.234375
43579,1.1328125,1.11328125,-0.244140625,-0.224609375
43580,1.103515625,1.162109375,-0.29296875,-0.29296875
43581,1.142578125,1.2890625,-0.234375,-0.244140625
43582,1.19140625,1.201171875,-0.224609375,-0.185546875
43583,1.15234375,1.23046875,-0.21484375,-0.302734375
43584,1.201171875,1.328125,-0.263671875,-0.224609375
43585,1.171875,1.240234375,-0.05859375,-0.244140625
43586,1.142578125,1.19140625,-0.25390625,-0.224609375
43587,1.201171875,1.162109375,-0.224609375,-0.2734375
43588,1.142578125,1.064453125,-0.302734375,-0.224609375
43589,1.2109375,1.09375,-0.146484375,-0.29296875
43590,1.1328125,1.34765625,-0.263671875,-0.2734375
43591,1.181640625,1.259765625,-0.17578125,-0.439453125
43592,1.123046875,1.162109375,-0.1953125,-0.3125
43593,1.181640625,1.23046875,-0.341796875,-0.37109375
43594,1.19140625,1.171875,-0.234375,-0.37109375
43595,1.15234375,1.220703125,-0.283203125,-0.29296875
43596,1.337890625,1.396484375,-0.302734375,-0.283203125
43597,1.162109375,1.328125,-0.2734375,-0.25390625
43598,1.171875,1.2890625,-0.302734375,-0.263671875
43599,1.2890625,1.279296875,-0.21484375,-0.283203125
43600,1.1328125,1.328125,-0.224609375,-0.283203125
43601,1.19140625,1.240234375,-0.2734375,-0.41015625
43602,1.15234375,1.220703125,-0.21484375,-0.21484375
43603,1.1328125,1.26953125,-0.244140625,-0.322265625
43604,1.201171875,1.2890625,-0.25390625,-0.322265625
43605,1.2109375,1.181640625,-0.21484375,-0.302734375
43606,1.2109375,1.005859375,-0.234375,-0.29296875
43607,1.201171875,1.337890625,-0.439453125,-0.21484375
43608,1.279296875,1.3671875,-0.25390625,-0.33203125
43609,1.25,1.123046875,-0.126953125,-0.302734375
43610,1.201171875,1.201171875,-0.244140625,-0.263671875
43611,1.220703125,1.2109375,-0.263671875,-0.244140625
43612,1.162109375,1.181640625,-0.224609375,-0.302734375
43613,1.2109375,1.23046875,-0.263671875,-0.263671875
43614,1.19140625,1.201171875,-0.185546875,-0.33203125
43615,1.1328125,1.26953125,-0.087890625,-0.322265625
43616,1.201171875,1.34765625,-0.185546875,-0.224609375
43617,1.2109375,1.328125,-0.185546875,-0.341796875
43618,1.142578125,1.337890625,-0.244140625,-0.244140625
43619,1.142578125,1.19140625,-0.3515625,-0.3125
43620,1.162109375,1.23046875,-0.322265625,-0.185546875
43621,1.171875,1.142578125,-0.33203125,-0.283203125
43622,1.220703125,1.201171875,-0.2734375,-0.25390625
43623,1.123046875,1.2109375,-0.283203125,-0.17578125
43624,1.259765625,1.25,-0.29296875,-0.25390625
43625,1.171875,1.162109375,-0.283203125,-0.263671875
43626,1.123046875,1.171875,-0.25390625,-0.3515625
43627,1.171875,1.30859375,-0.2734375,-0.263671875
43628,1.201171875,1.23046875,-0.09765625,-0.498046875
43629,1.171875,1.201171875,-0.244140625,-0.21484375
43630,1.201171875,1.240234375,-0.2734375,-0.33203125
43631,1.07421875,1.181640625,-0.3515625,-0.419921875
43632,1.23046875,1.220703125,-0.2734375,-0.44921875
43633,1.26953125,1.11328125,-0.244140625,-0.244140625
43634,1.181640625,1.07421875,-0.185546875,-0.29296875
43635,1.1328125,1.15234375,-0.29296875,-0.361328125
43636,1.19140625,1.11328125,-0.21484375,-0.3515625
43637,1.142578125,1.142578125,-0.3125,-0.37109375
43638,1.03515625,1.2109375,-0.25390625,-0.625
43639,1.171875,1.25,-0.2734375,-0.263671875
43640,1.123046875,1.240234375,-0.4296875,-0.341796875
43641,1.2109375,1.201171875,-0.283203125,-0.2734375
43642,1.2109375,1.181640625,-0.263671875,-0.283203125
43643,1.23046875,1.15234375,-0.302734375,-0.2734375
43644,1.298828125,1.240234375,-0.166015625,-0.322265625
43645,1.23046875,1.142578125,-0.2734375,-0.37109375
43646,1.201171875,1.07421875,-0.263671875,-0.234375
43647,1.2890625,1.220703125,-0.29296875,-0.3515625
43648,1.162109375,1.19140625,-0.29296875,-0.322265625
43649,1.201171875,1.240234375,-0.146484375,-0.21484375
43650,1.240234375,1.357421875,-0.21484375,-0.380859375
43651,1.083984375,1.2109375,-0.244140625,-0.29296875
43652,1.181640625,1.23046875,-0.263671875,-0.33203125
43653,1.15234375,1.240234375,-0.263671875,-0.3515625
43654,1.23046875,1.201171875,-0.244140625,-0.400390625
43655,1.171875,1.25,-0.283203125,-0.3515625
43656,1.181640625,1.23046875,-0.244140625,-0.29296875
43657,1.181640625,1.181640625,-0.224609375,-0.322265625
43658,1.181640625,1.337890625,-0.25390625,-0.322265625
43659,1.2890625,1.1328125,-0.244140625,-0.29296875
43660,1.220703125,1.34765625,-0.234375,-0.341796875
43661,1.34765625,1.23046875,-0.400390625,-0.3125
43662,1.220703125,1.2890625,-0.224609375,-0.224609375
43663,1.357421875,1.26953125,1.220703125,-0.3515625
43664,1.2109375,1.38671875,1.103515625,-0.439453125
43665,1.25,1.26953125,1.259765625,-0.3515625
43666,1.15234375,1.07421875,1.123046875,-0.29296875
43667,1.23046875,1.34765625,1.201171875,-0.322265625
43668,1.1328125,1.240234375,1.19140625,-0.439453125
43669,1.2109375,1.298828125,1.318359375,-0.244140625
43670,1.2890625,1.318359375,1.259765625,-0.33203125
43671,1.337890625,1.279296875,1.23046875,-0.234375
43672,1.318359375,1.328125,1.220703125,-0.37109375
43673,1.328125,1.30859375,1.30859375,-0.322265625
43674,1.318359375,1.279296875,1.220703125,-0.41015625
43675,1.34765625,1.318359375,1.19140625,-0.29296875
43676,1.26953125,1.19140625,1.259765625,-0.3515625
43677,1.40625,1.23046875,-0.09765625,-0.400390625
43678,1.328125,1.26953125,-0.15625,-0.390625
43679,1.240234375,1.26953125,-0.126953125,-0.400390625
43680,1.220703125,1.25,-0.1953125,-0.37109375
43681,1.318359375,1.298828125,-0.09765625,-0.37109375
43682,1.30859375,1.30859375,-0.1953125,-0.29296875
43683,1.376953125,1.26953125,-0.17578125,-0.478515625
43684,1.328125,1.328125,-0.13671875,-0.41015625
43685,1.240234375,1.259765625,0.009765625,-0.3515625
43686,1.2890625,1.171875,-0.146484375,1.103515625
43687,1.220703125,1.15234375,-0.166015625,1.083984375
43688,1.171875,1.240234375,-0.234375,1.11328125
43689,1.240234375,1.25,-0.09765625,1.11328125
43690,1.23046875,1.30859375,-0.166015625,1.123046875
43691,1.23046875,1.30859375,-0.078125,1.044921875
43692,1.2890625,1.259765625,0.09765625,1.0546875
43693,1.298828125,1.25,0.21484375,1.0546875
43694,1.259765625,1.26953125,0.361328125,1.19140625
43695,1.2109375,1.279296875,0.21484375,1.015625
43696,1.435546875,1.23046875,0.224609375,1.19140625
43697,1.259765625,1.25,0.25390625,1.11328125
43698,1.19140625,1.25,0.322265625,1.1328125
43699,1.2109375,1.240234375,0.302734375,1.171875
43700,1.279296875,1.23046875,0.263671875,-0.15625
43701,1.318359375,1.2890625,0.029296875,-0.126953125
43702,1.357421875,1.25,0.29296875,-0.078125
43703,1.34765625,1.298828125,0.302734375,-0.146484375
43704,1.26953125,1.201171875,0.205078125,-0.205078125
43705,1.240234375,1.30859375,0.234375,-0.13671875
43706,1.23046875,1.26953125,0.46875,-0.17578125
43707,1.279296875,1.220703125,0.654296875,-0.15625
43708,1.298828125,1.318359375,0.390625,-0.263671875
43709,1.23046875,1.220703125,0.44921875,-0.21484375
43710,1.259765625,1.259765625,0.60546875,-0.146484375
43711,1.259765625,1.2890625,0.4296875,-0.25390625
43712,1.376953125,1.23046875,0.498046875,0.263671875
43713,1.25,1.298828125,0.576171875,0.185546875
43714,1.181640625,1.26953125,0.46875,0.244140625
43715,1.19140625,1.337890625,0.44921875,0.15625
43716,1.25,1.279296875,0.419921875,0.166015625
43717,1.25,1.201171875,0.48828125,0.087890625
43718,1.11328125,1.220703125,0.517578125,0.185546875
43719,1.376953125,1.30859375,0.37109375,0.146484375
43720,1.2109375,1.2109375,0.439453125,0.302734375
43721,1.19140625,1.181640625,0.46875,0.17578125
43722,1.259765625,1.337890625,0.458984375,0.17578125
43723,1.19140625,1.162109375,0.439453125,0.068359375
43724,1.19140625,1.2109375,0.458984375,0.21484375
43725,1.26953125,1.19140625,0.390625,0.205078125
43726,1.25,1.25,0.478515625,0.2734375
43727,1.2109375,1.34765625,0.46875,0.361328125
43728,1.19140625,1.123046875,0.56640625,0.400390625
43729,1.142578125,1.220703125,0.46875,0.46875
43730,1.162109375,1.220703125,0.419921875,0.361328125
43731,1.162109375,1.26953125,0.390625,0.4296875
43732,1.19140625,1.23046875,0.48828125,0.3515625
43733,1.171875,1.26953125,0.44921875,0.341796875
43734,1.162109375,1.376953125,0.52734375,0.322265625
43735,1.298828125,1.220703125,0.4296875,0.517578125
43736,1.123046875,1.2890625,0.5078125,0.3125
43737,1.2890625,1.435546875,0.41015625,0.341796875
43738,1.162109375,1.26953125,0.478515625,0.234375
43739,1.259765625,1.240234375,0.46875,0.3515625
43740,1.220703125,1.2109375,0.634765625,0.29296875
43741,1.2109375,1.2109375,0.419921875,0.234375
43742,1.201171875,1.220703125,0.41015625,0.390625
43743,1.171875,1.318359375,0.400390625,0.3125
43744,1.162109375,1.23046875,0.419921875,0.46875
43745,1.2890625,1.2890625,0.419921875,0.37109375
43746,1.240234375,1.3671875,0.2734375,0.390625
43747,1.171875,1.279296875,0.5859375,0.44921875
43748,1.181640625,1.259765625,0.478515625,0.390625
43749,1.279296875,1.220703125,0.33203125,0.41015625
43750,1.240234375,1.30859375,0.48828125,0.46875
43751,1.240234375,1.201171875,0.44921875,0.33203125
43752,1.19140625,1.298828125,0.576171875,0.37109375
43753,1.25,1.279296875,0.48828125,0.361328125
43754,1.19140625,1.2890625,0.458984375,0.2734375
43755,1.26953125,1.42578125,0.52734375,0.41015625
43756,1.240234375,1.240234375,0.3515625,0.41015625
43757,1.19140625,1.259765625,0.458984375,0.400390625
43758,1.083984375,1.15234375,0.546875,0.400390625
43759,1.142578125,1.181640625,0.41015625,0.37109375
43760,1.2890625,1.19140625,0.419921875,0.380859375
43761,1.19140625,1.26953125,0.341796875,0.46875
43762,1.083984375,1.23046875,0.44921875,0.41015625
43763,1.2109375,1.23046875,0.439453125,0.56640625
43764,1.2109375,1.064453125,0.390625,0.361328125
43765,1.171875,1.123046875,0.44921875,0.37109375
43766,0.966796875,1.2109375,0.458984375,0.41015625
43767,1.26953125,1.26953125,0.46875,0.419921875
43768,1.181640625,1.25,0.517578125,0.4296875
43769,1.23046875,1.15234375,0.439453125,0.37109375
43770,1.2109375,1.318359375,0.48828125,0.380859375
43771,1.25,1.25,0.44921875,0.439453125
43772,1.220703125,1.19140625,0.48828125,0.3515625
43773,1.298828125,1.30859375,0.478515625,0.390625
43774,1.23046875,1.103515625,0.46875,0.419921875
43775,1.2109375,1.201171875,0.46875,0.41015625
43776,1.19140625,1.328125,0.5078125,0.5078125
43777,1.220703125,1.220703125,0.48828125,0.37109375
43778,1.171875,1.15234375,0.458984375,0.419921875
43779,1.337890625,1.103515625,0.4296875,0.439453125
43780,1.171875,1.25,0.44921875,0.380859375
43781,1.1328125,1.142578125,0.5078125,0.419921875
43782,1.3671875,1.09375,0.458984375,0.439453125
43783,1.1328125,1.083984375,0.546875,0.41015625
43784,1.181640625,1.19140625,0.419921875,0.390625
43785,1.259765625,1.103515625,0.5078125,0.37109375
43786,1.19140625,1.162109375,0.390625,0.478515625
43787,1.298828125,1.07421875,0.439453125,0.400390625
43788,1.337890625,1.171875,0.458984375,0.419921875
43789,1.25,1.23046875,0.3125,0.37109375
43790,1.181640625,1.2109375,0.517578125,0.478515625
43791,1.19140625,1.240234375,0.44921875,0.44921875
43792,1.162109375,1.09375,0.556640625,0.458984375
43793,1.26953125,1.19140625,0.458984375,0.302734375
43794,1.2109375,1.015625,0.458984375,0.380859375
43795,1.2890625,1.23046875,0.595703125,0.439453125
43796,1.201171875,1.11328125,0.498046875,0.380859375
43797,1.142578125,1.15234375,0.56640625,0.400390625
43798,1.162109375,0.99609375,0.546875,0.439453125
43799,1.23046875,1.044921875,0.44921875,0.37109375
43800,1.15234375,1.044921875,0.5078125,0.419921875
43801,1.083984375,1.015625,0.400390625,0.4296875
43802,1.103515625,1.083984375,0.5078125,0.419921875
43803,1.220703125,1.03515625,0.5078125,0.517578125
43804,1.19140625,1.123046875,0.44921875,0.41015625
43805,1.162109375,1.123046875,0.46875,0.380859375
43806,1.26953125,1.044921875,0.4296875,0.46875
43807,1.083984375,1.025390625,0.439453125,0.41015625
43808,1.181640625,0.966796875,0.48828125,0.52734375
43809,1.240234375,1.171875,0.41015625,0.2734375
43810,1.083984375,1.162109375,0.48828125,0.41015625
43811,1.240234375,1.07421875,0.478515625,0.44921875
43812,1.123046875,1.064453125,0.48828125,0.283203125
43813,1.2109375,1.064453125,0.546875,0.400390625
43814,1.162109375,1.11328125,0.419921875,0.322265625
43815,1.103515625,1.123046875,0.400390625,0.146484375
43816,1.09375,1.11328125,0.458984375,0.4296875
43817,1.11328125,1.044921875,0.44921875,0.380859375
43818,1.23046875,1.09375,0.556640625,0.546875
43819,1.103515625,1.083984375,0.458984375,0.41015625
43820,1.142578125,1.15234375,0.48828125,0.390625
43821,1.162109375,1.123046875,0.44921875,0.576171875
43822,1.123046875,1.07421875,0.46875,0.439453125
43823,1.064453125,1.103515625,0.458984375,0.400390625
43824,1.2109375,1.142578125,0.439453125,0.25390625
43825,1.11328125,1.2109375,0.439453125,0.37109375
43826,1.220703125,1.044921875,0.673828125,0.46875
43827,1.220703125,1.123046875,0.46875,0.25390625
43828,1.083984375,1.103515625,0.46875,0.44921875
43829,1.23046875,1.07421875,0.576171875,0.380859375
43830,1.19140625,1.142578125,0.458984375,0.234375
43831,1.240234375,1.07421875,0.46875,0.44921875
43832,1.26953125,0.966796875,0.3515625,0.4296875
43833,1.1328125,1.1328125,0.478515625,0.68359375
43834,1.15234375,1.083984375,0.44921875,0.419921875
43835,1.240234375,1.0546875,0.37109375,0.419921875
43836,1.181640625,1.03515625,0.458984375,0.908203125
43837,1.4453125,1.25,0.517578125,0.458984375
43838,1.142578125,1.11328125,0.37109375,0.458984375
43839,1.142578125,1.162109375,0.458984375,0.21484375
43840,1.083984375,1.0546875,0.5078125,0.400390625
43841,1.1328125,1.09375,0.615234375,0.33203125
43842,1.240234375,0.99609375,0.498046875,0.05859375
43843,1.220703125,1.064453125,0.5078125,0.419921875
43844,1.26953125,1.025390625,0.64453125,0.419921875
43845,1.015625,0.966796875,0.478515625,0.029296875
43846,1.11328125,0.9765625,0.498046875,0.37109375
43847,1.103515625,1.025390625,0.33203125,0.41015625
43848,1.240234375,1.1328125,0.458984375,0.576171875
43849,1.162109375,1.064453125,0.458984375,0.44921875
43850,1.142578125,1.015625,0.283203125,0.419921875
43851,1.181640625,1.0546875,0.478515625,0.576171875
43852,1.2109375,0.966796875,0.4296875,0.400390625
43853,1.259765625,1.142578125,0.3515625,0.44921875
43854,1.181640625,1.1328125,0.44921875,0.29296875
43855,1.19140625,1.09375,0.546875,0.390625
43856,1.201171875,1.11328125,0.625,0.390625
43857,1.15234375,1.064453125,0.439453125,0.17578125
43858,1.23046875,1.123046875,0.41015625,0.419921875
43859,1.220703125,1.123046875,0.634765625,0.390625
43860,1.162109375,1.103515625,0.46875,0.17578125
43861,1.2890625,1.09375,0.478515625,0.46875
43862,1.181640625,1.044921875,0.322265625,0.4296875
43863,1.220703125,1.025390625,0.400390625,0.546875
43864,1.162109375,1.123046875,0.537109375,0.439453125
43865,1.240234375,1.220703125,0.283203125,0.400390625
43866,1.11328125,1.03515625,0.390625,0.498046875
43867,1.07421875,1.1328125,0.4296875,0.46875
43868,1.142578125,1.123046875,0.29296875,0.458984375
43869,1.2109375,1.103515625,0.46875,0.419921875
43870,1.19140625,1.083984375,0.419921875,0.439453125
43871,1.142578125,1.1328125,0.517578125,0.439453125
43872,1.240234375,1.123046875,0.439453125,0.380859375
43873,1.201171875,1.09375,0.439453125,0.3515625
43874,1.11328125,1.142578125,0.5078125,0.439453125
43875,1.103515625,1.123046875,0.5078125,0.458984375
43876,1.171875,1.0546875,0.41015625,0.419921875
43877,1.220703125,1.15234375,0.400390625,0.439453125
43878,1.2109375,1.0546875,0.498046875,0.419921875
43879,1.162109375,1.123046875,0.4296875,0.576171875
43880,1.103515625,1.103515625,0.4296875,0.439453125
43881,1.123046875,1.123046875,0.419921875,0.439453125
43882,1.26953125,1.0546875,0.46875,0.537109375
43883,1.279296875,1.26953125,0.33203125,0.439453125
43884,1.259765625,1.064453125,0.33203125,0.41015625
43885,1.240234375,1.11328125,0.419921875,0.498046875
43886,1.240234375,1.07421875,0.46875,0.4296875
43887,1.1328125,1.201171875,0.52734375,0.41015625
43888,1.142578125,1.0546875,0.44921875,0.29296875
43889,1.19140625,1.03515625,0.498046875,0.390625
43890,1.240234375,1.103515625,0.576171875,0.37109375
43891,1.201171875,1.005859375,0.44921875,0.3125
43892,1.328125,1.07421875,0.419921875,0.4296875
43893,1.259765625,1.07421875,0.537109375,0.37109375
43894,1.2109375,1.09375,0.419921875,0.537109375
43895,1.15234375,1.09375,0.458984375,0.478515625
43896,1.171875,1.09375,0.234375,0.4296875
43897,1.15234375,1.103515625,0.537109375,0.517578125
43898,1.2890625,1.142578125,0.400390625,0.419921875
43899,1.1328125,1.337890625,0.126953125,0.44921875
43900,1.2109375,1.123046875,0.537109375,0.654296875
43901,1.2109375,1.240234375,0.48828125,0.41015625
43902,1.11328125,0.927734375,0.556640625,0.439453125
43903,1.103515625,1.09375,0.46875,0.087890625
43904,1.103515625,1.064453125,0.556640625,0.4296875
43905,1.181640625,1.044921875,0.732421875,0.419921875
43906,1.220703125,1.171875,0.46875,-0.05859375
43907,1.220703125,1.005859375,0.41015625,0.400390625
43908,1.11328125,1.11328125,0.498046875,0.478515625
43909,1.103515625,1.103515625,0.390625,0.68359375
43910,1.162109375,0.986328125,0.419921875,0.361328125
43911,1.083984375,1.044921875,0.4296875,0.46875
43912,1.171875,1.15234375,0.41015625,0.625
43913,1.142578125,0.95703125,0.44921875,0.390625
43914,1.123046875,1.1328125,0.380859375,0.390625
43915,1.1328125,1.171875,0.458984375,0.771484375
43916,1.064453125,1.015625,0.478515625,0.390625
43917,1.19140625,1.103515625,0.546875,0.3125
43918,1.171875,1.03515625,0.419921875,0.166015625
43919,1.26953125,1.240234375,0.576171875,0.33203125
43920,1.171875,1.083984375,0.556640625,0.380859375
43921,1.142578125,0.99609375,0.48828125,0.21484375
43922,1.142578125,1.142578125,0.4296875,0.380859375
43923,1.162109375,1.083984375,0.654296875,0.341796875
43924,1.2109375,1.142578125,0.390625,0.5078125
43925,1.1328125,1.103515625,0.41015625,0.41015625
43926,1.318359375,1.298828125,0.380859375,0.400390625
43927,1.142578125,1.11328125,0.46875,0.546875
43928,1.2890625,1.1328125,0.458984375,0.283203125
43929,1.2109375,1.1328125,0.3125,0.3515625
43930,1.15234375,1.0546875,0.439453125,0.517578125
43931,1.220703125,1.103515625,0.400390625,0.37109375
43932,1.240234375,1.123046875,0.4296875,0.322265625
43933,1.201171875,1.09375,0.44921875,0.341796875
43934,1.103515625,1.064453125,0.44921875,0.537109375
43935,1.279296875,1.220703125,0.419921875,0.400390625
43936,0.99609375,1.11328125,0.3515625,0.3125
43937,0.9375,1.171875,0.439453125,0.52734375
43938,0.9765625,1.09375,0.478515625,0.4296875
43939,0.99609375,1.044921875,0.41015625,0.439453125
43940,0.9765625,1.09375,0.44921875,0.478515625
43941,0.888671875,1.015625,0.5078125,0.390625
43942,0.869140625,1.07421875,0.341796875,0.458984375
43943,0.95703125,1.1328125,0.458984375,0.244140625
43944,0.947265625,1.11328125,0.458984375,0.37109375
43945,0.9375,1.1328125,0.498046875,0.439453125
43946,0.927734375,1.142578125,0.4296875,0.2734375
43947,0.966796875,1.181640625,0.400390625,0.41015625
43948,0.9765625,1.162109375,0.46875,0.380859375
43949,0.87890625,1.0546875,0.4296875,0.44921875
43950,-0.380859375,1.025390625,0.3515625,0.400390625
43951,-0.29296875,1.103515625,0.458984375,0.390625
43952,-0.3515625,1.09375,0.41015625,0.380859375
43953,-0.33203125,1.2109375,0.419921875,0.390625
43954,-0.2734375,1.103515625,0.439453125,0.400390625
43955,-0.146484375,1.181640625,0.41015625,0.48828125
43956,-0.25390625,1.19140625,0.46875,0.41015625
43957,-0.322265625,1.083984375,0.4296875,0.400390625
43958,-0.33203125,1.19140625,0.439453125,0.517578125
43959,-0.2734375,1.142578125,0.44921875,0.380859375
43960,-0.244140625,1.15234375,0.478515625,0.400390625
43961,-0.3125,1.103515625,0.48828125,0.46875
43962,-0.33203125,1.064453125,0.458984375,0.390625
43963,-0.224609375,1.064453125,0.390625,0.322265625
43964,-0.361328125,1.162109375,0.390625,0.478515625
43965,0.13671875,1.123046875,0.46875,0.361328125
43966,0.126953125,1.1328125,0.517578125,0.439453125
43967,0.087890625,-0.52734375,0.458984375,0.4296875
43968,0.048828125,-0.634765625,0.41015625,0.37109375
43969,0.107421875,-0.60546875,0.478515625,0.41015625
43970,0.205078125,-0.556640625,0.44921875,0.41015625
43971,0.107421875,-0.60546875,0.439453125,0.400390625
43972,0.146484375,-0.60546875,0.322265625,0.390625
43973,0.107421875,-0.634765625,0.46875,0.234375
43974,0.1171875,-0.595703125,0.44921875,0.380859375
43975,0.17578125,-0.60546875,0.4296875,0.439453125
43976,0.107421875,-0.60546875,0.44921875,0.37109375
43977,-0.01953125,-0.625,0.498046875,0.41015625
43978,-0.05859375,-0.56640625,0.56640625,0.44921875
43979,-0.068359375,-0.64453125,0.498046875,0.41015625
43980,-0.078125,-0.615234375,0.517578125,0.44921875
43981,-0.05859375,-0.625,0.478515625,0.361328125
43982,-0.009765625,0.400390625,0.48828125,0.380859375
43983,0.01953125,0.498046875,0.478515625,0.419921875
43984,-0.13671875,0.517578125,0.48828125,0.380859375
43985,-0.009765625,0.52734375,0.25390625,0.419921875
43986,-0.05859375,0.4296875,0.44921875,0.41015625
43987,0.009765625,0.478515625,0.283203125,0.41015625
43988,0.009765625,0.517578125,0.390625,0.341796875
43989,-0.087890625,0.46875,0.400390625,0.439453125
43990,-0.0390625,0.33203125,0.37109375,0.458984375
43991,-0.087890625,0.478515625,0.6640625,0.4296875
43992,0,0.400390625,0.439453125,0.400390625
43993,-0.009765625,0.537109375,0.361328125,0.37109375
43994,-0.107421875,0.341796875,0.64453125,0.4296875
43995,0.009765625,0.478515625,0.419921875,0.390625
43996,0.01953125,-0.244140625,0.537109375,0.3515625
43997,-0.087890625,-0.0390625,0.263671875,0.322265625
43998,-0.15625,0.1171875,0.439453125,0.498046875
43999,-0.0390625,0.13671875,0.5078125,0.341796875
44000,-0.068359375,0.107421875,0.283203125,0.37109375
44001,-0.25390625,0.068359375,0.439453125,0.537109375
44002,-0.25390625,0.146484375,0.400390625,0.361328125
44003,0,0.087890625,0.302734375,0.380859375
44004,-0.126953125,0.029296875,0.5078125,0.33203125
44005,-0.21484375,-0.068359375,0.439453125,0.41015625
44006,-0.1171875,0.17578125,0.5859375,0.400390625
44007,0.029296875,0.01953125,0.439453125,0.234375
44008,0.009765625,-0.302734375,0.4296875,0.341796875
44009,-0.05859375,-0.107421875,0.634765625,0.4296875
44010,-0.05859375,-0.048828125,0.419921875,0.21484375
44011,0.01953125,-0.2734375,0.458984375,0.3515625
44012,-0.05859375,-0.09765625,0.361328125,0.341796875
44013,-0.146484375,-0.05859375,0.4296875,0.517578125
44014,-0.0390625,-0.01953125,0.498046875,0.361328125
44015,-0.1171875,0,0.4296875,0.439453125
44016,-0.15625,-0.048828125,0.5078125,0.52734375
44017,-0.15625,0.029296875,0.439453125,0.390625
44018,-0.13671875,-0.048828125,0.33203125,0.2734375
44019,-0.146484375,-0.068359375,0.5078125,0.302734375
44020,-0.05859375,-0.185546875,0.498046875,0.390625
44021,-0.029296875,-0.05859375,0.634765625,0.419921875
44022,-0.05859375,-0.09765625,0.478515625,0.341796875
44023,-0.09765625,-0.244140625,0.458984375,0.400390625
44024,-0.05859375,-0.1171875,0.48828125,0.390625
44025,-0.01953125,-0.126953125,0.478515625,0.341796875
44026,0,-0.302734375,0.41015625,0.419921875
44027,-0.068359375,-0.107421875,0.17578125,0.400390625
44028,-0.068359375,-0.166015625,0.458984375,0.380859375
44029,-0.068359375,-0.146484375,0.419921875,0.380859375
44030,-0.05859375,-0.17578125,0.2734375,0.41015625
44031,-0.0390625,-0.17578125,0.46875,0.33203125
44032,-0.048828125,-0.087890625,0.48828125,0.390625
44033,0.107421875,-0.068359375,0.13671875,0.439453125
44034,-0.09765625,-0.146484375,0.458984375,0.302734375
44035,-0.087890625,-0.126953125,0.46875,0.380859375
44036,-0.068359375,-0.185546875,0.60546875,0.390625
44037,-0.09765625,-0.1171875,0.41015625,0.29296875
44038,-0.048828125,-0.068359375,0.44921875,0.4296875
44039,0.09765625,-0.126953125,0.625,0.390625
44040,-0.1171875,-0.146484375,0.5078125,0.244140625
44041,-0.078125,-0.185546875,0.48828125,0.37109375
44042,-0.1171875,-0.126953125,0.361328125,0.439453125
44043,-0.078125,-0.205078125,0.44921875,0.52734375
44044,-0.068359375,-0.126953125,0.4296875,0.44921875
44045,-0.185546875,-0.2734375,0.37109375,0.380859375
44046,-0.068359375,-0.13671875,0.41015625,0.478515625
44047,-0.146484375,-0.166015625,0.44921875,0.419921875
44048,-0.09765625,-0.283203125,0.380859375,0.380859375
44049,-0.078125,-0.107421875,0.44921875,0.3515625
44050,-0.1171875,-0.1171875,0.46875,0.37109375
44051,-0.048828125,-0.25390625,0.46875,0.4296875
44052,-0.107421875,-0.029296875,0.517578125,0.283203125
44053,-0.05859375,-0.1171875,0.390625,0.498046875
44054,-0.0390625,-0.009765625,0.4296875,0.419921875
44055,-0.1171875,-0.1953125,0.48828125,0.322265625
44056,0.068359375,-0.146484375,0.361328125,0.390625
44057,-0.078125,-0.068359375,0.5078125,0.390625
44058,-0.068359375,-0.21484375,0.546875,0.41015625
44059,0.048828125,-0.078125,0.498046875,0.41015625
44060,-0.048828125,-0.17578125,0.419921875,0.400390625
44061,-0.078125,-0.1953125,0.419921875,0.400390625
44062,-0.13671875,-0.13671875,0.380859375,0.390625
44063,-0.126953125,-0.205078125,0.419921875,0.41015625
44064,-0.1171875,-0.01953125,0.361328125,0.419921875
44065,-0.0390625,-0.126953125,0.458984375,0.37109375
44066,-0.1953125,-0.146484375,0.44921875,0.3515625
44067,-0.087890625,-0.01953125,0.625,0.44921875
44068,0.009765625,-0.166015625,0.439453125,0.3515625
44069,-0.107421875,-0.087890625,0.439453125,0.380859375
44070,-0.126953125,-0.205078125,0.52734375,0.380859375
44071,-0.0390625,-0.15625,0.439453125,0.361328125
44072,-0.029296875,-0.1171875,0.44921875,0.400390625
44073,-0.05859375,-0.224609375,0.52734375,0.4296875
44074,0.048828125,-0.078125,0.439453125,0.390625
44075,-0.0390625,-0.126953125,0.458984375,0.390625
44076,-0.05859375,-0.17578125,0.302734375,0.4296875
44077,-0.107421875,-0.107421875,0.458984375,0.5078125
44078,-0.01953125,-0.078125,0.439453125,0.380859375
44079,-0.048828125,-0.09765625,0.3125,0.37109375
44080,-0.17578125,-0.126953125,0.478515625,0.556640625
44081,-0.048828125,-0.05859375,0.439453125,0.380859375
44082,-0.068359375,-0.078125,0.537109375,0.400390625
44083,0.01953125,-0.068359375,0.41015625,0.224609375
44084,-0.078125,-0.107421875,0.44921875,0.390625
44085,-0.05859375,-0.107421875,0.46875,0.361328125
44086,0.029296875,-0.09765625,0.458984375,0.48828125
44087,-0.029296875,-0.126953125,0.41015625,0.400390625
44088,-0.078125,-0.126953125,0.60546875,0.439453125
44089,0.05859375,-0.126953125,0.4296875,0.56640625
44090,-0.087890625,-0.107421875,0.41015625,0.419921875
44091,-0.078125,-0.146484375,0.263671875,0.46875
44092,-0.09765625,-0.13671875,0.41015625,0.498046875
44093,-0.05859375,-0.1171875,0.341796875,0.478515625
44094,-0.09765625,-0.09765625,0.224609375,0.44921875
44095,-0.09765625,-0.17578125,0.458984375,0.478515625
44096,-0.048828125,-0.146484375,0.478515625,0.41015625
44097,-0.068359375,-0.09765625,0.625,0.37109375
44098,-0.078125,-0.244140625,0.4296875,0.322265625
44099,-0.0390625,-0.087890625,0.419921875,0.37109375
44100,-0.1171875,-0.15625,0.654296875,0.419921875
44101,-0.01953125,-0.283203125,0.44921875,0.302734375
44102,-0.068359375,-0.107421875,0.4296875,0.419921875
44103,-0.2734375,-0.166015625,0.64453125,0.5078125
44104,-0.087890625,0.01953125,0.46875,0.458984375
44105,-0.0390625,-0.205078125,0.46875,0.341796875
44106,-0.13671875,-0.078125,0.283203125,0.41015625
44107,-0.078125,0.029296875,0.5078125,0.44921875
44108,0.029296875,-0.1171875,0.517578125,0.41015625
44109,-0.087890625,-0.05859375,0.29296875,0.361328125
44110,-0.048828125,-0.185546875,0.478515625,0.439453125
44111,-0.029296875,-0.1171875,0.419921875,0.3515625
44112,0.05859375,-0.107421875,0.5859375,0.3515625
44113,-0.146484375,-0.244140625,0.537109375,0.44921875
44114,0.0390625,-0.0390625,0.439453125,0.390625
44115,0.1171875,-0.048828125,0.5078125,0.380859375
44116,-0.068359375,-0.224609375,0.322265625,0.361328125
44117,-0.224609375,-0.1171875,0.46875,0.419921875
44118,-0.17578125,0,0.5078125,0.400390625
44119,-0.0390625,-0.029296875,0.29296875,0.400390625
44120,-0.1953125,-0.05859375,0.439453125,0.439453125
44121,-0.205078125,-0.087890625,0.41015625,0.3125
44122,-0.048828125,0.01953125,0.556640625,0.380859375
44123,0.068359375,-0.068359375,0.4296875,0.2734375
44124,-0.234375,-0.146484375,0.390625,0.400390625
44125,-0.029296875,-0.13671875,0.60546875,0.390625
44126,0,-0.146484375,0.4296875,0.283203125
44127,0,-0.302734375,0.498046875,0.380859375
44128,-0.009765625,-0.13671875,0.5859375,0.419921875
44129,0.13671875,-0.13671875,0.41015625,0.439453125
44130,-0.01953125,-0.048828125,0.458984375,0.41015625
44131,-0.05859375,-0.205078125,0.380859375,0.4296875
44132,-0.146484375,-0.078125,0.52734375,0.478515625
44133,-0.05859375,0.029296875,0.44921875,0.458984375
44134,-0.048828125,-0.068359375,0.390625,0.380859375
44135,-0.146484375,-0.1171875,0.46875,0.439453125
44136,-0.048828125,-0.068359375,0.439453125,0.390625
44137,-0.0390625,-0.13671875,0.64453125,0.380859375
44138,-0.048828125,-0.17578125,0.390625,0.390625
44139,-0.09765625,-0.1953125,0.380859375,0.361328125
44140,-0.107421875,-0.068359375,0.517578125,0.458984375
44141,-0.107421875,-0.1171875,0.4296875,0.3515625
44142,-0.126953125,-0.234375,0.380859375,0.341796875
44143,-0.009765625,-0.17578125,0.419921875,0.3515625
44144,-0.0390625,-0.1171875,0.4296875,0.25390625
44145,-0.09765625,-0.13671875,0.48828125,0.380859375
44146,-0.048828125,-0.05859375,0.322265625,0.41015625
44147,-0.068359375,-0.087890625,0.4296875,0.4296875
44148,-0.078125,-0.13671875,0.458984375,0.41015625
44149,-0.048828125,-0.0390625,0.400390625,0.361328125
44150,-0.13671875,-0.078125,0.478515625,0.5078125
44151,-0.068359375,-0.087890625,0.439453125,0.390625
44152,0.048828125,-0.05859375,0.419921875,0.380859375
44153,-0.107421875,-0.0390625,0.4296875,0.390625
44154,-0.05859375,-0.009765625,0.37109375,0.361328125
44155,-0.1171875,-0.185546875,0.56640625,0.419921875
44156,-0.078125,-0.0390625,0.3125,0.380859375
44157,-0.087890625,-0.029296875,0.517578125,0.439453125
44158,-0.029296875,-0.048828125,0.546875,0.3515625
44159,-0.126953125,-0.087890625,0.380859375,0.322265625
44160,-0.1171875,-0.09765625,0.458984375,0.4296875
44161,-0.087890625,-0.09765625,0.400390625,0.361328125
44162,-0.13671875,-0.087890625,0.498046875,0.3125
44163,-0.1171875,-0.05859375,0.537109375,0.390625
44164,-0.087890625,0.087890625,0.419921875,0.380859375
44165,-0.1171875,0.029296875,0.44921875,0.3125
44166,-0.166015625,-0.087890625,0.439453125,0.380859375
44167,-0.1953125,0.029296875,0.458984375,0.390625
44168,-0.05859375,0.087890625,0.44921875,0.458984375
44169,-0.087890625,-0.09765625,0.48828125,0.234375
44170,-0.13671875,-0.244140625,0.44921875,0.380859375
44171,0.009765625,0.009765625,0.537109375,0.46875
44172,0.048828125,-0.09765625,0.46875,0.302734375
44173,0.029296875,-0.224609375,0.4296875,0.380859375
44174,0.0390625,-0.21484375,0.576171875,0.3125
44175,0.0390625,-0.048828125,0.439453125,0.224609375
44176,-0.009765625,-0.234375,0.400390625,0.419921875
44177,-0.078125,-0.21484375,0.2734375,0.37109375
44178,-0.205078125,-0.05859375,0.390625,0.56640625
44179,0.087890625,-0.029296875,0.380859375,0.390625
44180,-0.13671875,0.107421875,0.21484375,0.37109375
44181,-0.185546875,-0.087890625,0.439453125,0.5078125
44182,-0.1171875,0.0390625,0.439453125,0.37109375
44183,-0.01953125,0.05859375,0.341796875,0.439453125
44184,-0.1953125,-0.048828125,0.4296875,0.166015625
44185,-0.1171875,-0.25390625,0.380859375,0.37109375
44186,-0.029296875,0.05859375,0.68359375,0.400390625
44187,0.048828125,-0.1171875,0.439453125,0.322265625
44188,-0.0390625,-0.263671875,0.44921875,0.390625
44189,-0.087890625,-0.185546875,0.64453125,0.37109375
44190,0.205078125,-0.1171875,0.390625,0.283203125
44191,0.01953125,-0.166015625,0.390625,0.41015625
44192,-0.09765625,-0.224609375,0.29296875,0.41015625
44193,-0.234375,-0.009765625,0.41015625,0.5078125
44194,-0.0390625,0.009765625,0.380859375,0.380859375
44195,0.009765625,-0.048828125,0.283203125,0.361328125
44196,-0.21484375,-0.029296875,0.400390625,0.52734375
44197,-0.029296875,0.0390625,0.546875,0.400390625
44198,-0.087890625,-0.01953125,0.380859375,0.41015625
44199,-0.21484375,-0.0390625,0.4296875,0.01953125
44200,-0.029296875,-0.15625,0.46875,0.3515625
44201,-0.009765625,-0.068359375,0.5078125,0.3515625
44202,0.05859375,-0.087890625,0.458984375,0.029296875
44203,-0.048828125,-0.13671875,0.439453125,0.41015625
44204,-0.087890625,-0.05859375,0.546875,0.400390625
44205,0.0390625,-0.107421875,0.5078125,-0.087890625
44206,-0.09765625,-0.09765625,0.380859375,0.37109375
44207,-0.068359375,-0.05859375,0.244140625,0.37109375
44208,0,-0.068359375,0.44921875,0.6640625
44209,-0.05859375,-0.107421875,0.4296875,0.390625
44210,-0.009765625,-0.15625,0.234375,0.44921875
44211,-0.068359375,-0.078125,0.4296875,0.576171875
44212,-0.029296875,-0.13671875,0.4296875,0.380859375
44213,0.009765625,-0.0390625,0.283203125,0.390625
44214,-0.078125,-0.107421875,0.537109375,0.234375
44215,-0.078125,-0.0390625,0.46875,0.361328125
44216,-0.068359375,-0.107421875,0.56640625,0.33203125
44217,-0.048828125,-0.126953125,0.380859375,0.25390625
44218,-0.029296875,-0.146484375,0.439453125,0.41015625
44219,-0.029296875,-0.126953125,0.56640625,0.380859375
44220,-0.078125,0.01953125,0.498046875,0.2734375
44221,-0.01953125,-0.01953125,0.458984375,0.37109375
44222,-0.126953125,-0.078125,0.341796875,0.41015625
44223,-0.048828125,0.068359375,0.458984375,0.517578125
44224,-0.09765625,-0.087890625,0.5859375,0.380859375
44225,-0.029296875,0.029296875,0.283203125,0.341796875
44226,-0.01953125,0.05859375,0.5078125,0.478515625
44227,-0.126953125,-0.0390625,0.44921875,0.380859375
44228,0.0390625,-0.029296875,0.37109375,0.41015625
44229,-0.0390625,-0.166015625,0.517578125,0.2734375
44230,-0.048828125,-0.09765625,0.419921875,0.41015625
44231,-0.068359375,-0.068359375,0.48828125,0.380859375
44232,-0.146484375,-0.234375,0.478515625,0.3515625
44233,-0.0390625,0.01953125,0.439453125,0.2734375
44234,-0.048828125,-0.33203125,0.478515625,0.37109375
44235,-0.029296875,-0.029296875,0.361328125,0.361328125
44236,-0.09765625,-0.126953125,0.44921875,0.263671875
44237,-0.068359375,-0.263671875,0.419921875,0.44921875
44238,-0.087890625,-0.048828125,0.380859375,0.380859375
44239,-0.126953125,-0.0390625,0.4296875,0.439453125
44240,-0.078125,0.01953125,0.419921875,0.41015625
44241,-0.068359375,-0.087890625,0.439453125,0.439453125
44242,-0.0390625,-0.068359375,0.44921875,0.41015625
44243,-0.068359375,-0.078125,0.44921875,0.400390625
44244,-0.087890625,-0.0390625,0.48828125,0.400390625
44245,-0.0390625,-0.05859375,0.56640625,0.419921875
44246,-0.166015625,0.029296875,0.41015625,0.37109375
44247,-0.009765625,-0.078125,0.46875,0.400390625
44248,0.029296875,-0.078125,0.48828125,0.3515625
44249,-0.01953125,-0.09765625,0.419921875,0.361328125
44250,-0.029296875,-0.068359375,0.5078125,0.390625
44251,-0.009765625,-0.078125,0.439453125,0.302734375
44252,0.009765625,-0.166015625,0.4296875,0.390625
44253,-0.048828125,-0.107421875,0.44921875,0.517578125
44254,0.029296875,-0.0390625,0.41015625,0.478515625
44255,-0.0390625,0.068359375,0.419921875,0.361328125
44256,-0.048828125,-0.029296875,0.2734375,0.37109375
44257,-0.078125,-0.01953125,0.4296875,0.478515625
44258,-0.078125,0.009765625,0.48828125,0.400390625
44259,-0.087890625,-0.09765625,0.25390625,0.33203125
44260,-0.1171875,-0.107421875,0.419921875,0.48828125
44261,-0.01953125,-0.0390625,0.44921875,0.341796875
44262,-0.068359375,-0.048828125,0.64453125,0.3515625
44263,-0.078125,-0.087890625,0.37109375,0.009765625
44264,-0.048828125,-0.146484375,0.52734375,0.439453125
44265,-0.029296875,-0.078125,0.693359375,0.361328125
44266,0.0390625,-0.029296875,0.498046875,0.068359375
44267,-0.05859375,-0.146484375,0.41015625,0.400390625
44268,-0.048828125,-0.029296875,0.5859375,0.419921875
44269,-0.05859375,-0.078125,0.400390625,0.7421875
44270,-0.029296875,-0.05859375,0.41015625,0.3515625
44271,-0.048828125,0,0.33203125,0.380859375
44272,-0.029296875,-0.078125,0.458984375,0.537109375
44273,-0.0390625,-0.05859375,0.390625,0.380859375
44274,-0.185546875,-0.05859375,0.244140625,0.29296875
44275,-0.048828125,-0.09765625,0.44921875,0.732421875
44276,-0.009765625,0.01953125,0.478515625,0.41015625
44277,0.17578125,-0.078125,0.60546875,0.322265625
44278,-0.05859375,-0.05859375,0.419921875,0.17578125
44279,-0.029296875,-0.068359375,0.380859375,0.3515625
44280,0.15625,0.107421875,0.673828125,0.400390625
44281,-0.107421875,-0.13671875,0.5078125,0.1953125
44282,-0.01953125,-0.078125,0.46875,0.46875
44283,-0.224609375,-0.0390625,0.576171875,0.46875
44284,-0.087890625,0.048828125,0.419921875,0.537109375
44285,-0.009765625,-0.13671875,0.439453125,0.33203125
44286,-0.21484375,-0.029296875,0.41015625,0.361328125
44287,0,0.09765625,0.439453125,0.478515625
44288,-0.01953125,-0.1171875,0.478515625,0.25390625
44289,-0.146484375,-0.185546875,0.29296875,0.400390625
44290,-0.048828125,-0.205078125,0.44921875,0.48828125
44291,-0.029296875,-0.048828125,0.439453125,0.25390625
44292,0.13671875,-0.15625,0.419921875,0.390625
44293,-0.068359375,-0.25390625,0.5078125,0.25390625
44294,-0.029296875,-0.009765625,0.4296875,0.615234375
44295,0.087890625,0.1171875,0.4296875,0.3515625
44296,-0.0390625,-0.1953125,0.390625,0.322265625
44297,-0.1171875,-0.087890625,0.498046875,0.576171875
44298,-0.146484375,0.05859375,0.5078125,0.37109375
44299,-0.029296875,0.09765625,0.5078125,0.419921875
44300,-0.107421875,-0.029296875,0.46875,0.56640625
44301,-0.107421875,0.078125,0.458984375,0.322265625
44302,-0.029296875,0.087890625,0.595703125,0.400390625
44303,0.087890625,-0.0390625,0.478515625,0.224609375
44304,-0.1171875,-0.21484375,0.419921875,0.3515625
44305,-0.05859375,-0.13671875,0.595703125,0.4296875
44306,0.107421875,-0.029296875,0.439453125,0.2734375
44307,0.068359375,-0.205078125,0.380859375,0.390625
44308,-0.009765625,-0.1953125,0.595703125,0.380859375
44309,0.068359375,-0.078125,0.478515625,0.419921875
44310,0.01953125,-0.048828125,0.419921875,0.41015625
44311,-0.05859375,-0.146484375,0.390625,0.341796875
44312,-0.01953125,-0.05859375,0.498046875,0.478515625
44313,-0.048828125,0.01953125,0.41015625,0.37109375
44314,0.01953125,-0.048828125,0.361328125,0.380859375
44315,-0.126953125,-0.078125,0.439453125,0.41015625
44316,-0.01953125,-0.009765625,0.46875,0.244140625
44317,-0.048828125,-0.087890625,0.400390625,0.400390625
44318,-0.029296875,-0.029296875,0.4296875,0.234375
44319,-0.0390625,-0.078125,0.390625,0.380859375
44320,-0.0390625,-0.126953125,0.48828125,0.4296875
44321,-0.029296875,-0.05859375,0.439453125,0.3515625
44322,-0.078125,-0.078125,0.44921875,0.380859375
44323,0,-0.048828125,0.517578125,0.361328125
44324,-0.01953125,-0.166015625,0.41015625,0.439453125
44325,-0.048828125,-0.09765625,0.4296875,0.37109375
44326,-0.01953125,-0.05859375,0.498046875,0.361328125
44327,0.068359375,0.009765625,0.478515625,0.400390625
44328,-0.029296875,-0.05859375,0.458984375,0.380859375
44329,-0.0390625,-0.078125,0.556640625,0.439453125
44330,0.029296875,-0.107421875,0.390625,0.341796875
44331,-0.05859375,-0.029296875,0.41015625,0.400390625
44332,-0.01953125,-0.048828125,0.390625,0.458984375
44333,-0.029296875,-0.087890625,0.400390625,0.390625
44334,-0.0390625,-0.0390625,0.37109375,0.419921875
44335,-0.009765625,-0.078125,0.3125,0.400390625
44336,-0.048828125,-0.13671875,0.400390625,0.3515625
44337,-0.009765625,-0.126953125,0.517578125,0.41015625
44338,0.126953125,-0.029296875,0.361328125,0.380859375
44339,-0.087890625,0,0.439453125,0.37109375
44340,-0.01953125,-0.068359375,0.478515625,0.380859375
44341,0.107421875,-0.05859375,0.517578125,0.361328125
44342,-0.029296875,-0.048828125,0.341796875,0.390625
44343,-0.1171875,-0.01953125,0.478515625,0.390625
44344,0.107421875,0,0.712890625,0.400390625
44345,-0.078125,-0.078125,0.322265625,0.400390625
44346,-0.126953125,-0.09765625,0.439453125,0.390625
44347,-0.205078125,-0.05859375,0.380859375,0.361328125
44348,-0.029296875,-0.009765625,0.41015625,0.44921875
44349,-0.205078125,-0.087890625,0.400390625,0.3125
44350,-0.09765625,-0.341796875,0.33203125,0.419921875
44351,-0.009765625,-0.05859375,0.46875,0.478515625
44352,0.13671875,-0.107421875,0.46875,0.3125
44353,0.078125,-0.2734375,0.302734375,0.341796875
44354,0.009765625,-0.087890625,0.498046875,0.380859375
44355,0.13671875,-0.029296875,0.478515625,0.283203125
44356,0.087890625,-0.185546875,0.48828125,0.37109375
44357,0,-0.087890625,0.3125,0.400390625
44358,-0.25390625,-0.0390625,0.4296875,0.478515625
44359,0.087890625,0.09765625,0.537109375,0.380859375
44360,-0.068359375,-0.068359375,0.380859375,0.361328125
44361,-0.234375,0,0.4296875,0.5859375
44362,-0.17578125,0.146484375,0.439453125,0.390625
44363,-0.01953125,0,0.400390625,0.380859375
44364,-0.263671875,-0.078125,0.400390625,0.185546875
44365,-0.166015625,-0.244140625,0.44921875,0.37109375
44366,0.05859375,0.029296875,0.60546875,0.41015625
44367,0.09765625,-0.029296875,0.5078125,0.234375
44368,0.0390625,-0.33203125,0.458984375,0.322265625
44369,0.009765625,-0.13671875,0.615234375,0.3125
44370,0.107421875,-0.05859375,0.390625,0.205078125
44371,0.05859375,-0.283203125,0.400390625,0.380859375
44372,-0.068359375,-0.05859375,0.390625,0.361328125
44373,-0.107421875,-0.068359375,0.44921875,0.517578125
44374,0.078125,0.107421875,0.37109375,0.37109375
44375,-0.048828125,-0.068359375,0.3515625,0.419921875
44376,-0.146484375,-0.029296875,0.46875,0.478515625
44377,-0.0390625,0.15625,0.41015625,0.44921875
44378,-0.078125,-0.126953125,0.3515625,0.322265625
44379,-0.05859375,-0.029296875,0.41015625,0.302734375
44380,-0.1171875,-0.15625,0.478515625,0.41015625
44381,0,-0.09765625,0.60546875,0.3515625
44382,0.009765625,-0.01953125,0.4296875,0.3125
44383,-0.029296875,-0.1171875,0.4296875,0.380859375
44384,-0.029296875,-0.009765625,0.537109375,0.390625
44385,0.0390625,-0.05859375,0.44921875,0.341796875
44386,-0.0390625,-0.205078125,0.458984375,0.380859375
44387,0.009765625,-0.0390625,0.21484375,0.400390625
44388,-0.029296875,-0.05859375,0.478515625,0.3125
44389,-0.068359375,-0.05859375,0.419921875,0.390625
44390,-0.01953125,0,0.224609375,0.41015625
44391,-0.05859375,-0.078125,0.44921875,0.3125
44392,0.0390625,-0.068359375,0.419921875,0.361328125
44393,-0.068359375,-0.01953125,0.244140625,0.390625
44394,-0.01953125,-0.05859375,0.439453125,0.341796875
44395,0,-0.0390625,0.419921875,0.41015625
44396,0.01953125,0,0.546875,0.419921875
44397,-0.029296875,-0.05859375,0.400390625,0.341796875
44398,-0.05859375,-0.01953125,0.4296875,0.341796875
44399,0,-0.048828125,0.52734375,0.380859375
44400,-0.048828125,0,0.41015625,0.361328125
44401,-0.0390625,-0.048828125,0.400390625,0.390625
44402,-0.244140625,-0.029296875,0.380859375,0.400390625
44403,-0.078125,-0.048828125,0.361328125,0.517578125
44404,-0.078125,-0.05859375,0.439453125,0.3125
44405,-0.1953125,-0.166015625,0.341796875,0.37109375
44406,0,0.009765625,0.41015625,0.498046875
44407,0.01953125,-0.01953125,0.44921875,0.302734375
44408,0.087890625,-0.068359375,0.37109375,0.3515625
44409,-0.029296875,-0.166015625,0.37109375,0.37109375
44410,-0.01953125,-0.05859375,0.48828125,0.33203125
44411,0.107421875,-0.1953125,0.44921875,0.2734375
44412,-0.009765625,-0.107421875,0.341796875,0.3515625
44413,0.009765625,-0.068359375,0.41015625,0.458984375
44414,0.1171875,-0.05859375,0.439453125,0.390625
44415,-0.009765625,-0.048828125,0.341796875,0.3515625
44416,0.009765625,-0.0390625,0.41015625,0.498046875
44417,-0.05859375,-0.029296875,0.46875,0.3515625
44418,-0.107421875,0.009765625,0.33203125,0.419921875
44419,-0.048828125,-0.05859375,0.48828125,0.322265625
44420,-0.107421875,-0.01953125,0.46875,0.380859375
44421,-0.078125,0.009765625,0.4296875,0.341796875
44422,-0.224609375,-0.0390625,0.44921875,0.2734375
44423,-0.05859375,-0.029296875,0.439453125,0.390625
44424,-0.048828125,-0.048828125,0.33203125,0.361328125
44425,-0.146484375,-0.09765625,0.46875,0.3125
44426,-0.048828125,-0.126953125,0.4296875,0.341796875
44427,0.01953125,-0.09765625,0.52734375,0.361328125
44428,0.087890625,-0.09765625,0.41015625,0.400390625
44429,-0.01953125,-0.185546875,0.4296875,0.380859375
44430,0,-0.107421875,0.46875,0.41015625
44431,0.087890625,-0.166015625,0.4296875,0.400390625
44432,-0.0390625,-0.13671875,0.400390625,0.390625
44433,-0.078125,-0.068359375,0.498046875,0.419921875
44434,0.09765625,-0.078125,0.41015625,0.537109375
44435,0,-0.01953125,0.33203125,0.419921875
44436,-0.009765625,-0.107421875,0.33203125,0.37109375
44437,-0.15625,-0.05859375,0.380859375,0.458984375
44438,0,0.009765625,0.33203125,0.4296875
44439,0,-0.0390625,0.4296875,0.33203125
44440,-0.15625,-0.0390625,0.41015625,0.458984375
44441,-0.0390625,0,0.44921875,0.37109375
44442,-0.029296875,0,0.498046875,0.390625
44443,0.05859375,-0.029296875,0.5078125,0.146484375
44444,-0.01953125,-0.087890625,0.478515625,0.390625
44445,-0.146484375,-0.068359375,0.517578125,0.322265625
44446,0.15625,-0.087890625,0.41015625,0.224609375
44447,-0.068359375,-0.087890625,0.44921875,0.390625
44448,-0.029296875,-0.1171875,0.458984375,0.439453125
44449,0.09765625,-0.068359375,0.44921875,0.48828125
44450,-0.0390625,-0.0390625,0.41015625,0.400390625
44451,0,-0.068359375,0.37109375,0.419921875
44452,-0.068359375,-0.01953125,0.44921875,0.48828125
44453,0.009765625,-0.068359375,0.419921875,0.361328125
44454,-0.05859375,-0.068359375,0.302734375,0.380859375
44455,-0.09765625,-0.1953125,0.458984375,0.48828125
44456,0,-0.078125,0.439453125,0.33203125
44457,0.05859375,-0.05859375,0.60546875,0.400390625
44458,-0.029296875,-0.146484375,0.400390625,0.283203125
44459,0.0390625,-0.0390625,0.52734375,0.341796875
44460,0.009765625,0.009765625,0.68359375,0.3515625
44461,-0.048828125,-0.21484375,0.322265625,0.15625
44462,-0.048828125,-0.048828125,0.419921875,0.37109375
44463,-0.13671875,-0.068359375,0.537109375,0.37109375
44464,-0.029296875,0.09765625,0.322265625,0.44921875
44465,-0.068359375,-0.146484375,0.5078125,0.361328125
44466,-0.15625,-0.0390625,0.263671875,0.361328125
44467,-0.087890625,0.05859375,0.712890625,0.419921875
44468,0.1171875,-0.0390625,0.41015625,0.390625
44469,-0.244140625,-0.029296875,0.263671875,0.41015625
44470,-0.05859375,-0.234375,0.615234375,0.458984375
44471,0.185546875,-0.078125,0.4296875,0.380859375
44472,0.17578125,0.01953125,0.478515625,0.390625
44473,-0.0390625,-0.17578125,0.615234375,0.380859375
44474,0.13671875,0,0.4296875,0.576171875
44475,0.185546875,0.048828125,0.517578125,0.439453125
44476,-0.048828125,-0.185546875,0.2734375,0.361328125
44477,-0.224609375,-0.09765625,0.44921875,0.546875
44478,-0.15625,0,0.576171875,0.400390625
44479,0,0.048828125,0.244140625,0.37109375
44480,-0.205078125,0.0390625,0.44921875,0.48828125
44481,-0.166015625,0.068359375,0.458984375,0.41015625
44482,-0.048828125,0.0390625,0.576171875,0.33203125
44483,0.048828125,-0.087890625,0.478515625,0.25390625
44484,-0.166015625,-0.078125,0.458984375,0.390625
44485,0,-0.068359375,0.546875,0.3125
44486,0.09765625,0.087890625,0.458984375,0.205078125
44487,0.01953125,-0.05859375,0.44921875,0.361328125
44488,0.009765625,-0.13671875,0.56640625,0.41015625
44489,0.205078125,-0.048828125,0.498046875,0.537109375
44490,0.087890625,-0.01953125,0.400390625,0.37109375
44491,-0.01953125,-0.048828125,0.380859375,0.400390625
44492,-0.087890625,-0.068359375,0.41015625,0.517578125
44493,-0.029296875,0.009765625,0.48828125,0.37109375
44494,-0.01953125,-0.068359375,0.3515625,0.390625
44495,-0.1171875,-0.078125,0.419921875,0.44921875
44496,-0.048828125,0.009765625,0.478515625,0.400390625
44497,-0.05859375,-0.078125,0.478515625,0.41015625
44498,-0.05859375,-0.01953125,0.37109375,0.263671875
44499,-0.009765625,-0.009765625,0.458984375,0.33203125
44500,0.009765625,-0.05859375,0.458984375,0.380859375
44501,-0.029296875,-0.0390625,0.546875,0.3125
44502,-0.01953125,-0.126953125,0.5078125,0.41015625
44503,-0.009765625,-0.01953125,0.576171875,0.380859375
44504,-0.009765625,-0.05859375,0.44921875,0.29296875
44505,-0.05859375,-0.13671875,0.478515625,0.400390625
44506,-0.05859375,-0.05859375,0.400390625,0.41015625
44507,0,-0.09765625,0.4296875,0.419921875
44508,0,-0.09765625,0.439453125,0.37109375
44509,0.009765625,-0.068359375,0.419921875,0.400390625
44510,-0.01953125,-0.1171875,0.44921875,0.341796875
44511,0.009765625,-0.09765625,0.4296875,0.37109375
44512,0.048828125,-0.087890625,0.439453125,0.37109375
44513,-0.05859375,0.01953125,0.380859375,0.439453125
44514,-0.009765625,0.009765625,0.419921875,0.458984375
44515,-0.01953125,-0.05859375,0.3515625,0.3515625
44516,-0.01953125,-0.078125,0.419921875,0.4296875
44517,-0.01953125,0.009765625,0.390625,0.33203125
44518,-0.068359375,-0.048828125,0.44921875,0.390625
44519,-0.01953125,-0.21484375,0.37109375,0.302734375
44520,-0.087890625,-0.029296875,0.4296875,0.419921875
44521,-0.1171875,-0.1171875,0.517578125,0.341796875
44522,-0.029296875,-0.087890625,0.458984375,0.224609375
44523,0,-0.05859375,0.5078125,0.458984375
44524,-0.01953125,-0.01953125,0.48828125,0.361328125
44525,-0.068359375,0.068359375,0.537109375,0.1953125
44526,-0.048828125,-0.009765625,0.41015625,0.46875
44527,-0.05859375,0.0390625,0.400390625,0.3515625
44528,0.01953125,-0.087890625,0.419921875,0.5078125
44529,-0.078125,-0.107421875,0.458984375,0.380859375
44530,-0.0390625,-0.341796875,0.419921875,0.361328125
44531,0.009765625,-0.048828125,0.595703125,0.517578125
44532,-0.009765625,-0.078125,0.478515625,0.380859375
44533,0.0390625,-0.263671875,0.458984375,0.380859375
44534,-0.01953125,-0.1171875,0.46875,0.33203125
44535,0.009765625,-0.0390625,0.439453125,0.380859375
44536,-0.01953125,-0.2734375,0.400390625,0.380859375
44537,-0.087890625,-0.1171875,0.1953125,0.3125
44538,-0.185546875,-0.0390625,0.37109375,0.458984375
44539,-0.068359375,0.146484375,0.4296875,0.380859375
44540,-0.09765625,0.05859375,0.361328125,0.3125
44541,-0.146484375,-0.029296875,0.4296875,0.458984375
44542,-0.0390625,0.078125,0.44921875,0.390625
44543,0,0.068359375,0.33203125,0.4296875
44544,-0.126953125,-0.029296875,0.44921875,0.234375
44545,-0.048828125,-0.234375,0.4296875,0.380859375
44546,0.01953125,0.029296875,0.615234375,0.390625
44547,0.126953125,-0.05859375,0.439453125,0.263671875
44548,-0.029296875,-0.224609375,0.458984375,0.380859375
44549,0.0390625,-0.107421875,0.5859375,0.400390625
44550,0.234375,-0.1171875,0.46875,0.3125
44551,0.078125,-0.234375,0.3515625,0.44921875
44552,-0.009765625,-0.166015625,0.302734375,0.390625
44553,-0.185546875,-0.009765625,0.41015625,0.458984375
44554,-0.01953125,0.029296875,0.3125,0.390625
44555,0.048828125,-0.0390625,0.322265625,0.400390625
44556,-0.1953125,-0.01953125,0.390625,0.46875
44557,-0.029296875,0,0.4296875,0.419921875
44558,-0.01953125,-0.029296875,0.3125,0.361328125
44559,-0.205078125,-0.126953125,0.44921875,0.185546875
44560,-0.009765625,-0.09765625,0.4296875,0.380859375
44561,0.009765625,0,0.556640625,0.361328125
44562,0.078125,-0.048828125,0.400390625,0.166015625
44563,-0.05859375,-0.087890625,0.44921875,0.4296875
44564,-0.01953125,-0.078125,0.52734375,0.419921875
44565,0.166015625,-0.107421875,0.458984375,0.146484375
44566,-0.009765625,-0.05859375,0.400390625,0.390625
44567,-0.05859375,-0.068359375,0.341796875,0.400390625
44568,-0.01953125,-0.048828125,0.4296875,0.6640625
44569,-0.0390625,-0.068359375,0.439453125,0.361328125
44570,0.0390625,-0.029296875,0.3515625,0.390625
44571,-0.068359375,-0.087890625,0.41015625,0.615234375
44572,0.01953125,-0.078125,0.37109375,0.3125
44573,-0.01953125,-0.107421875,0.322265625,0.400390625
44574,-0.05859375,-0.15625,0.44921875,0.224609375
44575,-0.009765625,-0.05859375,0.48828125,0.400390625
44576,-0.01953125,-0.01953125,0.546875,0.361328125
44577,0,-0.205078125,0.4296875,0.185546875
44578,0.009765625,-0.0390625,0.478515625,0.419921875
44579,-0.009765625,-0.05859375,0.537109375,0.380859375
44580,0.0390625,0.087890625,0.419921875,0.25390625
44581,0.009765625,-0.029296875,0.458984375,0.41015625
44582,-0.01953125,-0.009765625,0.380859375,0.390625
44583,0.009765625,0.078125,0.44921875,0.44921875
44584,-0.05859375,-0.048828125,0.546875,0.361328125
44585,-0.068359375,-0.078125,0.361328125,0.361328125
44586,-0.068359375,0.009765625,0.458984375,0.419921875
44587,0.009765625,-0.0390625,0.48828125,0.400390625
44588,0.009765625,-0.0390625,0.361328125,0.37109375
44589,0.01953125,-0.224609375,0.380859375,0.380859375
44590,-0.068359375,-0.048828125,0.419921875,0.361328125
44591,0.078125,-0.087890625,0.44921875,0.400390625
44592,-0.05859375,-0.205078125,0.380859375,0.322265625
44593,-0.01953125,-0.029296875,0.380859375,0.419921875
44594,0.13671875,-0.185546875,0.48828125,0.37109375
44595,0.009765625,0.009765625,0.341796875,0.400390625
44596,-0.01953125,-0.166015625,0.380859375,0.419921875
44597,-0.05859375,-0.21484375,0.46875,0.380859375
44598,-0.078125,-0.009765625,0.302734375,0.380859375
44599,-0.0390625,-0.048828125,0.380859375,0.380859375
44600,-0.126953125,0.1171875,0.46875,0.390625
44601,-0.048828125,-0.029296875,0.52734375,0.419921875
44602,-0.05859375,-0.048828125,0.419921875,0.361328125
44603,0.048828125,0.0390625,0.400390625,0.3125
44604,-0.05859375,-0.05859375,0.46875,0.37109375
44605,-0.048828125,-0.048828125,0.41015625,0.3515625
44606,0.029296875,0.087890625,0.44921875,0.400390625
44607,-0.009765625,-0.0390625,0.380859375,0.341796875
44608,0.029296875,-0.078125,0.458984375,0.341796875
44609,0.029296875,-0.185546875,0.41015625,0.390625
44610,-0.029296875,-0.0390625,0.341796875,0.37109375
44611,0.048828125,-0.107421875,0.44921875,0.390625
44612,0.009765625,-0.21484375,0.3515625,0.37109375
44613,-0.029296875,-0.078125,0.44921875,0.380859375
44614,0.078125,-0.05859375,0.4296875,0.41015625
44615,0.05859375,0.05859375,0.37109375,0.400390625
44616,-0.0390625,-0.09765625,0.302734375,0.41015625
44617,-0.078125,-0.13671875,0.439453125,0.37109375
44618,-0.05859375,0.009765625,0.37109375,0.361328125
44619,0.048828125,-0.078125,0.380859375,0.322265625
44620,-0.048828125,-0.078125,0.41015625,0.3515625
44621,-0.05859375,0.068359375,0.5078125,0.390625
44622,-0.05859375,-0.068359375,0.693359375,0.322265625
44623,-0.029296875,-0.078125,0.458984375,0.263671875
44624,-0.029296875,-0.205078125,0.517578125,0.37109375
44625,-0.009765625,0.009765625,0.625,0.37109375
44626,0.087890625,-0.009765625,0.458984375,0.234375
44627,-0.01953125,-0.078125,0.439453125,0.3515625
44628,-0.048828125,-0.078125,0.615234375,0.419921875
44629,0.01953125,-0.05859375,0.439453125,0.68359375
44630,-0.029296875,-0.029296875,0.380859375,0.419921875
44631,-0.068359375,-0.01953125,0.25390625,0.400390625
44632,-0.009765625,-0.0390625,0.419921875,0.556640625
44633,-0.0390625,-0.087890625,0.390625,0.3125
44634,-0.107421875,-0.09765625,0.263671875,0.390625
44635,-0.01953125,-0.1953125,0.400390625,0.615234375
44636,0.01953125,-0.05859375,0.52734375,0.400390625
44637,0.0390625,-0.087890625,0.64453125,0.37109375
44638,-0.0390625,-0.17578125,0.41015625,0.146484375
44639,0,-0.01953125,0.478515625,0.44921875
44640,0.068359375,-0.0390625,0.546875,0.380859375
44641,-0.029296875,-0.126953125,0.41015625,0.13671875
44642,-0.068359375,0.009765625,0.439453125,0.46875
44643,-0.1953125,-0.087890625,0.595703125,0.37109375
44644,0,0.048828125,0.4296875,0.537109375
44645,-0.01953125,-0.068359375,0.419921875,0.4296875
44646,-0.1953125,-0.1171875,0.37109375,0.33203125
44647,0.048828125,0.09765625,0.439453125,0.546875
44648,0.029296875,-0.087890625,0.4296875,0.2734375
44649,-0.126953125,-0.107421875,0.33203125,0.41015625
44650,0.009765625,-0.17578125,0.419921875,0.556640625
44651,0,-0.029296875,0.478515625,0.25390625
44652,0.068359375,-0.068359375,0.44921875,0.4296875
44653,-0.029296875,-0.1953125,0.419921875,0.3125
44654,-0.029296875,-0.009765625,0.4296875,0.5859375
44655,0.126953125,0.126953125,0.5078125,0.41015625
44656,0.01953125,-0.244140625,0.302734375,0.37109375
44657,0.0390625,-0.029296875,0.4296875,0.537109375
44658,-0.107421875,0.048828125,0.478515625,0.390625
44659,0.029296875,0.048828125,0.41015625,0.390625
44660,-0.068359375,-0.01953125,0.439453125,0.419921875
44661,-0.15625,0.1171875,0.52734375,0.439453125
44662,-0.0390625,0.126953125,0.634765625,0.439453125
44663,0.0390625,-0.05859375,0.419921875,0.234375
44664,-0.1171875,-0.205078125,0.419921875,0.29296875
44665,-0.029296875,-0.15625,0.595703125,0.390625
44666,0.029296875,-0.01953125,0.419921875,0.2734375
44667,0,-0.166015625,0.390625,0.322265625
44668,-0.029296875,-0.15625,0.654296875,0.380859375
44669,0.05859375,-0.048828125,0.458984375,0.48828125
44670,0.01953125,0,0.400390625,0.390625
44671,0.01953125,-0.15625,0.244140625,0.380859375
44672,-0.009765625,-0.05859375,0.419921875,0.46875
44673,-0.048828125,-0.068359375,0.37109375,0.390625
44674,-0.0390625,-0.0390625,0.380859375,0.380859375
44675,-0.01953125,-0.13671875,0.41015625,0.546875
44676,0.0390625,0,0.44921875,0.41015625
44677,-0.029296875,-0.05859375,0.46875,0.380859375
44678,0.029296875,-0.029296875,0.41015625,0.224609375
44679,-0.009765625,-0.048828125,0.44921875,0.37109375
44680,-0.029296875,-0.009765625,0.5078125,0.400390625
44681,-0.087890625,0.009765625,0.439453125,0.146484375
44682,0.01953125,-0.0390625,0.498046875,0.37109375
44683,-0.029296875,-0.029296875,0.546875,0.29296875
44684,-0.029296875,-0.048828125,0.52734375,0.400390625
44685,-0.048828125,-0.078125,0.46875,0.361328125
44686,-0.029296875,-0.01953125,0.615234375,0.33203125
44687,-0.048828125,-0.107421875,0.46875,0.3515625
44688,-0.029296875,-0.078125,0.498046875,0.390625
44689,0.01953125,-0.068359375,0.537109375,0.4296875
44690,0,0,0.439453125,0.244140625
44691,0.0390625,-0.17578125,0.458984375,0.390625
44692,0.009765625,-0.078125,0.29296875,0.390625
44693,-0.01953125,-0.05859375,0.4296875,0.439453125
44694,0.009765625,-0.068359375,0.41015625,0.390625
44695,-0.009765625,-0.078125,0.25390625,0.390625
44696,-0.0390625,-0.185546875,0.478515625,0.44921875
44697,-0.048828125,-0.029296875,0.458984375,0.380859375
44698,0,-0.087890625,0.224609375,0.380859375
44699,0,0.029296875,0.439453125,0.3125
44700,-0.029296875,-0.009765625,0.390625,0.380859375
44701,-0.05859375,-0.05859375,0.595703125,0.37109375
44702,-0.029296875,0.0390625,0.556640625,0.2734375
44703,-0.185546875,-0.078125,0.400390625,0.3125
44704,-0.146484375,-0.029296875,0.72265625,0.439453125
44705,0.01953125,-0.15625,0.576171875,0.341796875
44706,-0.0390625,-0.029296875,0.439453125,0.341796875
44707,-0.05859375,-0.107421875,0.234375,0.400390625
44708,0.009765625,-0.09765625,0.517578125,0.458984375
44709,-0.17578125,-0.05859375,0.4296875,0.3125
44710,0.029296875,-0.1171875,0.3125,0.380859375
44711,0.029296875,-0.13671875,0.439453125,0.458984375
44712,0.13671875,-0.126953125,0.46875,0.283203125
44713,0.048828125,-0.234375,0.322265625,0.341796875
44714,0.01953125,-0.0390625,0.33203125,0.380859375
44715,0.13671875,-0.078125,0.478515625,0.263671875
44716,0.009765625,-0.25390625,0.52734375,0.4296875
44717,-0.029296875,-0.029296875,0.419921875,0.341796875
44718,-0.17578125,-0.048828125,0.498046875,0.478515625
44719,0.078125,0.01953125,0.5078125,0.361328125
44720,-0.029296875,-0.029296875,0.380859375,0.380859375
44721,-0.21484375,-0.0390625,0.4296875,0.439453125
44722,-0.068359375,-0.009765625,0.439453125,0.37109375
44723,0.009765625,-0.0390625,0.37109375,0.37109375
44724,-0.283203125,-0.01953125,0.48828125,0.2734375
44725,-0.29296875,-0.224609375,0.361328125,0.439453125
44726,0.029296875,-0.0390625,0.46875,0.380859375
44727,0.1171875,-0.078125,0.4296875,0.2734375
44728,0,-0.2734375,0.439453125,0.3515625
44729,0,-0.146484375,0.498046875,0.41015625
44730,0.13671875,-0.01953125,0.419921875,0.29296875
44731,0.01953125,-0.322265625,0.361328125,0.380859375
44732,-0.01953125,-0.09765625,0.390625,0.419921875
44733,-0.13671875,-0.068359375,0.439453125,0.537109375
44734,-0.01953125,0.09765625,0.41015625,0.419921875
44735,0.01953125,-0.078125,0.41015625,0.41015625
44736,-0.107421875,0,0.400390625,0.48828125
44737,-0.048828125,0.17578125,0.458984375,0.400390625
44738,-0.048828125,-0.068359375,0.380859375,0.390625
44739,-0.146484375,-0.029296875,0.380859375,0.244140625
44740,-0.048828125,-0.166015625,0.46875,0.4296875
44741,-0.009765625,-0.107421875,0.537109375,0.390625
44742,0.0390625,-0.029296875,0.419921875,0.3125
44743,-0.05859375,-0.146484375,0.439453125,0.390625
44744,-0.068359375,-0.068359375,0.712890625,0.439453125
44745,0.166015625,-0.05859375,0.498046875,0.302734375
44746,-0.029296875,-0.166015625,0.4296875,0.419921875
44747,-0.0390625,-0.01953125,0.224609375,0.380859375
44748,-0.0390625,-0.09765625,0.46875,0.5078125
44749,-0.01953125,-0.05859375,0.4296875,0.3515625
44750,-0.09765625,-0.087890625,0.3125,0.37109375
44751,-0.01953125,-0.05859375,0.419921875,0.439453125
44752,0,-0.107421875,0.37109375,0.380859375
44753,0.205078125,-0.068359375,0.234375,0.37109375
44754,0,-0.078125,0.46875,0.361328125
44755,0.009765625,-0.01953125,0.44921875,0.400390625
44756,0.15625,-0.05859375,0.5078125,0.400390625
44757,-0.009765625,-0.078125,0.400390625,0.400390625
44758,-0.009765625,-0.01953125,0.5078125,0.361328125
44759,0.13671875,-0.078125,0.5078125,0.400390625
44760,-0.029296875,0.009765625,0.44921875,0.322265625
44761,-0.0390625,-0.029296875,0.46875,0.380859375
44762,-0.205078125,-0.0390625,0.41015625,0.2734375
44763,-0.01953125,0.09765625,0.41015625,0.41015625
44764,-0.029296875,-0.068359375,0.478515625,0.1953125
44765,-0.1171875,-0.01953125,0.29296875,0.3515625
44766,-0.107421875,0.009765625,0.419921875,0.361328125
44767,-0.05859375,-0.05859375,0.46875,0.224609375
44768,0.185546875,-0.166015625,0.361328125,0.390625
44769,-0.048828125,-0.205078125,0.478515625,0.400390625
44770,-0.048828125,-0.05859375,0.380859375,0.341796875
44771,0.17578125,-0.17578125,0.400390625,0.341796875
44772,-0.009765625,-0.21484375,0.439453125,0.380859375
44773,0.048828125,-0.15625,0.29296875,0.537109375
44774,0.107421875,0,0.4296875,0.400390625
44775,0.009765625,0.009765625,0.390625,0.37109375
44776,0.185546875,-0.087890625,0.439453125,0.498046875
44777,-0.009765625,-0.01953125,0.44921875,0.3125
44778,-0.009765625,-0.029296875,0.322265625,0.341796875
44779,0.15625,-0.0390625,0.41015625,0.166015625
44780,-0.048828125,-0.048828125,0.380859375,0.390625
44781,-0.048828125,0.068359375,0.48828125,0.29296875
44782,-0.185546875,0.01953125,0.5078125,0.3125
44783,-0.009765625,0.048828125,0.4296875,0.37109375
44784,-0.009765625,-0.107421875,0.556640625,0.400390625
44785,-0.126953125,-0.09765625,0.46875,0.21484375
44786,-0.009765625,-0.048828125,0.46875,0.37109375
44787,0.05859375,-0.107421875,0.400390625,0.390625
44788,0.13671875,-0.078125,0.41015625,0.400390625
44789,0.01953125,-0.13671875,0.41015625,0.380859375
44790,-0.009765625,-0.029296875,0.419921875,0.400390625
44791,0.146484375,-0.05859375,0.361328125,0.400390625
44792,0.05859375,-0.126953125,0.37109375,0.361328125
44793,0.048828125,-0.107421875,0.361328125,0.41015625
44794,0.13671875,-0.09765625,0.341796875,0.76171875
44795,0,-0.029296875,0.380859375,0.419921875
44796,-0.0390625,-0.107421875,0.380859375,0.390625
44797,-0.17578125,-0.0390625,0.37109375,0.64453125
44798,-0.029296875,-0.0390625,0.458984375,0.361328125
44799,0,-0.0390625,0.458984375,0.361328125
44800,-0.185546875,-0.068359375,0.44921875,0.654296875
44801,0,-0.01953125,0.458984375,0.400390625
44802,-0.01953125,0,0.44921875,0.3515625
44803,0.087890625,-0.1171875,0.400390625,0
44804,-0.048828125,-0.05859375,0.44921875,0.400390625
44805,0.01953125,0,0.478515625,0.322265625
44806,0.087890625,-0.087890625,0.44921875,0.15625
44807,0.029296875,-0.107421875,0.3125,0.37109375
44808,0.009765625,0.01953125,0.478515625,0.37109375
44809,0.078125,-0.0390625,0.380859375,0.52734375
44810,-0.048828125,-0.009765625,0.439453125,0.390625
44811,-0.009765625,-0.05859375,0.234375,0.439453125
44812,-0.048828125,-0.1171875,0.419921875,0.498046875
44813,-0.05859375,-0.1171875,0.4296875,0.37109375
44814,0,-0.078125,0.400390625,0.439453125
44815,-0.048828125,-0.048828125,0.37109375,0.546875
44816,-0.009765625,0,0.419921875,0.390625
44817,0.01953125,-0.068359375,0.546875,0.37109375
44818,-0.068359375,-0.009765625,0.390625,0.25390625
44819,0.009765625,-0.01953125,0.4296875,0.4296875
44820,0.15625,-0.087890625,0.68359375,0.419921875
44821,-0.0390625,-0.107421875,0.3125,0.185546875
44822,-0.05859375,-0.009765625,0.4296875,0.37109375
44823,-0.185546875,-0.048828125,0.634765625,0.341796875
44824,-0.0390625,0.029296875,0.419921875,0.439453125
44825,0.029296875,-0.068359375,0.400390625,0.380859375
44826,-0.17578125,-0.01953125,0.283203125,0.400390625
44827,0.009765625,0.0390625,0.537109375,0.5078125
44828,0.13671875,-0.048828125,0.46875,0.380859375
44829,-0.05859375,-0.13671875,0.302734375,0.390625
44830,-0.029296875,-0.15625,0.458984375,0.439453125
44831,0.146484375,-0.0390625,0.419921875,0.37109375
44832,0.1171875,-0.048828125,0.517578125,0.400390625
44833,-0.048828125,-0.15625,0.52734375,0.341796875
44834,0.126953125,-0.048828125,0.458984375,0.537109375
44835,0.13671875,0.107421875,0.48828125,0.3515625
44836,-0.029296875,-0.1953125,0.234375,0.37109375
44837,-0.21484375,-0.078125,0.390625,0.52734375
44838,-0.1171875,0.078125,0.4296875,0.37109375
44839,-0.009765625,0.078125,0.185546875,0.37109375
44840,-0.185546875,-0.01953125,0.458984375,0.5078125
44841,-0.13671875,0.13671875,0.361328125,0.361328125
44842,-0.01953125,0,0.546875,0.341796875
44843,0.1171875,-0.0390625,0.46875,0.263671875
44844,-0.15625,-0.048828125,0.419921875,0.33203125
44845,-0.126953125,-0.068359375,0.615234375,0.283203125
44846,0.205078125,-0.0390625,0.439453125,0.185546875
44847,0.068359375,-0.21484375,0.5078125,0.400390625
44848,0.01953125,-0.078125,0.64453125,0.37109375
44849,0.146484375,-0.09765625,0.517578125,0.478515625
44850,0.078125,-0.13671875,0.361328125,0.341796875
44851,0.01953125,-0.048828125,0.302734375,0.41015625
44852,-0.078125,-0.05859375,0.439453125,0.5078125
44853,-0.05859375,-0.048828125,0.439453125,0.380859375
44854,0.009765625,-0.048828125,0.3515625,0.419921875
44855,-0.068359375,-0.029296875,0.4296875,0.517578125
44856,0.01953125,-0.029296875,0.400390625,0.3125
44857,-0.029296875,-0.068359375,0.3125,0.419921875
44858,-0.068359375,-0.107421875,0.361328125,0.3515625
44859,-0.048828125,0.048828125,0.44921875,0.390625
44860,-0.068359375,0,0.390625,0.390625
44861,-0.0390625,-0.048828125,0.400390625,0.263671875
44862,-0.0390625,-0.078125,0.478515625,0.3515625
44863,-0.05859375,-0.048828125,0.390625,0.361328125
44864,-0.01953125,-0.0390625,0.458984375,0.3125
44865,-0.009765625,-0.13671875,0.4296875,0.283203125
44866,-0.01953125,-0.009765625,0.390625,0.37109375
44867,-0.009765625,-0.107421875,0.41015625,0.556640625
44868,-0.048828125,-0.09765625,0.595703125,0.33203125
44869,-0.01953125,-0.048828125,0.400390625,0.4296875
44870,0,-0.087890625,0.439453125,0.478515625
44871,0.048828125,-0.1171875,0.44921875,0.380859375
44872,0.009765625,-0.087890625,0.33203125,0.390625
44873,-0.0390625,-0.078125,0.439453125,0.478515625
44874,0.01953125,-0.09765625,0.439453125,0.380859375
44875,0.009765625,-0.048828125,0.44921875,0.390625
44876,0.009765625,-0.048828125,0.400390625,0.576171875
44877,0,-0.0390625,0.44921875,0.380859375
44878,-0.09765625,-0.09765625,0.41015625,0.361328125
44879,0.009765625,-0.029296875,0.380859375,0.205078125
44880,0,-0.068359375,0.46875,0.4296875
44881,-0.107421875,-0.0390625,0.478515625,0.380859375
44882,-0.01953125,-0.05859375,0.419921875,0.263671875
44883,-0.078125,-0.05859375,0.419921875,0.283203125
44884,-0.126953125,-0.0390625,0.546875,0.380859375
44885,-0.029296875,-0.205078125,0.400390625,0.25390625
44886,0.01953125,-0.01953125,0.439453125,0.419921875
44887,0.078125,0.009765625,0.400390625,0.3515625
44888,-0.009765625,-0.09765625,0.400390625,0.556640625
44889,-0.0390625,-0.0390625,0.400390625,0.41015625
44890,0.078125,-0.302734375,0.400390625,0.390625
44891,0,-0.078125,0.458984375,0.556640625
44892,0.029296875,-0.05859375,0.4296875,0.44921875
44893,-0.05859375,-0.341796875,0.400390625,0.361328125
44894,0.029296875,-0.029296875,0.400390625,0.3125
44895,-0.0390625,-0.029296875,0.4296875,0.439453125
44896,-0.0390625,-0.37109375,0.419921875,0.380859375
44897,-0.01953125,-0.05859375,0.458984375,0.17578125
44898,-0.205078125,-0.087890625,0.498046875,0.44921875
44899,-0.05859375,0.1953125,0.37109375,0.419921875
44900,0.009765625,-0.029296875,0.48828125,0.341796875
44901,-0.205078125,0,0.361328125,0.380859375
44902,0.009765625,0.126953125,0.498046875,0.41015625
44903,-0.078125,0.01953125,0.3515625,0.390625
44904,-0.1953125,-0.068359375,0.419921875,0.361328125
44905,-0.048828125,-0.234375,0.498046875,0.37109375
44906,-0.048828125,-0.01953125,0.556640625,0.390625
44907,0.15625,-0.068359375,0.41015625,0.419921875
44908,0.01953125,-0.15625,0.458984375,0.37109375
44909,0.048828125,-0.087890625,0.498046875,0.41015625
44910,0.15625,-0.05859375,0.44921875,0.361328125
44911,-0.029296875,-0.17578125,0.41015625,0.390625
44912,0,-0.068359375,0.390625,0.390625
44913,-0.166015625,0.009765625,0.498046875,0.419921875
44914,0.05859375,0.01953125,0.400390625,0.361328125
44915,-0.009765625,0.009765625,0.29296875,0.361328125
44916,-0.09765625,-0.068359375,0.37109375,0.4296875
44917,0.05859375,0.068359375,0.498046875,0.390625
44918,-0.078125,-0.09765625,0.4296875,0.400390625
44919,-0.126953125,-0.01953125,0.498046875,0.478515625
44920,0.029296875,-0.09765625,0.537109375,0.380859375
44921,-0.009765625,-0.126953125,0.498046875,0.380859375
44922,0.09765625,-0.068359375,0.4296875,0.5078125
44923,-0.01953125,-0.048828125,0.44921875,0.3515625
44924,-0.05859375,-0.05859375,0.5078125,0.37109375
44925,0.048828125,-0.078125,0.44921875,0.478515625
44926,-0.009765625,-0.068359375,0.48828125,0.390625
44927,-0.078125,-0.05859375,0.390625,0.400390625
44928,-0.0390625,0.01953125,0.4296875,0.56640625
44929,0,-0.009765625,0.41015625,0.341796875
44930,0,-0.0390625,0.44921875,0.400390625
44931,-0.01953125,0,0.390625,0.60546875
44932,-0.0390625,-0.078125,0.400390625,0.361328125
44933,-0.029296875,-0.107421875,0.390625,0.380859375
44934,-0.009765625,-0.2734375,0.458984375,0.2734375
44935,0.009765625,-0.087890625,0.44921875,0.41015625
44936,0.009765625,-0.087890625,0.56640625,0.361328125
44937,-0.029296875,-0.322265625,0.4296875,0.302734375
44938,-0.009765625,-0.05859375,0.380859375,0.439453125
44939,0.029296875,-0.01953125,0.46875,0.380859375
44940,0.048828125,0.1171875,0.46875,0.146484375
44941,-0.01953125,-0.068359375,0.390625,0.390625
44942,-0.15625,-0.0390625,0.458984375,0.33203125
44943,0,0.107421875,0.48828125,0.37109375
44944,-0.01953125,-0.0390625,0.400390625,0.380859375
44945,-0.048828125,0.0390625,0.341796875,0.380859375
44946,0.029296875,0.146484375,0.5859375,0.400390625
44947,-0.13671875,-0.078125,0.458984375,0.390625
44948,0.146484375,-0.078125,0.439453125,0.380859375
44949,0.009765625,-0.21484375,0.556640625,0.4296875
44950,-0.087890625,-0.078125,0.380859375,0.33203125
44951,0.1171875,-0.068359375,0.380859375,0.400390625
44952,-0.05859375,-0.205078125,0.25390625,0.5078125
44953,0.029296875,-0.068359375,0.48828125,0.4296875
44954,0.15625,0.01953125,0.361328125,0.390625
44955,0.01953125,0.048828125,0.234375,0.400390625
44956,0.087890625,-0.048828125,0.4296875,0.478515625
44957,-0.185546875,-0.029296875,0.537109375,0.390625
44958,-0.029296875,0.009765625,0.21484375,0.361328125
44959,0.05859375,-0.029296875,0.419921875,0.33203125
44960,-0.146484375,0.17578125,0.478515625,0.380859375
44961,0.01953125,-0.009765625,0.5078125,0.380859375
44962,-0.078125,-0.078125,0.41015625,0.263671875
44963,0.048828125,0.17578125,0.517578125,0.361328125
44964,-0.068359375,-0.087890625,0.556640625,0.3515625
44965,-0.126953125,-0.029296875,0.439453125,0.29296875
44966,-0.029296875,0.1953125,0.380859375,0.419921875
44967,-0.01953125,-0.048828125,0.29296875,0.361328125
44968,0.13671875,-0.048828125,0.48828125,0.4296875
44969,0.048828125,-0.166015625,0.41015625,0.37109375
44970,0,-0.0390625,0.458984375,0.3515625
44971,0.09765625,-0.05859375,0.478515625,0.517578125
44972,-0.009765625,-0.224609375,0.458984375,0.390625
44973,0.009765625,-0.068359375,0.37109375,0.361328125
44974,0.087890625,-0.068359375,0.41015625,0.400390625
44975,-0.0390625,0.09765625,0.439453125,0.37109375
44976,-0.048828125,-0.068359375,0.458984375,0.400390625
44977,-0.09765625,-0.048828125,0.46875,0.3515625
44978,-0.068359375,0.078125,0.390625,0.390625
44979,-0.009765625,-0.029296875,0.419921875,0.341796875
44980,-0.078125,-0.1171875,0.458984375,0.390625
44981,-0.01953125,0.068359375,0.41015625,0.419921875
44982,0.029296875,-0.01953125,0.712890625,0.419921875
44983,0.009765625,-0.029296875,0.48828125,0.380859375
44984,-0.048828125,-0.15625,0.458984375,0.380859375
44985,-0.09765625,-0.05859375,0.625,0.3125
44986,0.078125,-0.087890625,0.44921875,0.458984375
44987,-0.01953125,-0.1171875,0.400390625,0.380859375
44988,0.126953125,-0.09765625,0.72265625,0.400390625
44989,0.01953125,-0.048828125,0.400390625,0.478515625
44990,-0.009765625,-0.048828125,0.400390625,0.390625
44991,0.107421875,-0.048828125,0.224609375,0.380859375
44992,0.048828125,-0.068359375,0.400390625,0.52734375
44993,0.01953125,-0.009765625,0.390625,0.419921875
44994,0.107421875,-0.05859375,0.1953125,0.439453125
44995,0.009765625,-0.068359375,0.41015625,0.48828125
44996,0.029296875,-0.029296875,0.41015625,0.37109375
44997,-0.01953125,-0.0390625,0.595703125,0.361328125
44998,-0.068359375,-0.185546875,0.4296875,0.234375
44999,-0.05859375,-0.0390625,0.458984375,0.478515625
45000,-0.029296875,-0.01953125,0.546875,0.341796875
45001,-0.0390625,-0.166015625,0.4296875,0.09765625
45002,-0.048828125,-0.09765625,0.439453125,0.478515625
45003,-0.048828125,0.0390625,0.634765625,0.37109375
45004,0.029296875,0.087890625,0.478515625,0.478515625
45005,-0.029296875,-0.126953125,0.44921875,0.41015625
45006,-0.048828125,-0.087890625,0.361328125,0.380859375
45007,0.0390625,0.048828125,0.48828125,0.52734375
45008,0.029296875,-0.107421875,0.400390625,0.3515625
45009,-0.029296875,-0.01953125,0.322265625,0.400390625
45010,0.0390625,-0.234375,0.537109375,0.498046875
45011,0.009765625,-0.1171875,0.48828125,0.341796875
45012,0.078125,-0.009765625,0.4296875,0.419921875
45013,-0.009765625,-0.166015625,0.56640625,0.3515625
45014,0.078125,-0.05859375,0.439453125,0.56640625
45015,0.01953125,0.05859375,0.439453125,0.33203125
45016,0,-0.1953125,0.166015625,0.3515625
45017,0.009765625,-0.126953125,0.439453125,0.458984375
45018,-0.009765625,-0.009765625,0.44921875,0.390625
45019,0.029296875,-0.009765625,0.283203125,0.361328125
45020,0.087890625,-0.01953125,0.419921875,0.556640625
45021,-0.068359375,0.078125,0.44921875,0.41015625
45022,-0.048828125,0.068359375,0.60546875,0.37109375
45023,0.05859375,-0.05859375,0.419921875,0.263671875
45024,-0.009765625,-0.15625,0.439453125,0.37109375
45025,0.05859375,-0.146484375,0.576171875,0.3515625
45026,0.01953125,-0.068359375,0.458984375,0.29296875
45027,0.029296875,-0.146484375,0.37109375,0.341796875
45028,0.078125,-0.09765625,0.556640625,0.419921875
45029,0.0390625,-0.05859375,0.419921875,0.52734375
45030,0.048828125,-0.029296875,0.33203125,0.37109375
45031,0.1171875,-0.09765625,0.3125,0.419921875
45032,0.01953125,-0.107421875,0.419921875,0.46875
45033,0.068359375,-0.087890625,0.390625,0.361328125
45034,0.048828125,-0.0390625,0.244140625,0.390625
45035,-0.029296875,-0.029296875,0.458984375,0.517578125
45036,-0.0390625,-0.087890625,0.439453125,0.302734375
45037,-0.048828125,-0.029296875,0.517578125,0.419921875
45038,-0.087890625,0,0.44921875,0.3515625
45039,0.107421875,-0.068359375,0.44921875,0.400390625
45040,-0.009765625,-0.048828125,0.537109375,0.390625
45041,0.01953125,-0.0390625,0.458984375,0.21484375
45042,-0.009765625,-0.0390625,0.400390625,0.322265625
45043,0.009765625,-0.01953125,0.498046875,0.33203125
45044,-0.078125,-0.05859375,0.4296875,0.341796875
45045,0.009765625,-0.087890625,0.419921875,0.380859375
45046,0,-0.078125,0.5078125,0.3515625
45047,0.09765625,-0.0390625,0.44921875,0.37109375
45048,0,-0.078125,0.478515625,0.400390625
45049,0,-0.01953125,0.595703125,0.4296875
45050,0.0390625,-0.15625,0.4296875,0.341796875
45051,0.029296875,-0.068359375,0.390625,0.44921875
45052,0.009765625,-0.087890625,0.244140625,0.3515625
45053,-0.029296875,-0.205078125,0.498046875,0.48828125
45054,0.009765625,-0.068359375,0.4296875,0.380859375
45055,-0.009765625,-0.01953125,0.224609375,0.4296875
45056,0.01953125,-0.068359375,0.33203125,0.478515625
45057,-0.068359375,-0.05859375,0.361328125,0.37109375
45058,0.009765625,-0.01953125,0.15625,0.29296875
45059,-0.029296875,0.078125,0.400390625,0.224609375
45060,0.048828125,-0.048828125,0.4296875,0.400390625
45061,-0.01953125,-0.01953125,0.673828125,0.41015625
45062,-0.01953125,-0.009765625,0.52734375,0.205078125
45063,-0.048828125,-0.0390625,0.703125,0.322265625
45064,-0.01953125,-0.048828125,0.68359375,0.390625
45065,-0.009765625,-0.21484375,0.419921875,0.2734375
45066,-0.087890625,-0.048828125,0.41015625,0.37109375
45067,0.126953125,-0.078125,0.29296875,0.380859375
45068,0.01953125,-0.17578125,0.33203125,0.48828125
45069,-0.126953125,-0.068359375,0.419921875,0.341796875
45070,0.0390625,-0.09765625,0.2734375,0.380859375
45071,0.01953125,-0.224609375,0.419921875,0.46875
45072,0.09765625,-0.1171875,0.517578125,0.380859375
45073,-0.029296875,-0.087890625,0.29296875,0.322265625
45074,0.01953125,-0.01953125,0.3125,0.400390625
45075,0.166015625,-0.029296875,0.478515625,0.341796875
45076,0,-0.068359375,0.5078125,0.3515625
45077,0.087890625,-0.01953125,0.556640625,0.37109375
45078,-0.29296875,-0.0390625,0.44921875,0.419921875
45079,-0.05859375,-0.029296875,0.556640625,0.3515625
45080,-0.009765625,-0.009765625,0.5078125,0.390625
45081,-0.25390625,0,0.419921875,0.361328125
45082,0,0.029296875,0.419921875,0.361328125
45083,-0.009765625,-0.009765625,0.576171875,0.400390625
45084,-0.21484375,-0.048828125,0.498046875,0.3125
45085,0.01953125,-0.25390625,0.46875,0.3515625
45086,0.09765625,-0.01953125,0.380859375,0.380859375
45087,0.126953125,-0.09765625,0.439453125,0.341796875
45088,0.009765625,-0.263671875,0.41015625,0.439453125
45089,0.029296875,-0.087890625,0.44921875,0.400390625
45090,0.13671875,-0.009765625,0.46875,0.33203125
45091,0.01953125,-0.25390625,0.498046875,0.3515625
45092,-0.01953125,-0.0390625,0.41015625,0.458984375
45093,-0.09765625,-0.078125,0.380859375,0.46875
45094,0.009765625,0.09765625,0.44921875,0.400390625
45095,0.009765625,-0.05859375,0.478515625,0.458984375
45096,-0.068359375,-0.068359375,0.419921875,0.439453125
45097,0.009765625,0.087890625,0.458984375,0.419921875
45098,0.0390625,-0.1953125,0.400390625,0.361328125
45099,-0.1171875,-0.048828125,0.439453125,0.3515625
45100,0.009765625,-0.068359375,0.478515625,0.419921875
45101,-0.01953125,-0.048828125,0.52734375,0.400390625
45102,0.009765625,-0.048828125,0.498046875,0.21484375
45103,-0.009765625,-0.146484375,0.400390625,0.361328125
45104,0,0.009765625,0.654296875,0.29296875
45105,0.0390625,-0.048828125,0.458984375,0.37109375
45106,0.009765625,-0.126953125,0.41015625,0.3515625
45107,-0.1953125,-0.0390625,0.33203125,0.390625
45108,-0.01953125,-0.078125,0.3515625,0.537109375
45109,0.01953125,0,0.46875,0.361328125
45110,-0.126953125,-0.09765625,0.33203125,0.419921875
45111,-0.0390625,-0.087890625,0.458984375,0.498046875
45112,0.01953125,-0.078125,0.390625,0.380859375
45113,0.078125,-0.09765625,0.322265625,0.41015625
45114,0.048828125,-0.09765625,0.41015625,0.390625
45115,0.0390625,-0.05859375,0.37109375,0.37109375
45116,0.166015625,-0.087890625,0.4296875,0.37109375
45117,0.009765625,-0.078125,0.380859375,0.41015625
45118,-0.029296875,-0.068359375,0.400390625,0.517578125
45119,0.13671875,-0.107421875,0.546875,0.361328125
45120,-0.009765625,0.05859375,0.41015625,0.322265625
45121,-0.009765625,-0.029296875,0.458984375,0.380859375
45122,-0.1171875,-0.0390625,0.400390625,0.3515625
45123,-0.01953125,0.068359375,0.458984375,0.302734375
45124,-0.0390625,-0.146484375,0.478515625,0.29296875
45125,-0.166015625,0.13671875,0.439453125,0.37109375
45126,-0.01953125,0.009765625,0.419921875,0.25390625
45127,0.048828125,-0.068359375,0.390625,0.234375
45128,0.087890625,0.078125,0.380859375,0.380859375
45129,-0.029296875,-0.185546875,0.41015625,0.498046875
45130,-0.0390625,-0.068359375,0.390625,0.263671875
45131,0.15625,0.009765625,0.44921875,0.390625
45132,0.01953125,-0.244140625,0.341796875,0.419921875
45133,0.05859375,-0.078125,0.4296875,0.52734375
45134,0.126953125,-0.05859375,0.380859375,0.419921875
45135,0.0390625,0.09765625,0.3515625,0.46875
45136,0.01953125,-0.087890625,0.390625,0.52734375
45137,-0.1171875,-0.1171875,0.48828125,0.390625
45138,-0.05859375,0.087890625,0.361328125,0.3125
45139,0.087890625,-0.029296875,0.4296875,0.2734375
45140,-0.107421875,0,0.537109375,0.390625
45141,-0.068359375,0.05859375,0.615234375,0.341796875
45142,-0.185546875,0.01953125,0.478515625,0.283203125
45143,0,0.029296875,0.458984375,0.3515625
45144,-0.009765625,-0.126953125,0.634765625,0.41015625
45145,-0.17578125,-0.0390625,0.4296875,0.29296875
45146,-0.009765625,0.01953125,0.4296875,0.322265625
45147,0.0390625,-0.107421875,0.322265625,0.37109375
45148,0.21484375,-0.126953125,0.4296875,0.41015625
45149,0.107421875,-0.15625,0.44921875,0.390625
45150,0.01953125,-0.029296875,0.283203125,0.41015625
45151,0.15625,-0.0390625,0.41015625,0.478515625
45152,0.01953125,-0.15625,0.400390625,0.400390625
45153,-0.009765625,-0.009765625,0.25390625,0.41015625
45154,0.234375,-0.029296875,0.419921875,0.5859375
45155,0,0,0.419921875,0.41015625
45156,-0.0390625,-0.009765625,0.458984375,0.400390625
45157,-0.15625,-0.078125,0.4296875,0.64453125
45158,0,0.009765625,0.41015625,0.419921875
45159,0,-0.0390625,0.439453125,0.41015625
45160,-0.205078125,-0.029296875,0.439453125,0.6640625
45161,0.009765625,-0.01953125,0.498046875,0.3515625
45162,0.01953125,-0.09765625,0.380859375,0.263671875
45163,0.13671875,-0.078125,0.390625,0.15625
45164,-0.087890625,-0.185546875,0.4296875,0.37109375
45165,-0.0390625,-0.029296875,0.458984375,0.3125
45166,0.029296875,-0.05859375,0.41015625,0.146484375
45167,-0.0390625,-0.068359375,0.4296875,0.439453125
45168,0,-0.0390625,0.4296875,0.46875
45169,0.048828125,-0.126953125,0.380859375,0.546875
45170,0,-0.078125,0.400390625,0.380859375
45171,-0.009765625,-0.05859375,0.234375,0.380859375
45172,-0.048828125,-0.029296875,0.419921875,0.595703125
45173,-0.009765625,-0.068359375,0.419921875,0.37109375
45174,0,-0.05859375,0.263671875,0.44921875
45175,-0.09765625,-0.009765625,0.41015625,0.576171875
45176,0.009765625,-0.1171875,0.419921875,0.390625
45177,0,-0.126953125,0.576171875,0.419921875
45178,0,-0.0390625,0.390625,0.244140625
45179,0.009765625,-0.068359375,0.4296875,0.390625
45180,0.009765625,-0.078125,0.576171875,0.3515625
45181,0.029296875,-0.048828125,0.37109375,0.25390625
45182,-0.068359375,-0.01953125,0.458984375,0.37109375
45183,-0.009765625,-0.09765625,0.654296875,0.361328125
45184,-0.029296875,-0.1171875,0.341796875,0.458984375
45185,-0.0390625,-0.078125,0.41015625,0.361328125
45186,-0.09765625,-0.0390625,0.341796875,0.33203125
45187,-0.05859375,-0.048828125,0.439453125,0.48828125
45188,0.1171875,-0.087890625,0.46875,0.361328125
45189,0,-0.078125,0.263671875,0.400390625
45190,0.029296875,-0.078125,0.4296875,0.48828125
45191,0.048828125,-0.068359375,0.41015625,0.322265625
45192,0.087890625,-0.078125,0.498046875,0.400390625
45193,0.01953125,-0.087890625,0.4296875,0.380859375
45194,0.078125,-0.05859375,0.439453125,0.5078125
45195,0.087890625,0.009765625,0.390625,0.380859375
45196,0.01953125,-0.09765625,0.33203125,0.341796875
45197,-0.13671875,-0.068359375,0.439453125,0.517578125
45198,-0.1171875,0.078125,0.419921875,0.419921875
45199,-0.029296875,0.029296875,0.33203125,0.3515625
45200,-0.146484375,-0.0390625,0.419921875,0.546875
45201,-0.078125,0.107421875,0.458984375,0.361328125
45202,0,0,0.5859375,0.341796875
45203,0.107421875,-0.05859375,0.4296875,0.25390625
45204,-0.13671875,-0.15625,0.361328125,0.361328125
45205,-0.0390625,-0.087890625,0.52734375,0.37109375
45206,0.09765625,0.009765625,0.439453125,0.29296875
45207,0.01953125,-0.078125,0.44921875,0.37109375
45208,0.0390625,-0.107421875,0.546875,0.4296875
45209,0.05859375,-0.048828125,0.439453125,0.5078125
45210,0.05859375,-0.126953125,0.361328125,0.37109375
45211,0.009765625,-0.078125,0.322265625,0.400390625
45212,-0.048828125,-0.048828125,0.361328125,0.458984375
45213,-0.01953125,-0.146484375,0.361328125,0.4296875
45214,0.0390625,-0.05859375,0.33203125,0.41015625
45215,-0.068359375,-0.01953125,0.439453125,0.517578125
45216,-0.05859375,-0.078125,0.400390625,0.498046875
45217,0.048828125,-0.1171875,0.3125,0.380859375
45218,-0.048828125,-0.09765625,0.517578125,0.3125
45219,-0.068359375,0.0390625,0.419921875,0.4296875
45220,0.009765625,-0.0390625,0.29296875,0.41015625
45221,-0.029296875,-0.09765625,0.439453125,0.21484375
45222,0.029296875,0.068359375,0.5078125,0.3125
45223,0.009765625,-0.029296875,0.146484375,0.302734375
45224,-0.0390625,-0.068359375,0.390625,0.185546875
45225,0.029296875,-0.17578125,0.458984375,0.361328125
45226,-0.0390625,-0.048828125,0.48828125,0.33203125
45227,0.0390625,-0.029296875,0.44921875,0.25390625
45228,0.009765625,-0.09765625,0.419921875,0.390625
45229,0,-0.09765625,0.46875,0.400390625
45230,0.029296875,-0.087890625,0.4296875,0.1953125
45231,0.05859375,-0.107421875,0.361328125,0.380859375
45232,0.146484375,-0.107421875,0.37109375,0.390625
45233,-0.029296875,-0.078125,0.44921875,0.556640625
45234,0.048828125,-0.029296875,0.419921875,0.390625
45235,0.09765625,-0.078125,0.263671875,0.400390625
45236,0.087890625,-0.029296875,0.361328125,0.673828125
45237,0,0.009765625,0.41015625,0.41015625
45238,-0.15625,-0.1171875,0.322265625,0.390625
45239,-0.029296875,0.029296875,0.361328125,0.126953125
45240,-0.009765625,-0.048828125,0.439453125,0.3515625
45241,-0.224609375,-0.05859375,0.595703125,0.380859375
45242,-0.009765625,0.01953125,0.380859375,0.15625
45243,-0.01953125,-0.068359375,0.458984375,0.234375
45244,-0.244140625,0.126953125,0.595703125,0.390625
45245,-0.0390625,-0.185546875,0.44921875,0.302734375
45246,-0.05859375,0.05859375,0.44921875,0.33203125
45247,0.05859375,0.283203125,0.322265625,0.419921875
45248,0.029296875,-0.21484375,0.44921875,0.56640625
45249,-0.029296875,-0.068359375,0.41015625,0.498046875
45250,0.17578125,-0.341796875,0.322265625,0.41015625
45251,-0.029296875,-0.205078125,0.3125,0.60546875
45252,-0.01953125,-0.107421875,0.41015625,0.498046875
45253,-0.087890625,-0.283203125,0.390625,0.390625
45254,0.029296875,0.01953125,0.400390625,0.29296875
45255,0.01953125,-0.078125,0.41015625,0.478515625
45256,-0.048828125,-0.3125,0.44921875,0.361328125
45257,-0.029296875,0.05859375,0.400390625,0.2734375
45258,-0.205078125,0,0.41015625,0.33203125
45259,-0.068359375,0.1953125,0.46875,0.361328125
45260,0.029296875,-0.068359375,0.46875,0.33203125
45261,-0.1953125,-0.029296875,0.37109375,0.29296875
45262,0.0390625,0.17578125,0.4296875,0.41015625
45263,0.01953125,-0.0390625,0.46875,0.390625
45264,-0.224609375,-0.05859375,0.44921875,0.419921875
45265,-0.0390625,-0.234375,0.419921875,0.322265625
45266,0,-0.009765625,0.4296875,0.478515625
45267,0.146484375,-0.048828125,0.4296875,0.419921875
45268,0.029296875,-0.29296875,0.46875,0.361328125
45269,0.078125,-0.107421875,0.37109375,0.44921875
45270,0.126953125,-0.087890625,0.48828125,0.458984375
45271,0,-0.21484375,0.439453125,0.439453125
45272,0.029296875,-0.1171875,0.41015625,0.37109375
45273,-0.1171875,-0.05859375,0.439453125,0.400390625
45274,0,0.068359375,0.44921875,0.390625
45275,0,0.05859375,0.44921875,0.380859375
45276,-0.09765625,-0.087890625,0.4296875,0.400390625
45277,-0.01953125,0.029296875,0.458984375,0.380859375
45278,-0.029296875,-0.107421875,0.458984375,0.419921875
45279,-0.13671875,-0.0390625,0.439453125,0.380859375
45280,-0.009765625,-0.05859375,0.458984375,0.380859375
45281,-0.009765625,-0.048828125,0.46875,0.33203125
45282,0.05859375,-0.078125,0.478515625,0.517578125
45283,-0.01953125,-0.0390625,0.48828125,0.37109375
45284,0.0390625,-0.0390625,0.556640625,0.4296875
45285,0.0390625,0.048828125,0.41015625,0.654296875
45286,0.009765625,-0.087890625,0.458984375,0.361328125
45287,-0.01953125,-0.01953125,0.48828125,0.400390625
45288,0.01953125,0.01953125,0.44921875,0.498046875
45289,0.048828125,-0.09765625,0.41015625,0.380859375
45290,-0.009765625,-0.126953125,0.52734375,0.419921875
45291,-0.009765625,0.029296875,0.458984375,0.46875
45292,0.029296875,-0.087890625,0.41015625,0.37109375
45293,0.0390625,-0.0390625,0.439453125,0.41015625
45294,0.048828125,-0.107421875,0.4296875,0.390625
45295,0.01953125,-0.029296875,0.41015625,0.41015625
45296,0.05859375,-0.05859375,0.390625,0.400390625
45297,-0.009765625,-0.185546875,0.341796875,0.2734375
45298,-0.01953125,-0.068359375,0.41015625,0.3515625
45299,0.087890625,-0.087890625,0.46875,0.33203125
45300,0,0.1171875,0.419921875,0.361328125
45301,-0.029296875,0,0.361328125,0.390625
45302,-0.205078125,-0.01953125,0.5078125,0.283203125
45303,-0.009765625,-0.009765625,0.33203125,0.29296875
45304,-0.01953125,-0.0390625,0.44921875,0.37109375
45305,-0.166015625,-0.146484375,0.41015625,0.361328125
45306,-0.009765625,0.068359375,0.615234375,0.390625
45307,-0.15625,-0.048828125,0.419921875,0.3515625
45308,0.15625,-0.048828125,0.498046875,0.29296875
45309,0.009765625,-0.166015625,0.576171875,0.44921875
45310,-0.087890625,-0.09765625,0.400390625,0.419921875
45311,0.13671875,-0.087890625,0.3125,0.400390625
45312,0.01953125,-0.17578125,0.2734375,0.458984375
45313,0.13671875,-0.126953125,0.41015625,0.5078125
45314,0.15625,-0.078125,0.37109375,0.41015625
45315,0.0390625,0.048828125,0.205078125,0.3515625
45316,0.13671875,-0.146484375,0.5078125,0.52734375
45317,-0.1953125,-0.05859375,0.498046875,0.41015625
45318,-0.078125,0.029296875,0.2734375,0.361328125
45319,0.15625,-0.048828125,0.458984375,0.263671875
45320,-0.146484375,0.15625,0.52734375,0.361328125
45321,-0.029296875,0.01953125,0.615234375,0.33203125
45322,-0.087890625,-0.068359375,0.390625,0.1953125
45323,0.1171875,0.302734375,0.478515625,0.439453125
45324,-0.048828125,-0.078125,0.60546875,0.29296875
45325,-0.15625,-0.01953125,0.419921875,0.17578125
45326,0.068359375,0.15625,0.41015625,0.3515625
45327,0,-0.048828125,0.3515625,0.380859375
45328,0.126953125,-0.048828125,0.458984375,0.517578125
45329,0.078125,-0.283203125,0.439453125,0.341796875
45330,0.048828125,-0.0390625,0.33203125,0.419921875
45331,0.087890625,-0.087890625,0.400390625,0.52734375
45332,-0.048828125,-0.25390625,0.419921875,0.390625
45333,0,-0.05859375,0.3515625,0.400390625
45334,0.126953125,-0.048828125,0.37109375,0.390625
45335,-0.029296875,0.078125,0.390625,0.390625
45336,0.0390625,-0.05859375,0.419921875,0.37109375
45337,-0.087890625,0.01953125,0.3515625,0.33203125
45338,-0.05859375,0.13671875,0.400390625,0.41015625
45339,0.01953125,-0.01953125,0.46875,0.283203125
45340,-0.078125,-0.068359375,0.41015625,0.3125
45341,0.048828125,-0.01953125,0.46875,0.380859375
45342,0.01953125,-0.087890625,0.52734375,0.33203125
45343,0.078125,-0.009765625,0.498046875,0.4296875
45344,-0.01953125,-0.146484375,0.478515625,0.37109375
45345,-0.0390625,-0.09765625,0.537109375,0.341796875
45346,0.068359375,-0.078125,0.478515625,0.390625
45347,-0.009765625,-0.146484375,0.419921875,0.37109375
45348,0,-0.078125,0.6640625,0.400390625
45349,0,-0.009765625,0.400390625,0.3515625
45350,0.0390625,-0.0390625,0.439453125,0.341796875
45351,0.048828125,-0.087890625,0.166015625,0.419921875
45352,-0.05859375,-0.078125,0.458984375,0.380859375
45353,0.029296875,-0.0390625,0.4296875,0.3515625
45354,0,-0.05859375,0.17578125,0.458984375
45355,0.01953125,-0.0390625,0.419921875,0.37109375
45356,0.0390625,-0.01953125,0.48828125,0.400390625
45357,-0.048828125,-0.1171875,0.60546875,0.390625
45358,0,-0.029296875,0.48828125,0.185546875
45359,0.009765625,-0.068359375,0.390625,0.41015625
45360,-0.029296875,-0.048828125,0.64453125,0.478515625
45361,0.009765625,0,0.41015625,0.17578125
45362,-0.0390625,-0.048828125,0.439453125,0.400390625
45363,0.01953125,0.01953125,0.5859375,0.361328125
45364,-0.048828125,-0.05859375,0.400390625,0.478515625
45365,-0.048828125,-0.078125,0.44921875,0.3125
45366,0.078125,-0.087890625,0.3515625,0.37109375
45367,0.0390625,-0.107421875,0.546875,0.517578125
45368,-0.009765625,-0.05859375,0.458984375,0.419921875
45369,0.09765625,-0.087890625,0.3515625,0.4296875
45370,0.01953125,-0.048828125,0.517578125,0.576171875
45371,0.0390625,-0.107421875,0.4296875,0.361328125
45372,-0.029296875,-0.009765625,0.41015625,0.439453125
45373,0.029296875,-0.146484375,0.5078125,0.33203125
45374,0.029296875,-0.0390625,0.419921875,0.48828125
45375,-0.0390625,-0.029296875,0.48828125,0.44921875
45376,0.087890625,-0.068359375,0.234375,0.3125
45377,0.068359375,-0.068359375,0.3515625,0.390625
45378,0.048828125,-0.029296875,0.4296875,0.380859375
45379,0,-0.029296875,0.322265625,0.322265625
45380,-0.029296875,-0.01953125,0.4296875,0.390625
45381,0.009765625,-0.078125,0.458984375,0.37109375
45382,-0.0390625,-0.009765625,0.5078125,0.3515625
45383,-0.087890625,-0.048828125,0.419921875,0.2734375
45384,-0.029296875,-0.078125,0.44921875,0.41015625
45385,-0.068359375,-0.1953125,0.517578125,0.380859375
45386,-0.029296875,0.05859375,0.439453125,0.322265625
45387,0.01953125,-0.078125,0.390625,0.400390625
45388,0.009765625,-0.1171875,0.498046875,0.419921875
45389,-0.029296875,-0.1171875,0.439453125,0.439453125
45390,-0.01953125,-0.01953125,0.419921875,0.361328125
45391,0.01953125,-0.068359375,0.322265625,0.41015625
45392,0.01953125,-0.09765625,0.361328125,0.419921875
45393,-0.029296875,-0.05859375,0.439453125,0.361328125
45394,0.0390625,-0.048828125,0.283203125,0.380859375
45395,0.0390625,-0.068359375,0.439453125,0.400390625
45396,0,-0.09765625,0.37109375,0.341796875
45397,0.048828125,-0.05859375,0.498046875,0.341796875
45398,-0.087890625,-0.068359375,0.419921875,0.3515625
45399,-0.009765625,0.0390625,0.41015625,0.361328125
45400,-0.0390625,-0.029296875,0.517578125,0.390625
45401,-0.087890625,-0.0390625,0.439453125,0.234375
45402,-0.0390625,-0.0390625,0.46875,0.33203125
45403,-0.01953125,-0.068359375,0.48828125,0.341796875
45404,-0.078125,-0.0390625,0.41015625,0.3515625
45405,-0.146484375,-0.05859375,0.400390625,0.380859375
45406,0.01953125,-0.09765625,0.458984375,0.3515625
45407,0.048828125,0.068359375,0.400390625,0.302734375
45408,-0.01953125,-0.107421875,0.458984375,0.380859375
45409,0,-0.048828125,0.439453125,0.46875
45410,0.05859375,-0.17578125,0.37109375,0.390625
45411,0.029296875,-0.068359375,0.48828125,0.458984375
45412,0.029296875,-0.09765625,0.1953125,0.390625
45413,0.009765625,-0.185546875,0.419921875,0.517578125
45414,0.029296875,-0.01953125,0.380859375,0.41015625
45415,0.009765625,-0.087890625,0.29296875,0.458984375
45416,-0.048828125,-0.205078125,0.4296875,0.56640625
45417,0,-0.068359375,0.478515625,0.380859375
45418,-0.068359375,-0.068359375,0.224609375,0.361328125
45419,-0.0390625,0.166015625,0.4296875,0.224609375
45420,-0.01953125,0.009765625,0.458984375,0.361328125
45421,-0.126953125,-0.01953125,0.615234375,0.322265625
45422,-0.0390625,0.126953125,0.439453125,0.205078125
45423,0.029296875,0.01953125,0.400390625,0.380859375
45424,-0.107421875,-0.078125,0.60546875,0.44921875
45425,-0.1171875,-0.1953125,0.400390625,0.224609375
45426,-0.0390625,-0.029296875,0.380859375,0.41015625
45427,0.078125,-0.068359375,0.25390625,0.361328125
45428,-0.0390625,-0.17578125,0.400390625,0.546875
45429,-0.048828125,-0.009765625,0.439453125,0.41015625
45430,0.087890625,-0.048828125,0.302734375,0.341796875
45431,0.009765625,-0.17578125,0.234375,0.48828125
45432,0.17578125,-0.087890625,0.439453125,0.37109375
45433,-0.09765625,-0.05859375,0.25390625,0.380859375
45434,0.009765625,-0.009765625,0.302734375,0.400390625
45435,0.126953125,-0.0390625,0.439453125,0.390625
45436,-0.01953125,-0.078125,0.52734375,0.400390625
45437,0.01953125,-0.029296875,0.5078125,0.390625
45438,-0.146484375,-0.009765625,0.419921875,0.33203125
45439,-0.126953125,-0.05859375,0.52734375,0.380859375
45440,-0.0390625,-0.09765625,0.537109375,0.41015625
45441,-0.224609375,-0.048828125,0.46875,0.302734375
45442,0.107421875,-0.068359375,0.400390625,0.4296875
45443,-0.068359375,-0.087890625,0.60546875,0.390625
45444,-0.05859375,-0.05859375,0.46875,0.390625
45445,0.068359375,-0.25390625,0.419921875,0.400390625
45446,0,-0.078125,0.380859375,0.400390625
45447,0.05859375,-0.009765625,0.4296875,0.4296875
45448,-0.048828125,-0.17578125,0.390625,0.3515625
45449,0,-0.029296875,0.41015625,0.400390625
45450,0.205078125,-0.078125,0.400390625,0.44921875
45451,0,-0.17578125,0.439453125,0.341796875
45452,0.009765625,-0.13671875,0.439453125,0.41015625
45453,-0.078125,-0.068359375,0.44921875,0.3515625
45454,0,0.0390625,0.4296875,0.400390625
45455,0.05859375,-0.0390625,0.400390625,0.33203125
45456,-0.078125,-0.1171875,0.48828125,0.400390625
45457,-0.029296875,0.01953125,0.52734375,0.4296875
45458,-0.0390625,-0.048828125,0.439453125,0.380859375
45459,-0.05859375,-0.0390625,0.41015625,0.380859375
45460,-0.029296875,-0.029296875,0.419921875,0.380859375
45461,-0.01953125,-0.0390625,0.52734375,0.41015625
45462,0.01953125,-0.048828125,0.439453125,0.37109375
45463,-0.009765625,-0.078125,0.361328125,0.3125
45464,-0.009765625,-0.048828125,0.48828125,0.3515625
45465,-0.068359375,-0.0390625,0.439453125,0.3125
45466,-0.048828125,-0.166015625,0.44921875,0.341796875
45467,0.029296875,-0.078125,0.25390625,0.3515625
45468,0.048828125,-0.09765625,0.37109375,0.48828125
45469,0.029296875,-0.068359375,0.439453125,0.400390625
45470,0.068359375,-0.068359375,0.302734375,0.380859375
45471,0.0390625,-0.078125,0.380859375,0.546875
45472,0.01953125,-0.0390625,0.390625,0.37109375
45473,0,-0.0390625,0.25390625,0.41015625
45474,0.078125,-0.078125,0.44921875,0.37109375
45475,-0.009765625,0.009765625,0.400390625,0.361328125
45476,0.048828125,-0.09765625,0.517578125,0.37109375
45477,-0.048828125,-0.146484375,0.400390625,0.4296875
45478,-0.078125,-0.068359375,0.458984375,0.46875
45479,0.05859375,-0.048828125,0.546875,0.390625
45480,0,0.09765625,0.44921875,0.44921875
45481,-0.01953125,-0.048828125,0.458984375,0.458984375
45482,-0.05859375,-0.029296875,0.478515625,0.341796875
45483,0.009765625,0.1171875,0.458984375,0.263671875
45484,-0.107421875,-0.09765625,0.517578125,0.234375
45485,-0.126953125,0.09765625,0.419921875,0.361328125
45486,0.01953125,0.09765625,0.5078125,0.29296875
45487,0.009765625,-0.0390625,0.4296875,0.205078125
45488,0.068359375,0.078125,0.380859375,0.390625
45489,0.0390625,-0.263671875,0.458984375,0.5078125
45490,0.009765625,-0.01953125,0.400390625,0.33203125
45491,0.05859375,-0.087890625,0.390625,0.400390625
45492,0.0390625,-0.15625,0.234375,0.556640625
45493,0.068359375,-0.146484375,0.4296875,0.46875
45494,0.09765625,-0.15625,0.400390625,0.458984375
45495,0.05859375,0.05859375,0.29296875,0.48828125
45496,0.1953125,-0.126953125,0.41015625,0.478515625
45497,-0.126953125,-0.234375,0.439453125,0.400390625
45498,-0.01953125,0.087890625,0.17578125,0.33203125
45499,0.078125,0.0390625,0.44921875,0.263671875
45500,-0.05859375,0.087890625,0.48828125,0.41015625
45501,0,0.01953125,0.673828125,0.29296875
45502,-0.13671875,-0.068359375,0.4296875,0.263671875
45503,0.029296875,0.029296875,0.517578125,0.3515625
45504,-0.029296875,-0.146484375,0.625,0.46875
45505,-0.146484375,-0.087890625,0.4296875,0.263671875
45506,0.0390625,0.107421875,0.46875,0.3515625
45507,0.029296875,-0.126953125,0.283203125,0.37109375
45508,0.224609375,-0.0390625,0.44921875,0.498046875
45509,0.01953125,-0.205078125,0.478515625,0.400390625
45510,0.01953125,-0.01953125,0.3125,0.4296875
45511,0.185546875,-0.05859375,0.439453125,0.41015625
45512,-0.048828125,-0.1953125,0.380859375,0.380859375
45513,-0.029296875,0,0.244140625,0.390625
45514,0.21484375,-0.029296875,0.458984375,0.361328125
45515,-0.0390625,0.029296875,0.390625,0.400390625
45516,-0.048828125,0,0.498046875,0.400390625
45517,-0.146484375,-0.048828125,0.439453125,0.400390625
45518,-0.01953125,-0.01953125,0.4296875,0.3515625
45519,-0.009765625,-0.048828125,0.56640625,0.3515625
45520,-0.166015625,-0.01953125,0.44921875,0.5078125
45521,0.009765625,0.048828125,0.439453125,0.33203125
45522,0.029296875,-0.0390625,0.419921875,0.33203125
45523,0.068359375,-0.05859375,0.48828125,0.25390625
45524,0,-0.13671875,0.498046875,0.390625
45525,-0.01953125,-0.1171875,0.419921875,0.390625
45526,0.029296875,-0.01953125,0.458984375,-0.0390625
45527,0.0390625,-0.078125,0.4296875,0.400390625
45528,0.009765625,-0.048828125,0.380859375,0.458984375
45529,0.107421875,-0.13671875,0.44921875,0.751953125
45530,0,-0.068359375,0.341796875,0.322265625
45531,0,-0.068359375,0.341796875,0.341796875
45532,-0.05859375,-0.1953125,0.5078125,0.634765625
45533,-0.009765625,-0.05859375,0.37109375,0.439453125
45534,0.01953125,-0.009765625,0.205078125,0.390625
45535,-0.01953125,0.1171875,0.46875,0.68359375
45536,0.01953125,-0.1171875,0.322265625,0.361328125
45537,-0.078125,-0.048828125,0.546875,0.380859375
45538,-0.009765625,0.068359375,0.44921875,0.244140625
45539,-0.029296875,-0.009765625,0.41015625,0.37109375
45540,-0.15625,-0.09765625,0.546875,0.3125
45541,0.01953125,0.05859375,0.517578125,0.21484375
45542,0.009765625,-0.087890625,0.478515625,0.37109375
45543,0.0390625,-0.01953125,0.703125,0.37109375
45544,-0.087890625,-0.166015625,0.498046875,0.498046875
45545,-0.01953125,-0.09765625,0.458984375,0.361328125
45546,0.048828125,-0.068359375,0.400390625,0.361328125
45547,-0.009765625,-0.1953125,0.37109375,0.498046875
45548,0.01953125,-0.0390625,0.4296875,0.3125
45549,-0.05859375,0.01953125,0.341796875,0.380859375
45550,0.068359375,-0.01953125,0.458984375,0.458984375
45551,0.126953125,-0.078125,0.37109375,0.3515625
45552,0.068359375,-0.107421875,0.46875,0.419921875
45553,0.01953125,0,0.390625,0.37109375
45554,0.068359375,-0.0390625,0.4296875,0.46875
45555,0,-0.068359375,0.46875,0.400390625
45556,-0.029296875,0,0.439453125,0.419921875
45557,-0.1171875,-0.05859375,0.41015625,0.4296875
45558,0,0,0.44921875,0.361328125
45559,-0.029296875,-0.048828125,0.419921875,0.3515625
45560,-0.126953125,-0.0390625,0.41015625,0.478515625
45561,0.009765625,-0.087890625,0.46875,0.3515625
45562,-0.029296875,-0.0390625,0.498046875,0.322265625
45563,0.029296875,-0.1171875,0.41015625,0.224609375
45564,-0.068359375,-0.0390625,0.44921875,0.380859375
45565,-0.1171875,-0.13671875,0.537109375,0.341796875
45566,0.01953125,0.09765625,0.390625,0.244140625
45567,0.05859375,-0.078125,0.361328125,0.361328125
45568,0.01953125,-0.126953125,0.4296875,0.400390625
45569,0.09765625,-0.087890625,0.44921875,0.46875
45570,0.009765625,-0.126953125,0.390625,0.41015625
45571,0.048828125,-0.01953125,0.400390625,0.4296875
45572,0.01953125,-0.078125,0.439453125,0.46875
45573,-0.009765625,-0.126953125,0.380859375,0.380859375
45574,0.029296875,-0.0390625,0.439453125,0.400390625
45575,0.009765625,-0.048828125,0.478515625,0.517578125
45576,0.048828125,-0.126953125,0.400390625,0.37109375
45577,-0.009765625,-0.1171875,0.361328125,0.419921875
45578,-0.0390625,-0.09765625,0.41015625,0.380859375
45579,-0.048828125,0.068359375,0.44921875,0.37109375
45580,-0.078125,-0.048828125,0.322265625,0.390625
45581,-0.029296875,-0.01953125,0.458984375,0.322265625
45582,-0.078125,0.05859375,0.478515625,0.33203125
45583,-0.078125,-0.087890625,0.361328125,0.341796875
45584,0.009765625,0.01953125,0.4296875,0.15625
45585,0.048828125,-0.244140625,0.46875,0.390625
45586,-0.068359375,-0.009765625,0.625,0.37109375
45587,0,-0.0390625,0.44921875,0.107421875
45588,0,-0.05859375,0.46875,0.400390625
45589,-0.029296875,-0.068359375,0.56640625,0.37109375
45590,0.009765625,-0.05859375,0.4296875,0
45591,0.01953125,-0.166015625,0.361328125,0.390625
45592,0.146484375,-0.029296875,0.244140625,0.4296875
45593,0.01953125,-0.087890625,0.400390625,0.576171875
45594,0.029296875,-0.048828125,0.41015625,0.341796875
45595,0.107421875,-0.009765625,0.1953125,0.380859375
45596,0,-0.09765625,0.361328125,0.712890625
45597,-0.05859375,-0.0390625,0.41015625,0.380859375
45598,-0.15625,-0.01953125,0.1953125,0.498046875
45599,0.078125,0.048828125,0.5078125,0.087890625
45600,-0.01953125,-0.05859375,0.517578125,0.322265625
45601,-0.126953125,-0.029296875,0.625,0.322265625
45602,-0.009765625,0.048828125,0.48828125,0.21484375
45603,0.048828125,-0.009765625,0.44921875,0.25390625
45604,-0.166015625,-0.009765625,0.72265625,0.390625
45605,-0.029296875,-0.146484375,0.419921875,0.166015625
45606,-0.05859375,-0.05859375,0.4296875,0.263671875
45607,0.15625,0.1171875,0.322265625,0.3515625
45608,0.009765625,-0.244140625,0.44921875,0.615234375
45609,0.029296875,-0.068359375,0.41015625,0.546875
45610,0.107421875,-0.1953125,0.302734375,0.3515625
45611,0.087890625,-0.17578125,0.517578125,0.537109375
45612,-0.01953125,-0.087890625,0.439453125,0.537109375
45613,-0.087890625,-0.205078125,0.263671875,0.341796875
45614,0.048828125,0.0390625,0.419921875,0.302734375
45615,0.009765625,-0.0390625,0.41015625,0.3515625
45616,-0.068359375,-0.234375,0.4296875,0.37109375
45617,0.029296875,0.09765625,0.48828125,0.263671875
45618,-0.13671875,0.009765625,0.41015625,0.302734375
45619,-0.09765625,0.107421875,0.458984375,0.322265625
45620,-0.048828125,-0.068359375,0.517578125,0.302734375
45621,-0.166015625,0.01953125,0.439453125,0.25390625
45622,0.029296875,0.078125,0.478515625,0.3515625
45623,-0.01953125,-0.078125,0.5859375,0.33203125
45624,-0.107421875,-0.048828125,0.478515625,0.390625
45625,0.009765625,-0.234375,0.41015625,0.380859375
45626,0.0390625,-0.13671875,0.322265625,0.390625
45627,0.205078125,-0.048828125,0.41015625,0.380859375
45628,0.01953125,-0.244140625,0.478515625,0.400390625
45629,0.01953125,-0.13671875,0.322265625,0.439453125
45630,0.15625,-0.087890625,0.419921875,0.458984375
45631,0.009765625,-0.234375,0.4296875,0.322265625
45632,0.05859375,0.009765625,0.46875,0.4296875
45633,-0.01953125,-0.1171875,0.400390625,0.37109375
45634,0.009765625,0.009765625,0.478515625,0.361328125
45635,-0.029296875,-0.09765625,0.5078125,0.4296875
45636,-0.087890625,-0.1171875,0.400390625,0.33203125
45637,-0.048828125,0.068359375,0.380859375,0.380859375
45638,0.009765625,-0.048828125,0.478515625,0.41015625
45639,-0.1171875,-0.0390625,0.400390625,0.302734375
45640,-0.078125,-0.05859375,0.478515625,0.361328125
45641,-0.009765625,-0.009765625,0.400390625,0.33203125
45642,0.05859375,-0.0390625,0.458984375,0.302734375
45643,-0.029296875,-0.068359375,0.46875,0.5078125
45644,-0.009765625,-0.078125,0.458984375,0.4296875
45645,-0.0390625,-0.068359375,0.44921875,0.29296875
45646,-0.078125,-0.087890625,0.44921875,0.361328125
45647,0.0390625,-0.078125,0.634765625,0.37109375
45648,0.078125,-0.078125,0.439453125,0.283203125
45649,0,-0.078125,0.46875,0.33203125
45650,0.029296875,-0.048828125,0.458984375,0.41015625
45651,0.029296875,-0.0390625,0.41015625,0.25390625
45652,0.048828125,-0.05859375,0.4296875,0.361328125
45653,0.107421875,-0.09765625,0.46875,0.41015625
45654,0.029296875,-0.05859375,0.46875,0.380859375
45655,0,-0.05859375,0.302734375,0.33203125
45656,0.05859375,-0.048828125,0.302734375,0.439453125
45657,0.01953125,-0.0390625,0.361328125,0.439453125
45658,-0.029296875,0.029296875,0.33203125,0.390625
45659,0.048828125,-0.01953125,0.33203125,0.380859375
45660,-0.029296875,-0.01953125,0.3515625,0.3515625
45661,-0.01953125,-0.09765625,0.46875,0.439453125
45662,-0.126953125,-0.0390625,0.517578125,0.380859375
45663,-0.009765625,-0.05859375,0.29296875,0.3125
45664,-0.048828125,0.009765625,0.44921875,0.3515625
45665,-0.166015625,-0.009765625,0.478515625,0.33203125
45666,-0.01953125,-0.126953125,0.44921875,0.361328125
45667,-0.107421875,-0.009765625,0.439453125,0.341796875
45668,0.068359375,-0.09765625,0.498046875,0.419921875
45669,-0.009765625,-0.126953125,0.537109375,0.46875
45670,-0.146484375,-0.107421875,0.419921875,0.283203125
45671,0.09765625,-0.05859375,0.234375,0.478515625
45672,0,-0.1171875,0.37109375,0.419921875
45673,0.166015625,-0.01953125,0.439453125,0.5859375
45674,0.068359375,-0.15625,0.33203125,0.41015625
45675,0.029296875,0,0.3515625,0.41015625
45676,0.15625,-0.15625,0.390625,0.546875
45677,-0.146484375,-0.17578125,0.537109375,0.400390625
45678,-0.0390625,0,0.244140625,0.41015625
45679,0.13671875,-0.048828125,0.419921875,0.185546875
45680,-0.1171875,0.13671875,0.56640625,0.48828125
45681,-0.0390625,-0.009765625,0.576171875,0.283203125
45682,-0.205078125,-0.01953125,0.46875,0.078125
45683,0.09765625,0.1171875,0.517578125,0.419921875
45684,0,-0.068359375,0.537109375,0.400390625
45685,-0.283203125,-0.126953125,0.48828125,0.087890625
45686,0.107421875,0.087890625,0.361328125,0.322265625
45687,0.01953125,-0.1171875,0.400390625,0.380859375
45688,0.21484375,-0.09765625,0.44921875,0.4296875
45689,0.09765625,-0.33203125,0.390625,0.400390625
45690,0.029296875,-0.087890625,0.341796875,0.400390625
45691,0.1171875,-0.068359375,0.400390625,0.498046875
45692,-0.009765625,-0.263671875,0.41015625,0.380859375
45693,-0.068359375,-0.048828125,0.33203125,0.439453125
45694,0.13671875,-0.0390625,0.44921875,0.322265625
45695,-0.01953125,0.13671875,0.361328125,0.361328125
45696,0,-0.087890625,0.48828125,0.33203125
45697,-0.078125,-0.05859375,0.458984375,0.33203125
45698,-0.009765625,0.146484375,0.390625,0.41015625
45699,0,0.009765625,0.52734375,0.283203125
45700,-0.17578125,-0.0390625,0.44921875,0.302734375
45701,-0.029296875,0.1171875,0.498046875,0.341796875
45702,-0.009765625,0.048828125,0.5078125,0.361328125
45703,0.0390625,-0.09765625,0.458984375,0.400390625
45704,-0.05859375,-0.087890625,0.56640625,0.322265625
45705,0,0.009765625,0.556640625,0.3515625
45706,0.029296875,-0.009765625,0.419921875,0.3515625
45707,0.01953125,-0.166015625,0.380859375,0.41015625
45708,0.13671875,-0.107421875,0.625,0.37109375
45709,0.01953125,0.029296875,0.37109375,0.25390625
45710,-0.009765625,-0.01953125,0.390625,0.33203125
45711,0.009765625,-0.068359375,0.185546875,0.380859375
45712,0.009765625,-0.029296875,0.390625,0.29296875
45713,0,0.01953125,0.44921875,0.380859375
45714,0.087890625,-0.068359375,0.3125,0.322265625
45715,0,-0.009765625,0.419921875,0.2734375
45716,-0.009765625,-0.0390625,0.380859375,0.33203125
45717,-0.146484375,-0.1171875,0.5859375,0.341796875
45718,-0.0390625,-0.01953125,0.4296875,0.3125
45719,-0.01953125,-0.0390625,0.439453125,0.419921875
45720,-0.1953125,-0.01953125,0.732421875,0.419921875
45721,-0.009765625,-0.126953125,0.478515625,0.224609375
45722,0,-0.048828125,0.46875,0.3125
45723,0.15625,-0.048828125,0.556640625,0.33203125
45724,0.01953125,-0.09765625,0.46875,0.46875
45725,-0.01953125,-0.048828125,0.46875,0.419921875
45726,0.087890625,-0.048828125,0.37109375,0.37109375
45727,0.078125,-0.126953125,0.361328125,0.5078125
45728,0.029296875,-0.0390625,0.439453125,0.4296875
45729,0.146484375,-0.17578125,0.3515625,0.361328125
45730,-0.01953125,0.029296875,0.341796875,0.46875
45731,0.048828125,-0.078125,0.44921875,0.46875
45732,-0.05859375,-0.09765625,0.4296875,0.400390625
45733,0.029296875,0.009765625,0.37109375,0.37109375
45734,0.01953125,-0.087890625,0.439453125,0.283203125
45735,-0.05859375,0.05859375,0.5078125,0.439453125
45736,0.029296875,-0.009765625,0.400390625,0.41015625
45737,0.0390625,-0.146484375,0.4296875,0.25390625
45738,-0.029296875,-0.009765625,0.4296875,0.4296875
45739,0.0390625,-0.09765625,0.439453125,0.322265625
45740,0.0390625,0,0.400390625,0.33203125
45741,0.009765625,-0.0390625,0.400390625,0.322265625
45742,-0.0390625,-0.048828125,0.537109375,0.283203125
45743,-0.13671875,-0.068359375,0.44921875,0.361328125
45744,0.009765625,-0.087890625,0.5078125,0.33203125
45745,-0.009765625,-0.087890625,0.478515625,0.361328125
45746,-0.13671875,-0.029296875,0.419921875,0.400390625
45747,-0.009765625,-0.009765625,0.41015625,0.322265625
45748,0.068359375,-0.087890625,0.439453125,0.458984375
45749,-0.078125,-0.087890625,0.478515625,0.48828125
45750,0.009765625,-0.068359375,0.419921875,0.3515625
45751,0.09765625,-0.048828125,0.3515625,0.37109375
45752,0.126953125,-0.078125,0.400390625,0.46875
45753,0.009765625,-0.029296875,0.439453125,0.37109375
45754,0.029296875,-0.0390625,0.390625,0.419921875
45755,0.05859375,-0.0390625,0.41015625,0.341796875
45756,0.01953125,-0.126953125,0.390625,0.390625
45757,-0.0390625,-0.029296875,0.478515625,0.380859375
45758,-0.087890625,-0.01953125,0.44921875,0.625
45759,-0.05859375,0.01953125,0.44921875,0.361328125
45760,0,-0.048828125,0.44921875,0.4296875
45761,-0.107421875,-0.068359375,0.44921875,0.4296875
45762,-0.009765625,-0.009765625,0.439453125,0.380859375
45763,0,-0.078125,0.517578125,0.380859375
45764,-0.048828125,0.029296875,0.458984375,0.17578125
45765,-0.05859375,-0.1171875,0.478515625,0.3515625
45766,0.078125,0.009765625,0.439453125,0.3125
45767,0.09765625,-0.0390625,0.41015625,0.419921875
45768,0.009765625,-0.09765625,0.46875,0.361328125
45769,0.009765625,-0.13671875,0.41015625,0.439453125
45770,0.107421875,-0.1953125,0.458984375,0.3515625
45771,0.0390625,-0.078125,0.361328125,0.361328125
45772,0.087890625,-0.1171875,0.244140625,0.419921875
45773,-0.048828125,-0.1171875,0.3515625,0.56640625
45774,0.068359375,-0.0390625,0.380859375,0.380859375
45775,0.1171875,-0.05859375,0.3125,0.37109375
45776,-0.068359375,-0.1171875,0.33203125,0.546875
45777,0.0390625,-0.048828125,0.48828125,0.390625
45778,-0.166015625,-0.048828125,0.21484375,0.3515625
45779,-0.029296875,0,0.283203125,0.107421875
45780,-0.05859375,-0.029296875,0.400390625,0.41015625
45781,-0.2734375,-0.0390625,0.72265625,0.3515625
45782,-0.01953125,0.166015625,0.654296875,0.244140625
45783,0.009765625,-0.009765625,0.458984375,0.458984375
45784,-0.21484375,-0.087890625,0.556640625,0.419921875
45785,0.009765625,-0.1953125,0.595703125,0.1953125
45786,-0.029296875,-0.05859375,0.380859375,0.4296875
45787,0.205078125,-0.05859375,0.205078125,0.361328125
45788,0.05859375,-0.185546875,0.595703125,0.5859375
45789,-0.01953125,-0.087890625,0.458984375,0.478515625
45790,0.166015625,-0.09765625,0.263671875,0.380859375
45791,0.01953125,-0.15625,0.283203125,0.48828125
45792,0.087890625,-0.09765625,0.439453125,0.46875
45793,-0.15625,-0.05859375,0.2734375,0.41015625
45794,0.009765625,0.05859375,0.29296875,0.29296875
45795,0.205078125,-0.146484375,0.458984375,0.46875
45796,-0.15625,-0.05859375,0.498046875,0.3125
45797,0.0390625,0.0390625,0.546875,0.2734375
45798,-0.15625,-0.087890625,0.419921875,0.21484375
45799,-0.146484375,0.01953125,0.556640625,0.400390625
45800,-0.009765625,-0.09765625,0.56640625,0.380859375
45801,-0.185546875,-0.0390625,0.380859375,0.224609375
45802,0.087890625,0.029296875,0.419921875,0.322265625
45803,0,-0.078125,0.5078125,0.33203125
45804,-0.126953125,-0.107421875,0.439453125,0.537109375
45805,0.078125,-0.15625,0.419921875,0.3125
45806,-0.009765625,-0.107421875,0.341796875,0.380859375
45807,0.15625,-0.009765625,0.48828125,0.517578125
45808,-0.029296875,-0.146484375,0.400390625,0.419921875
45809,0.01953125,-0.087890625,0.33203125,0.439453125
45810,0.17578125,-0.0390625,0.41015625,0.52734375
45811,-0.048828125,-0.17578125,0.41015625,0.37109375
45812,0,-0.078125,0.458984375,0.419921875
45813,-0.05859375,-0.068359375,0.419921875,0.361328125
45814,0,0.029296875,0.41015625,0.361328125
45815,0.0390625,-0.087890625,0.478515625,0.44921875
45816,-0.05859375,-0.0390625,0.380859375,0.322265625
45817,0,0.0390625,0.41015625,0.439453125
45818,0.01953125,-0.05859375,0.4296875,0.322265625
45819,-0.05859375,-0.048828125,0.400390625,0.33203125
45820,0.01953125,-0.048828125,0.44921875,0.390625
45821,-0.01953125,-0.029296875,0.46875,0.302734375
45822,0.029296875,-0.009765625,0.44921875,0.419921875
45823,0.078125,-0.09765625,0.400390625,0.48828125
45824,0,-0.05859375,0.498046875,0.37109375
45825,0.029296875,-0.078125,0.458984375,0.4296875
45826,0,-0.068359375,0.41015625,0.37109375
45827,-0.029296875,-0.05859375,0.33203125,0.37109375
45828,0.01953125,-0.107421875,0.41015625,0.5078125
45829,0.048828125,-0.13671875,0.4296875,0.380859375
45830,-0.09765625,-0.09765625,0.33203125,0.361328125
45831,0.029296875,-0.05859375,0.361328125,0.46875
45832,-0.01953125,-0.048828125,0.37109375,0.4296875
45833,0.009765625,-0.0390625,0.380859375,0.400390625
45834,0.029296875,-0.146484375,0.390625,0.419921875
45835,0.009765625,-0.05859375,0.380859375,0.37109375
45836,0.009765625,-0.087890625,0.41015625,0.341796875
45837,0.009765625,-0.09765625,0.37109375,0.380859375
45838,-0.01953125,-0.09765625,0.380859375,0.458984375
45839,-0.009765625,-0.068359375,0.478515625,0.380859375
45840,-0.009765625,-0.009765625,0.4296875,0.4296875
45841,-0.087890625,-0.0390625,0.439453125,0.341796875
45842,0.029296875,-0.05859375,0.546875,0.390625
45843,-0.029296875,0.0390625,0.41015625,0.234375
45844,0.029296875,-0.09765625,0.537109375,0.29296875
45845,0.09765625,0.048828125,0.546875,0.33203125
45846,-0.009765625,-0.0390625,0.576171875,0.205078125
45847,0.068359375,-0.09765625,0.439453125,0.400390625
45848,0.01953125,-0.146484375,0.498046875,0.41015625
45849,-0.068359375,-0.107421875,0.5859375,0.537109375
45850,0,-0.068359375,0.400390625,0.341796875
45851,0,-0.09765625,0.3515625,0.390625
45852,0.029296875,-0.126953125,0.302734375,0.52734375
45853,-0.01953125,-0.107421875,0.390625,0.4296875
45854,-0.068359375,-0.224609375,0.322265625,0.244140625
45855,0.029296875,0.01953125,0.263671875,0.556640625
45856,0.0390625,-0.087890625,0.390625,0.478515625
45857,-0.029296875,-0.21484375,0.546875,0.41015625
45858,0.009765625,0.0390625,0.29296875,0.21484375
45859,0.087890625,-0.078125,0.41015625,0.2734375
45860,0.009765625,0.05859375,0.546875,0.439453125
45861,-0.009765625,0.009765625,0.546875,0.25390625
45862,-0.17578125,-0.01953125,0.390625,0.302734375
45863,-0.029296875,0.087890625,0.439453125,0.37109375
45864,-0.068359375,-0.107421875,0.60546875,0.419921875
45865,-0.078125,-0.078125,0.41015625,0.3125
45866,0.029296875,0.107421875,0.439453125,0.341796875
45867,0.009765625,-0.09765625,0.3125,0.419921875
45868,0.1171875,-0.087890625,0.390625,0.44921875
45869,0.05859375,-0.1953125,0.41015625,0.37109375
45870,0.01953125,-0.048828125,0.302734375,0.439453125
45871,0.21484375,-0.068359375,0.4296875,0.46875
45872,0.009765625,-0.1953125,0.400390625,0.390625
45873,-0.078125,-0.029296875,0.283203125,0.380859375
45874,0.21484375,-0.0390625,0.4296875,0.41015625
45875,0.0390625,0.068359375,0.439453125,0.341796875
45876,0.0390625,0,0.5078125,0.419921875
45877,-0.107421875,-0.068359375,0.419921875,0.283203125
45878,-0.009765625,0.0390625,0.44921875,0.400390625
45879,-0.009765625,-0.05859375,0.48828125,0.341796875
45880,-0.17578125,0.01953125,0.4296875,0.361328125
45881,-0.01953125,0.0390625,0.400390625,0.380859375
45882,0.068359375,-0.087890625,0.41015625,0.322265625
45883,0,-0.09765625,0.5078125,0.390625
45884,-0.009765625,-0.1171875,0.478515625,0.41015625
45885,-0.009765625,-0.1171875,0.41015625,0.283203125
45886,0.09765625,-0.05859375,0.41015625,0.166015625
45887,0,-0.126953125,0.439453125,0.41015625
45888,0.009765625,-0.1171875,0.419921875,0.380859375
45889,0.13671875,-0.224609375,0.390625,0.76171875
45890,0.048828125,-0.078125,0.44921875,0.3515625
45891,-0.01953125,-0.087890625,0.341796875,0.37109375
45892,-0.009765625,-0.1953125,0.458984375,0.693359375
45893,-0.009765625,-0.05859375,0.390625,0.37109375
45894,-0.029296875,0,0.2734375,0.419921875
45895,-0.0390625,0.068359375,0.44921875,0.52734375
45896,-0.009765625,-0.068359375,0.439453125,0.380859375
45897,-0.01953125,-0.09765625,0.654296875,0.419921875
45898,-0.01953125,0.05859375,0.400390625,0.1953125
45899,-0.048828125,-0.029296875,0.41015625,0.400390625
45900,0,-0.107421875,0.64453125,0.380859375
45901,-0.029296875,0.15625,0.5078125,0.17578125
45902,0,0.009765625,0.44921875,0.390625
45903,0.068359375,-0.078125,0.517578125,0.3125
45904,-0.01953125,-0.166015625,0.3515625,0.439453125
45905,-0.029296875,-0.009765625,0.390625,0.439453125
45906,0.048828125,-0.01953125,0.37109375,0.302734375
45907,-0.01953125,-0.17578125,0.302734375,0.4296875
45908,-0.048828125,-0.048828125,0.44921875,0.380859375
45909,0.107421875,-0.107421875,0.3125,0.41015625
45910,0,0.01953125,0.263671875,0.41015625
45911,-0.01953125,-0.029296875,0.439453125,0.41015625
45912,-0.17578125,-0.107421875,0.4296875,0.380859375
45913,-0.05859375,0.01953125,0.322265625,0.341796875
45914,-0.01953125,-0.068359375,0.498046875,0.302734375
45915,-0.15625,-0.126953125,0.400390625,0.48828125
45916,0.009765625,0.029296875,0.498046875,0.37109375
45917,-0.029296875,-0.029296875,0.41015625,0.322265625
45918,0.146484375,-0.283203125,0.380859375,0.361328125
45919,0.029296875,-0.068359375,0.576171875,0.341796875
45920,-0.15625,-0.029296875,0.400390625,0.33203125
45921,0.087890625,-0.283203125,0.46875,0.302734375
45922,-0.05859375,-0.05859375,0.419921875,0.37109375
45923,0,-0.0390625,0.439453125,0.41015625
45924,0.078125,0.107421875,0.478515625,0.390625
45925,0.029296875,-0.05859375,0.390625,0.3125
45926,-0.0390625,-0.05859375,0.458984375,0.4296875
45927,0.009765625,-0.01953125,0.380859375,0.3515625
45928,-0.01953125,-0.087890625,0.341796875,0.46875
45929,0.01953125,-0.078125,0.478515625,0.419921875
45930,-0.029296875,-0.15625,0.41015625,0.3125
45931,0.078125,-0.01953125,0.341796875,0.37109375
45932,0.009765625,-0.048828125,0.439453125,0.41015625
45933,-0.0390625,-0.13671875,0.361328125,0.33203125
45934,0.068359375,-0.078125,0.390625,0.341796875
45935,0.078125,-0.05859375,0.46875,0.37109375
45936,0.009765625,-0.13671875,0.390625,0.41015625
45937,-0.05859375,-0.05859375,0.400390625,0.400390625
45938,-0.048828125,-0.1171875,0.478515625,0.33203125
45939,0,0.068359375,0.498046875,0.33203125
45940,0,-0.068359375,0.283203125,0.419921875
45941,-0.1171875,-0.009765625,0.458984375,0.37109375
45942,-0.009765625,0.048828125,0.48828125,0.400390625
45943,0,-0.048828125,0.41015625,0.3515625
45944,-0.009765625,-0.107421875,0.400390625,0.3125
45945,0.009765625,-0.15625,0.537109375,0.37109375
45946,-0.01953125,-0.068359375,0.60546875,0.33203125
45947,-0.009765625,-0.068359375,0.458984375,0.361328125
45948,0.048828125,-0.126953125,0.439453125,0.439453125
45949,0.009765625,-0.078125,0.546875,0.390625
45950,0.009765625,-0.15625,0.439453125,0.283203125
45951,-0.029296875,-0.15625,0.41015625,0.41015625
45952,0.029296875,-0.068359375,0.263671875,0.380859375
45953,-0.048828125,-0.146484375,0.419921875,0.703125
45954,0.05859375,-0.029296875,0.4296875,0.439453125
45955,0.0390625,0,0.205078125,0.4296875
45956,-0.029296875,-0.09765625,0.419921875,0.615234375
45957,0.009765625,-0.0390625,0.439453125,0.556640625
45958,-0.107421875,-0.029296875,0.244140625,0.439453125
45959,0.01953125,0.048828125,0.390625,0.068359375
45960,-0.01953125,-0.01953125,0.37109375,0.5078125
45961,-0.107421875,-0.029296875,0.625,0.361328125
45962,0.009765625,0.05859375,0.37109375,0.078125
45963,0.009765625,-0.009765625,0.390625,0.244140625
45964,-0.15625,-0.009765625,0.673828125,0.3125
45965,-0.078125,-0.234375,0.458984375,0.126953125
45966,0.029296875,-0.009765625,0.419921875,0.25390625
45967,0.1171875,-0.0390625,0.25390625,0.390625
45968,0.0390625,-0.205078125,0.44921875,0.458984375
45969,0.029296875,-0.0390625,0.44921875,0.537109375
45970,0.107421875,-0.05859375,0.2734375,0.390625
45971,0.009765625,-0.166015625,0.380859375,0.60546875
45972,0,-0.09765625,0.419921875,0.52734375
45973,-0.078125,-0.1171875,0.29296875,0.458984375
45974,0.01953125,0.048828125,0.41015625,0.25390625
45975,-0.01953125,-0.0390625,0.380859375,0.517578125
45976,-0.05859375,-0.13671875,0.458984375,0.361328125
45977,0.009765625,0.078125,0.56640625,0.341796875
45978,-0.029296875,-0.078125,0.37109375,0.21484375
45979,-0.068359375,0.087890625,0.458984375,0.361328125
45980,0.01953125,-0.146484375,0.634765625,0.37109375
45981,-0.029296875,-0.029296875,0.46875,0.263671875
45982,0.126953125,0.078125,0.4296875,0.419921875
45983,-0.048828125,-0.13671875,0.595703125,0.37109375
45984,-0.048828125,-0.068359375,0.5078125,0.478515625
45985,-0.0390625,-0.33203125,0.439453125,0.380859375
45986,-0.21484375,-0.15625,0.302734375,0.380859375
45987,0.1171875,-0.048828125,0.400390625,0.44921875
45988,0.087890625,-0.15625,0.46875,0.341796875
45989,-0.048828125,-0.048828125,0.2734375,0.419921875
45990,0.1953125,-0.078125,0.380859375,0.44921875
45991,0.009765625,-0.244140625,0.419921875,0.361328125
45992,0.0390625,-0.01953125,0.48828125,0.419921875
45993,-0.048828125,-0.078125,0.361328125,0.361328125
45994,-0.01953125,0,0.41015625,0.390625
45995,0.01953125,-0.05859375,0.52734375,0.4296875
45996,-0.068359375,-0.05859375,0.3515625,0.29296875
45997,0.009765625,0.05859375,0.4296875,0.400390625
45998,0.0390625,-0.0390625,0.48828125,0.361328125
45999,-0.09765625,-0.09765625,0.41015625,0.25390625
46000,0.01953125,-0.048828125,0.4296875,0.390625
46001,-0.01953125,-0.029296875,0.4296875,0.302734375
46002,0.01953125,0,0.4296875,0.224609375
46003,0.087890625,-0.01953125,0.46875,0.37109375
46004,0,-0.09765625,0.46875,0.4296875
46005,-0.029296875,-0.185546875,0.322265625,0.234375
46006,-0.009765625,-0.01953125,0.458984375,0.419921875
46007,-0.01953125,-0.0390625,0.5078125,0.390625
46008,0.0390625,-0.087890625,0.44921875,0.380859375
46009,0,-0.048828125,0.44921875,0.390625
46010,0.01953125,-0.048828125,0.576171875,0.37109375
46011,0,-0.09765625,0.44921875,0.263671875
46012,0.01953125,-0.146484375,0.361328125,0.37109375
46013,-0.029296875,-0.068359375,0.576171875,0.46875
46014,0.029296875,0.05859375,0.44921875,0.400390625
46015,0.029296875,-0.0390625,0.380859375,0.322265625
46016,-0.126953125,-0.048828125,0.224609375,0.46875
46017,-0.009765625,0,0.537109375,0.400390625
46018,0.05859375,0.009765625,0.380859375,0.390625
46019,-0.126953125,-0.029296875,0.244140625,0.302734375
46020,-0.0390625,-0.17578125,0.498046875,0.44921875
46021,0,-0.048828125,0.4296875,0.380859375
46022,-0.0390625,-0.048828125,0.64453125,0.33203125
46023,0.0390625,-0.087890625,0.5078125,0.283203125
46024,-0.0390625,-0.029296875,0.478515625,0.263671875
46025,-0.009765625,-0.107421875,0.5859375,0.29296875
46026,-0.048828125,-0.107421875,0.458984375,0.33203125
46027,0,-0.078125,0.44921875,0.2734375
46028,0.05859375,-0.09765625,0.517578125,0.390625
46029,0.029296875,-0.078125,0.37109375,0.458984375
46030,-0.068359375,-0.078125,0.41015625,0.244140625
46031,0.009765625,-0.107421875,0.29296875,0.419921875
46032,-0.009765625,-0.068359375,0.3125,0.458984375
46033,0.166015625,-0.1171875,0.439453125,0.4296875
46034,0.048828125,-0.263671875,0.283203125,0.361328125
46035,0.0390625,-0.078125,0.3515625,0.44921875
46036,0.166015625,-0.009765625,0.380859375,0.48828125
46037,-0.048828125,-0.3125,0.546875,0.3515625
46038,-0.09765625,0.029296875,0.419921875,0.361328125
46039,0.1171875,-0.09765625,0.4296875,0.302734375
46040,-0.029296875,0.048828125,0.576171875,0.458984375
46041,-0.01953125,0,0.439453125,0.341796875
46042,-0.2734375,-0.068359375,0.390625,0.185546875
46043,0.048828125,0.087890625,0.693359375,0.33203125
46044,-0.05859375,-0.107421875,0.52734375,0.400390625
46045,-0.185546875,-0.05859375,0.439453125,0.29296875
46046,0.1171875,0.1171875,0.380859375,0.390625
46047,0.029296875,-0.068359375,0.400390625,0.37109375
46048,0.17578125,-0.087890625,0.44921875,0.44921875
46049,0,-0.302734375,0.33203125,0.419921875
46050,0,-0.029296875,0.380859375,0.361328125
46051,0.107421875,-0.05859375,0.400390625,0.478515625
46052,-0.078125,-0.263671875,0.439453125,0.419921875
46053,-0.009765625,-0.0390625,0.37109375,0.419921875
46054,0.166015625,-0.068359375,0.439453125,0.3515625
46055,-0.01953125,0.05859375,0.517578125,0.341796875
46056,0.068359375,-0.01953125,0.458984375,0.419921875
46057,-0.1171875,-0.068359375,0.46875,0.322265625
46058,0,0.107421875,0.37109375,0.380859375
46059,-0.009765625,-0.029296875,0.419921875,0.33203125
46060,-0.126953125,-0.068359375,0.37109375,0.2734375
46061,0,0.1171875,0.46875,0.361328125
46062,-0.078125,-0.05859375,0.625,0.3125
46063,0.078125,-0.068359375,0.556640625,0.380859375
46064,0.09765625,-0.15625,0.3515625,0.33203125
46065,-0.1953125,-0.029296875,0.56640625,0.341796875
46066,0.078125,-0.048828125,0.46875,0.44921875
46067,0.01953125,-0.107421875,0.37109375,0.37109375
46068,0.234375,-0.107421875,0.546875,0.400390625
46069,0.068359375,-0.0390625,0.44921875,0.44921875
46070,0.05859375,-0.078125,0.46875,0.380859375
46071,0.1953125,-0.048828125,0.244140625,0.4296875
46072,-0.01953125,-0.0390625,0.439453125,0.4296875
46073,-0.05859375,-0.01953125,0.400390625,0.322265625
46074,0.263671875,-0.107421875,0.33203125,0.361328125
46075,-0.01953125,-0.009765625,0.41015625,0.478515625
46076,0.048828125,-0.009765625,0.458984375,0.46875
46077,-0.25390625,-0.068359375,0.5078125,0.390625
46078,0,-0.009765625,0.400390625,0.25390625
46079,0.009765625,-0.05859375,0.44921875,0.3125
46080,-0.087890625,-0.029296875,0.5078125,0.390625
46081,0.048828125,0.0390625,0.37109375,0.361328125
46082,-0.01953125,-0.0390625,0.46875,0.263671875
46083,0.1171875,-0.05859375,0.52734375,0.2734375
46084,0,-0.166015625,0.46875,0.3515625
46085,0.05859375,-0.009765625,0.4296875,0.2734375
46086,0.185546875,-0.029296875,0.283203125,0.400390625
46087,0.0390625,-0.21484375,0.4296875,0.419921875
46088,0.009765625,-0.048828125,0.458984375,0.517578125
46089,0.146484375,-0.15625,0.302734375,0.41015625
46090,0.029296875,0.0390625,0.283203125,0.439453125
46091,-0.009765625,-0.05859375,0.41015625,0.56640625
46092,-0.048828125,-0.13671875,0.44921875,0.400390625
46093,0.0390625,0.048828125,0.48828125,0.4296875
46094,0,-0.1171875,0.341796875,0.244140625
46095,-0.126953125,-0.0390625,0.48828125,0.390625
46096,0.09765625,0.05859375,0.458984375,0.380859375
46097,0.13671875,-0.078125,0.400390625,0.341796875
46098,0.01953125,0,0.46875,0.33203125
46099,0.068359375,-0.087890625,0.46875,0.2734375
46100,0.048828125,-0.029296875,0.400390625,0.244140625
46101,0.029296875,-0.01953125,0.419921875,0.380859375
46102,-0.01953125,-0.1171875,0.390625,0.361328125
46103,-0.166015625,-0.0390625,0.400390625,0.419921875
46104,0.009765625,-0.0390625,0.5078125,0.3515625
46105,-0.078125,-0.078125,0.3515625,0.3515625
46106,-0.13671875,-0.01953125,0.439453125,0.4296875
46107,0.009765625,0.048828125,0.46875,0.380859375
46108,0.029296875,-0.048828125,0.400390625,0.44921875
46109,-0.166015625,-0.048828125,0.419921875,0.37109375
46110,-0.01953125,-0.09765625,0.390625,0.3515625
46111,0,-0.0390625,0.400390625,0.44921875
46112,0.13671875,-0.09765625,0.380859375,0.380859375
46113,0.009765625,-0.107421875,0.44921875,0.33203125
46114,0.0390625,-0.05859375,0.41015625,0.4296875
46115,0.1171875,-0.068359375,0.419921875,0.361328125
46116,-0.009765625,-0.1171875,0.322265625,0.400390625
46117,0,-0.17578125,0.5078125,0.380859375
46118,-0.146484375,-0.029296875,0.44921875,0.634765625
46119,-0.068359375,0.0390625,0.41015625,0.341796875
46120,-0.01953125,-0.078125,0.458984375,0.380859375
46121,-0.1171875,0,0.439453125,0.654296875
46122,-0.01953125,0.009765625,0.48828125,0.44921875
46123,-0.009765625,-0.107421875,0.458984375,0.3125
46124,-0.205078125,-0.05859375,0.44921875,0.126953125
46125,-0.048828125,-0.13671875,0.439453125,0.361328125
46126,-0.048828125,-0.068359375,0.419921875,0.3125
46127,0.087890625,-0.1171875,0.44921875,0.25390625
46128,0,-0.087890625,0.419921875,0.3515625
46129,0.029296875,-0.087890625,0.341796875,0.44921875
46130,0.107421875,-0.068359375,0.419921875,0.263671875
46131,0.009765625,-0.107421875,0.361328125,0.400390625
46132,0.166015625,-0.087890625,0.25390625,0.419921875
46133,-0.048828125,-0.05859375,0.44921875,0.498046875
46134,0.078125,-0.078125,0.41015625,0.37109375
46135,0.126953125,-0.048828125,0.244140625,0.419921875
46136,-0.009765625,-0.1171875,0.390625,0.5859375
46137,-0.048828125,-0.068359375,0.498046875,0.390625
46138,-0.21484375,-0.078125,0.390625,0.390625
46139,-0.078125,0.029296875,0.263671875,0.087890625
46140,-0.05859375,-0.068359375,0.498046875,0.361328125
46141,-0.0390625,-0.0390625,0.673828125,0.33203125
46142,0,-0.048828125,0.615234375,0.17578125
46143,0.0390625,-0.0390625,0.41015625,0.4296875
46144,-0.146484375,-0.029296875,0.498046875,0.390625
46145,-0.0390625,-0.2734375,0.56640625,0.15625
46146,0.05859375,0.01953125,0.41015625,0.361328125
46147,0.05859375,-0.078125,0.244140625,0.41015625
46148,0.048828125,-0.13671875,0.458984375,0.537109375
46149,-0.048828125,-0.087890625,0.44921875,0.48828125
46150,0.126953125,-0.048828125,0.244140625,0.37109375
46151,0.029296875,-0.13671875,0.3515625,0.517578125
46152,0.17578125,-0.0390625,0.419921875,0.52734375
46153,-0.0390625,-0.048828125,0.166015625,0.361328125
46154,0.009765625,0.009765625,0.302734375,0.322265625
46155,0.126953125,-0.078125,0.400390625,0.46875
46156,-0.166015625,-0.0390625,0.517578125,0.380859375
46157,0.029296875,0,0.576171875,0.341796875
46158,-0.09765625,-0.009765625,0.498046875,0.224609375
46159,-0.09765625,0.029296875,0.517578125,0.361328125
46160,-0.009765625,-0.107421875,0.556640625,0.322265625
46161,-0.1953125,-0.068359375,0.4296875,0.1953125
46162,0.05859375,0.1171875,0.4296875,0.322265625
46163,0.068359375,-0.0390625,0.595703125,0.341796875
46164,-0.21484375,-0.068359375,0.419921875,0.517578125
46165,0.029296875,-0.126953125,0.380859375,0.380859375
46166,-0.068359375,-0.087890625,0.341796875,0.3515625
46167,0.1953125,-0.009765625,0.46875,0.48828125
46168,-0.0390625,-0.0390625,0.3515625,0.302734375
46169,-0.01953125,-0.078125,0.283203125,0.41015625
46170,0.15625,-0.087890625,0.46875,0.517578125
46171,-0.068359375,-0.048828125,0.400390625,0.400390625
46172,-0.01953125,-0.05859375,0.44921875,0.380859375
46173,-0.107421875,-0.0390625,0.44921875,0.29296875
46174,-0.068359375,0.029296875,0.419921875,0.390625
46175,0.009765625,-0.048828125,0.46875,0.390625
46176,-0.029296875,-0.0390625,0.458984375,0.283203125
46177,-0.107421875,-0.029296875,0.419921875,0.439453125
46178,0.048828125,-0.01953125,0.4296875,0.380859375
46179,-0.087890625,-0.068359375,0.4296875,0.41015625
46180,0.029296875,-0.0390625,0.390625,0.37109375
46181,-0.009765625,0,0.419921875,0.341796875
46182,-0.01953125,-0.068359375,0.439453125,0.4296875
46183,-0.01953125,-0.05859375,0.458984375,0.400390625
46184,-0.078125,-0.048828125,0.361328125,0.283203125
46185,0.01953125,-0.05859375,0.439453125,0.41015625
46186,0.01953125,0,0.439453125,0.33203125
46187,0.009765625,-0.078125,0.4296875,0.341796875
46188,0,-0.078125,0.419921875,0.17578125
46189,-0.009765625,-0.068359375,0.4296875,0.41015625
46190,0.0390625,-0.068359375,0.400390625,0.361328125
46191,0.078125,-0.09765625,0.419921875,0.48828125
46192,-0.0390625,-0.068359375,0.37109375,0.458984375
46193,-0.087890625,-0.078125,0.322265625,0.390625
46194,0.05859375,-0.0390625,0.44921875,0.498046875
46195,0.029296875,0.01953125,0.341796875,0.341796875
46196,-0.05859375,-0.068359375,0.400390625,0.46875
46197,0.029296875,-0.009765625,0.400390625,0.595703125
46198,-0.0390625,-0.029296875,0.3515625,0.341796875
46199,-0.166015625,-0.068359375,0.380859375,0.3515625
46200,-0.048828125,-0.078125,0.400390625,0.498046875
46201,-0.029296875,0,0.4296875,0.244140625
46202,0.17578125,-0.05859375,0.595703125,0.439453125
46203,-0.0390625,-0.1171875,0.361328125,0.283203125
46204,0,-0.048828125,0.52734375,0.5078125
46205,0.146484375,-0.0390625,0.52734375,0.380859375
46206,0.01953125,-0.15625,0.48828125,0.263671875
46207,0.029296875,-0.068359375,0.419921875,0.44921875
46208,-0.01953125,-0.009765625,0.5078125,0.400390625
46209,-0.01953125,-0.0390625,0.5078125,0.546875
46210,0.0390625,-0.048828125,0.361328125,0.439453125
46211,-0.01953125,-0.087890625,0.341796875,0.41015625
46212,0.0390625,0,0.419921875,0.556640625
46213,-0.029296875,-0.078125,0.37109375,0.380859375
46214,-0.068359375,-0.244140625,0.302734375,0.390625
46215,-0.01953125,0.0390625,0.361328125,0.56640625
46216,-0.0390625,-0.13671875,0.537109375,0.37109375
46217,0.0390625,-0.302734375,0.458984375,0.400390625
46218,-0.048828125,-0.01953125,0.37109375,0.302734375
46219,-0.029296875,-0.01953125,0.4296875,0.390625
46220,-0.01953125,0.09765625,0.4296875,0.3125
46221,-0.029296875,-0.078125,0.498046875,0.224609375
46222,-0.1171875,-0.029296875,0.400390625,0.302734375
46223,0.01953125,0.087890625,0.44921875,0.390625
46224,0.01953125,-0.107421875,0.52734375,0.458984375
46225,-0.15625,-0.05859375,0.41015625,0.341796875
46226,0.1171875,0.087890625,0.400390625,0.341796875
46227,0,-0.107421875,0.3125,0.41015625
46228,0.224609375,-0.05859375,0.48828125,0.390625
46229,-0.029296875,-0.25390625,0.46875,0.37109375
46230,0.068359375,-0.048828125,0.2734375,0.380859375
46231,0.1953125,-0.068359375,0.4296875,0.419921875
46232,0,-0.224609375,0.419921875,0.37109375
46233,0.029296875,-0.0390625,0.341796875,0.400390625
46234,0.1953125,-0.068359375,0.44921875,0.29296875
46235,-0.009765625,0.0390625,0.390625,0.341796875
46236,0.05859375,-0.0390625,0.46875,0.37109375
46237,-0.15625,-0.068359375,0.361328125,0.37109375
46238,0.009765625,0.048828125,0.380859375,0.3515625
46239,-0.029296875,-0.087890625,0.48828125,0.400390625
46240,-0.205078125,0.029296875,0.5078125,0.361328125
46241,-0.009765625,0.048828125,0.48828125,0.37109375
46242,0.009765625,-0.029296875,0.400390625,0.400390625
46243,0.09765625,0.048828125,0.390625,0.419921875
46244,-0.01953125,-0.107421875,0.400390625,0.400390625
46245,0.0390625,-0.09765625,0.4296875,0.2734375
46246,0.09765625,-0.029296875,0.400390625,0.439453125
46247,0.048828125,-0.09765625,0.380859375,0.41015625
46248,-0.029296875,-0.107421875,0.380859375,0.400390625
46249,0.048828125,-0.244140625,0.41015625,0.60546875
46250,0.05859375,-0.048828125,0.390625,0.380859375
46251,0.0390625,-0.09765625,0.4296875,0.380859375
46252,-0.009765625,-0.185546875,0.419921875,0.595703125
46253,0.009765625,-0.05859375,0.478515625,0.400390625
46254,-0.0390625,-0.029296875,0.322265625,0.419921875
46255,0.009765625,0.029296875,0.439453125,0.537109375
46256,0,-0.078125,0.380859375,0.380859375
46257,-0.048828125,-0.048828125,0.60546875,0.419921875
46258,-0.009765625,0.09765625,0.439453125,0.263671875
46259,-0.0390625,-0.048828125,0.458984375,0.341796875
46260,-0.15625,-0.068359375,0.576171875,0.48828125
46261,-0.01953125,0.068359375,0.615234375,0.205078125
46262,0.029296875,-0.0390625,0.390625,0.3125
46263,0.21484375,-0.068359375,0.60546875,0.361328125
46264,0.01953125,-0.166015625,0.537109375,0.419921875
46265,-0.009765625,-0.0390625,0.419921875,0.37109375
46266,0.17578125,-0.048828125,0.400390625,0.361328125
46267,0.029296875,-0.15625,0.263671875,0.439453125
46268,-0.1171875,-0.1171875,0.44921875,0.361328125
46269,0.17578125,-0.029296875,0.41015625,0.41015625
46270,-0.009765625,0.01953125,0.29296875,0.419921875
46271,-0.068359375,-0.0390625,0.4296875,0.380859375
46272,-0.13671875,-0.078125,0.41015625,0.390625
46273,0.009765625,0.009765625,0.205078125,0.380859375
46274,0,-0.107421875,0.419921875,0.29296875
46275,-0.13671875,-0.087890625,0.341796875,0.341796875
46276,0,0.0390625,0.5859375,0.341796875
46277,-0.01953125,-0.107421875,0.46875,0.205078125
46278,0.0390625,-0.234375,0.46875,0.400390625
46279,0.05859375,-0.029296875,0.546875,0.341796875
46280,-0.05859375,-0.01953125,0.41015625,0.2734375
46281,0.087890625,-0.224609375,0.5078125,0.37109375
46282,-0.078125,-0.13671875,0.41015625,0.33203125
46283,-0.068359375,-0.0390625,0.419921875,0.4296875
46284,0.01953125,0.126953125,0.546875,0.33203125
46285,-0.029296875,-0.078125,0.361328125,0.380859375
46286,-0.0390625,-0.068359375,0.498046875,0.44921875
46287,0.01953125,0.1171875,0.44921875,0.3515625
46288,0.0390625,-0.048828125,0.419921875,0.44921875
46289,-0.01953125,-0.068359375,0.46875,0.33203125
46290,0,-0.21484375,0.3515625,0.361328125
46291,0.0390625,-0.068359375,0.419921875,0.380859375
46292,0.078125,-0.068359375,0.44921875,0.41015625
46293,0,-0.13671875,0.341796875,0.37109375
46294,0.0390625,-0.05859375,0.419921875,0.478515625
46295,0.09765625,-0.087890625,0.44921875,0.419921875
46296,-0.029296875,-0.224609375,0.390625,0.390625
46297,0.01953125,0.009765625,0.498046875,0.4296875
46298,-0.13671875,-0.078125,0.44921875,0.390625
46299,0.048828125,0.09765625,0.419921875,0.341796875
46300,-0.05859375,-0.048828125,0.439453125,0.380859375
46301,-0.087890625,-0.078125,0.48828125,0.341796875
46302,0.009765625,0.087890625,0.478515625,0.400390625
46303,0.1171875,-0.068359375,0.5078125,0.1953125
46304,0,-0.0390625,0.498046875,0.400390625
46305,-0.029296875,-0.107421875,0.458984375,0.390625
46306,0.15625,-0.078125,0.615234375,0.341796875
46307,0.048828125,-0.029296875,0.419921875,0.400390625
46308,-0.009765625,-0.107421875,0.458984375,0.4296875
46309,0.0390625,-0.048828125,0.60546875,0.419921875
46310,0.009765625,-0.1953125,0.4296875,0.400390625
46311,0.048828125,-0.166015625,0.361328125,0.37109375
46312,0.09765625,-0.0390625,0.224609375,0.44921875
46313,0,-0.2734375,0.419921875,0.498046875
46314,0.0390625,0,0.37109375,0.458984375
46315,-0.01953125,-0.029296875,0.17578125,0.3125
46316,-0.01953125,-0.224609375,0.44921875,0.56640625
46317,-0.048828125,-0.01953125,0.41015625,0.5078125
46318,0.0390625,-0.09765625,0.078125,0.37109375
46319,0.009765625,-0.048828125,0.48828125,0.107421875
46320,-0.048828125,-0.05859375,0.37109375,0.498046875
46321,-0.01953125,-0.048828125,0.60546875,0.390625
46322,0.009765625,0.009765625,0.48828125,0.1171875
46323,0.01953125,-0.029296875,0.41015625,0.21484375
46324,0.01953125,-0.087890625,0.60546875,0.3515625
46325,0.048828125,-0.1953125,0.56640625,0.09765625
46326,0.107421875,0,0.44921875,0.341796875
46327,0.0390625,-0.107421875,0.283203125,0.361328125
46328,0.009765625,-0.13671875,0.44921875,0.5859375
46329,0.068359375,-0.0390625,0.498046875,0.380859375
46330,0.05859375,-0.087890625,0.341796875,0.390625
46331,0.068359375,-0.13671875,0.244140625,0.576171875
46332,0.068359375,-0.05859375,0.44921875,0.4296875
46333,-0.0390625,-0.087890625,0.29296875,0.361328125
46334,0.01953125,0.029296875,0.263671875,0.29296875
46335,-0.009765625,-0.126953125,0.52734375,0.46875
46336,-0.029296875,-0.146484375,0.439453125,0.322265625
46337,0.01953125,0.068359375,0.64453125,0.419921875
46338,0.009765625,-0.087890625,0.390625,0.2734375
46339,-0.0390625,0.05859375,0.498046875,0.380859375
46340,-0.029296875,-0.1171875,0.634765625,0.25390625
46341,0.068359375,-0.09765625,0.44921875,0.283203125
46342,0.05859375,0.048828125,0.419921875,0.3515625
46343,0.009765625,-0.107421875,0.52734375,0.380859375
46344,0.087890625,-0.01953125,0.4296875,0.52734375
46345,0.0390625,-0.17578125,0.400390625,0.44921875
46346,0,-0.205078125,0.302734375,0.41015625
46347,0.078125,-0.068359375,0.498046875,0.498046875
46348,-0.01953125,-0.21484375,0.439453125,0.380859375
46349,0.01953125,-0.009765625,0.3125,0.41015625
46350,0.029296875,-0.09765625,0.380859375,0.44921875
46351,-0.01953125,-0.205078125,0.390625,0.380859375
46352,0,-0.01953125,0.48828125,0.41015625
46353,-0.05859375,-0.068359375,0.44921875,0.361328125
46354,0.029296875,-0.029296875,0.390625,0.361328125
46355,0.05859375,-0.01953125,0.52734375,0.322265625
46356,-0.048828125,-0.029296875,0.3125,0.29296875
46357,-0.087890625,-0.0390625,0.44921875,0.390625
46358,-0.009765625,-0.078125,0.556640625,0.400390625
46359,-0.029296875,-0.0390625,0.4296875,0.37109375
46360,-0.009765625,-0.009765625,0.41015625,0.4296875
46361,-0.01953125,-0.068359375,0.361328125,0.361328125
46362,-0.029296875,-0.0390625,0.41015625,0.302734375
46363,0.0390625,-0.048828125,0.390625,0.439453125
46364,0.048828125,-0.09765625,0.41015625,0.390625
46365,-0.048828125,-0.09765625,0.419921875,0.2734375
46366,0.009765625,0.01953125,0.48828125,0.322265625
46367,0.0390625,-0.1171875,0.56640625,0.400390625
46368,0.068359375,-0.087890625,0.439453125,0.390625
46369,0.009765625,-0.048828125,0.458984375,0.37109375
46370,0.0390625,-0.0390625,0.56640625,0.41015625
46371,0,-0.17578125,0.458984375,0.390625
46372,-0.009765625,-0.068359375,0.33203125,0.37109375
46373,0.029296875,-0.05859375,0.5859375,0.390625
46374,0.0390625,0.048828125,0.400390625,0.41015625
46375,-0.029296875,-0.009765625,0.361328125,0.380859375
46376,-0.009765625,-0.009765625,0.33203125,0.41015625
46377,0.0390625,0.048828125,0.37109375,0.44921875
46378,-0.009765625,-0.078125,0.400390625,0.439453125
46379,0.009765625,-0.048828125,0.234375,0.361328125
46380,-0.029296875,-0.146484375,0.400390625,0.46875
46381,-0.0390625,-0.078125,0.517578125,0.390625
46382,0.068359375,-0.068359375,0.634765625,0.41015625
46383,-0.048828125,-0.1953125,0.44921875,0.185546875
46384,-0.068359375,0,0.5078125,0.302734375
46385,-0.0390625,-0.078125,0.537109375,0.3125
46386,0.01953125,-0.13671875,0.44921875,0.2734375
46387,-0.13671875,-0.068359375,0.478515625,0.37109375
46388,-0.0390625,-0.068359375,0.60546875,0.419921875
46389,0.078125,-0.087890625,0.439453125,0.41015625
46390,-0.09765625,-0.107421875,0.400390625,0.380859375
46391,-0.048828125,-0.068359375,0.234375,0.44921875
46392,0.0390625,-0.009765625,0.478515625,0.46875
46393,0.15625,-0.09765625,0.380859375,0.419921875
46394,-0.078125,-0.078125,0.205078125,0.361328125
46395,0,-0.1171875,0.5859375,0.478515625
46396,0.09765625,-0.107421875,0.46875,0.41015625
46397,0.029296875,-0.126953125,0.56640625,0.361328125
46398,0.009765625,-0.0390625,0.556640625,0.322265625
46399,0.21484375,-0.0390625,0.458984375,0.322265625
46400,0.01953125,-0.078125,0.556640625,0.41015625
46401,-0.0390625,-0.087890625,0.390625,0.33203125
46402,-0.234375,0,0.439453125,0.3125
46403,0.01953125,0.1171875,0.576171875,0.400390625
46404,0.0390625,-0.01953125,0.44921875,0.3125
46405,-0.087890625,-0.009765625,0.4296875,0.322265625
46406,0.078125,-0.048828125,0.361328125,0.33203125
46407,-0.01953125,-0.05859375,0.390625,0.390625
46408,0.21484375,-0.078125,0.439453125,0.3515625
46409,0.009765625,-0.283203125,0.3515625,0.33203125
46410,0.009765625,-0.05859375,0.380859375,0.400390625
46411,0.166015625,-0.078125,0.48828125,0.390625
46412,-0.029296875,-0.29296875,0.41015625,0.380859375
46413,0.01953125,-0.078125,0.4296875,0.458984375
46414,0.224609375,-0.05859375,0.458984375,0.361328125
46415,-0.009765625,0.05859375,0.478515625,0.4296875
46416,0.05859375,-0.13671875,0.439453125,0.41015625
46417,-0.078125,-0.0390625,0.41015625,0.302734375
46418,-0.01953125,0.107421875,0.439453125,0.3125
46419,0.087890625,-0.09765625,0.44921875,0.390625
46420,-0.048828125,-0.029296875,0.341796875,0.302734375
46421,0.01953125,0.107421875,0.517578125,0.37109375
46422,-0.205078125,-0.068359375,0.576171875,0.341796875
46423,0.0390625,-0.029296875,0.4296875,0.44921875
46424,0.048828125,-0.25390625,0.41015625,0.439453125
46425,-0.13671875,-0.087890625,0.5078125,0.3515625
46426,0.068359375,-0.078125,0.439453125,0.4296875
46427,0.068359375,-0.126953125,0.41015625,0.380859375
46428,0.1171875,-0.05859375,0.537109375,0.322265625
46429,0.048828125,-0.13671875,0.439453125,0.46875
46430,0.078125,-0.0390625,0.4296875,0.41015625
46431,0.048828125,-0.087890625,0.3125,0.361328125
46432,0.01953125,-0.17578125,0.44921875,0.517578125
46433,0,-0.107421875,0.41015625,0.400390625
46434,0.087890625,-0.05859375,0.25390625,0.4296875
46435,0,0.1171875,0.4296875,0.556640625
46436,-0.05859375,0,0.341796875,0.4296875
46437,-0.09765625,0.009765625,0.517578125,0.41015625
46438,0.009765625,0.087890625,0.4296875,0.33203125
46439,-0.029296875,-0.048828125,0.478515625,0.21484375
46440,-0.107421875,-0.05859375,0.56640625,0.48828125
46441,-0.0390625,0.078125,0.37109375,0.390625
46442,-0.029296875,-0.029296875,0.478515625,0.3125
46443,0.146484375,-0.087890625,0.556640625,0.380859375
46444,-0.068359375,-0.166015625,0.4296875,0.361328125
46445,0.029296875,-0.09765625,0.517578125,0.205078125
46446,0.15625,-0.068359375,0.3515625,0.341796875
46447,0.029296875,-0.15625,0.400390625,0.390625
46448,-0.009765625,-0.029296875,0.498046875,0.576171875
46449,0.068359375,-0.126953125,0.400390625,0.37109375
46450,-0.0390625,0.068359375,0.380859375,0.3515625
46451,-0.05859375,-0.029296875,0.33203125,0.46875
46452,-0.05859375,-0.05859375,0.4296875,0.390625
46453,0.048828125,0.09765625,0.322265625,0.458984375
46454,-0.029296875,-0.078125,0.390625,0.302734375
46455,-0.09765625,-0.01953125,0.33203125,0.380859375
46456,0.01953125,0.05859375,0.537109375,0.380859375
46457,0.185546875,-0.068359375,0.400390625,0.25390625
46458,0.029296875,-0.048828125,0.458984375,0.41015625
46459,0.01953125,-0.126953125,0.615234375,0.2734375
46460,0.087890625,-0.029296875,0.400390625,0.283203125
46461,-0.009765625,-0.126953125,0.458984375,0.3515625
46462,-0.029296875,-0.1953125,0.3125,0.2734375
46463,-0.1171875,0.009765625,0.458984375,0.478515625
46464,0.09765625,-0.05859375,0.498046875,0.380859375
46465,-0.048828125,-0.048828125,0.29296875,0.341796875
46466,-0.068359375,-0.068359375,0.400390625,0.478515625
46467,0.01953125,-0.009765625,0.419921875,0.380859375
46468,0.029296875,0,0.283203125,0.400390625
46469,-0.107421875,-0.068359375,0.380859375,0.302734375
46470,0,-0.17578125,0.400390625,0.361328125
46471,0.029296875,0.029296875,0.46875,0.458984375
46472,0.09765625,-0.078125,0.5078125,0.361328125
46473,-0.05859375,-0.166015625,0.439453125,0.419921875
46474,0.0390625,-0.0390625,0.52734375,0.44921875
46475,0.263671875,-0.068359375,0.4296875,0.341796875
46476,0.009765625,-0.1953125,0.419921875,0.439453125
46477,-0.01953125,-0.048828125,0.52734375,0.439453125
46478,-0.21484375,-0.078125,0.390625,0.5859375
46479,-0.01953125,-0.009765625,0.44921875,0.390625
46480,0.0390625,-0.078125,0.48828125,0.361328125
46481,-0.13671875,-0.05859375,0.44921875,0.6640625
46482,0.0390625,-0.05859375,0.478515625,0.361328125
46483,-0.01953125,-0.087890625,0.37109375,0.283203125
46484,-0.17578125,-0.09765625,0.41015625,0.166015625
46485,0.05859375,-0.107421875,0.458984375,0.37109375
46486,0.048828125,-0.05859375,0.341796875,0.3125
46487,0.09765625,-0.048828125,0.41015625,0.0390625
46488,0.01953125,-0.0390625,0.439453125,0.390625
46489,0.01953125,-0.01953125,0.37109375,0.439453125
46490,0.1171875,-0.009765625,0.439453125,0.15625
46491,0,-0.1171875,0.390625,0.380859375
46492,0.01953125,0,0.25390625,0.4296875
46493,-0.05859375,-0.0390625,0.44921875,0.625
46494,0.009765625,-0.01953125,0.439453125,0.37109375
46495,0.009765625,0,0.3125,0.33203125
46496,-0.05859375,0.05859375,0.4296875,0.64453125
46497,0.0390625,-0.09765625,0.41015625,0.341796875
46498,-0.01953125,-0.009765625,0.302734375,0.4296875
46499,-0.048828125,-0.126953125,0.380859375,0.21484375
46500,-0.0390625,0.01953125,0.41015625,0.37109375
46501,-0.0390625,-0.05859375,0.60546875,0.322265625
46502,0.009765625,-0.107421875,0.5078125,0.107421875
46503,0.0390625,-0.009765625,0.400390625,0.322265625
46504,-0.107421875,-0.05859375,0.634765625,0.3125
46505,0,-0.029296875,0.419921875,0.205078125
46506,0,0,0.419921875,0.283203125
46507,0.068359375,-0.068359375,0.185546875,0.390625
46508,-0.05859375,-0.01953125,0.419921875,0.517578125
46509,-0.009765625,-0.0390625,0.44921875,0.5078125
46510,0,0,0.1953125,0.41015625
46511,0.087890625,-0.09765625,0.341796875,0.556640625
46512,0.146484375,-0.05859375,0.390625,0.517578125
46513,-0.087890625,0.009765625,0.2734375,0.46875
46514,0.029296875,-0.0390625,0.361328125,0.361328125
46515,0.185546875,-0.05859375,0.41015625,0.52734375
46516,-0.068359375,0,0.4296875,0.439453125
46517,-0.029296875,-0.048828125,0.546875,0.341796875
46518,-0.13671875,-0.068359375,0.4296875,0.21484375
46519,-0.048828125,0.09765625,0.537109375,0.2734375
46520,0.0390625,-0.068359375,0.498046875,0.322265625
46521,-0.1171875,-0.05859375,0.3515625,0.25390625
46522,0.05859375,0.1953125,0.4296875,0.29296875
46523,0,-0.01953125,0.517578125,0.361328125
46524,-0.244140625,-0.048828125,0.439453125,0.517578125
46525,0.068359375,-0.15625,0.41015625,0.41015625
46526,-0.009765625,-0.068359375,0.3515625,0.322265625
46527,0.13671875,-0.01953125,0.41015625,0.46875
46528,-0.087890625,-0.13671875,0.419921875,0.400390625
46529,-0.0390625,-0.078125,0.341796875,0.458984375
46530,0.05859375,-0.126953125,0.4296875,0.458984375
46531,0,-0.107421875,0.380859375,0.37109375
46532,0.05859375,-0.05859375,0.48828125,0.400390625
46533,-0.05859375,-0.05859375,0.4296875,0.224609375
46534,-0.01953125,-0.087890625,0.400390625,0.400390625
46535,0.01953125,-0.009765625,0.498046875,0.46875
46536,-0.087890625,-0.05859375,0.390625,0.224609375
46537,0.0390625,-0.087890625,0.419921875,0.37109375
46538,-0.05859375,-0.09765625,0.322265625,0.3515625
46539,-0.029296875,0,0.380859375,0.400390625
46540,-0.01953125,0,0.41015625,0.361328125
46541,-0.13671875,0,0.205078125,0.322265625
46542,-0.048828125,-0.107421875,0.419921875,0.46875
46543,-0.009765625,-0.068359375,0.361328125,0.4296875
46544,-0.107421875,-0.029296875,0.37109375,0.33203125
46545,-0.068359375,-0.078125,0.361328125,0.419921875
46546,0.1171875,-0.05859375,0.390625,0.302734375
46547,0.15625,-0.068359375,0.44921875,0.37109375
46548,0.029296875,-0.087890625,0.41015625,0.302734375
46549,0.029296875,-0.09765625,0.4296875,0.380859375
46550,0.185546875,-0.078125,0.439453125,0.361328125
46551,0.05859375,-0.068359375,0.46875,0.15625
46552,-0.01953125,-0.087890625,0.37109375,0.390625
46553,-0.21484375,-0.078125,0.4296875,0.41015625
46554,0.01953125,0.0390625,0.44921875,0.498046875
46555,-0.029296875,-0.09765625,0.390625,0.361328125
46556,-0.13671875,-0.009765625,0.390625,0.37109375
46557,0.009765625,0.009765625,0.400390625,0.693359375
46558,0.029296875,-0.048828125,0.390625,0.283203125
46559,-0.107421875,-0.048828125,0.41015625,0.3515625
46560,0.01953125,-0.205078125,0.41015625,0.537109375
46561,0,0.009765625,0.458984375,0.283203125
46562,0.15625,-0.048828125,0.56640625,0.322265625
46563,-0.01953125,-0.1953125,0.390625,0.17578125
46564,0.0390625,-0.009765625,0.5078125,0.498046875
46565,0.13671875,0.205078125,0.595703125,0.302734375
46566,0.009765625,-0.166015625,0.341796875,0.1953125
46567,-0.01953125,-0.048828125,0.44921875,0.48828125
46568,-0.087890625,0.0390625,0.56640625,0.400390625
46569,0,-0.009765625,0.361328125,0.576171875
46570,0.078125,-0.068359375,0.41015625,0.5078125
46571,-0.009765625,0.224609375,0.3125,0.361328125
46572,0.048828125,0.0390625,0.400390625,0.546875
46573,-0.009765625,-0.087890625,0.41015625,0.29296875
46574,-0.048828125,-0.3125,0.302734375,0.41015625
46575,-0.048828125,-0.087890625,0.380859375,0.595703125
46576,0.029296875,-0.09765625,0.380859375,0.283203125
46577,0.01953125,-0.283203125,0.48828125,0.400390625
46578,-0.029296875,-0.09765625,0.439453125,0.244140625
46579,0,-0.05859375,0.44921875,0.44921875
46580,0.01953125,0.146484375,0.419921875,0.3515625
46581,0.029296875,-0.048828125,0.458984375,0.17578125
46582,-0.17578125,-0.009765625,0.419921875,0.400390625
46583,-0.078125,0.107421875,0.478515625,0.361328125
46584,-0.01953125,-0.21484375,0.4296875,0.41015625
46585,-0.2734375,-0.13671875,0.419921875,0.439453125
46586,0.029296875,0.1171875,0.400390625,0.400390625
46587,0.009765625,-0.068359375,0.3515625,0.4296875
46588,0.126953125,-0.048828125,0.44921875,0.3515625
46589,0.0390625,-0.205078125,0.419921875,0.380859375
46590,-0.009765625,0,0.41015625,0.390625
46591,0.166015625,-0.09765625,0.458984375,0.390625
46592,-0.01953125,-0.1953125,0.41015625,0.4296875
46593,-0.01953125,-0.048828125,0.419921875,0.400390625
46594,0.107421875,-0.029296875,0.498046875,0.380859375
46595,0.009765625,0.05859375,0.458984375,0.400390625
46596,0.009765625,-0.009765625,0.458984375,0.419921875
46597,-0.166015625,-0.126953125,0.390625,0.390625
46598,0.009765625,0.107421875,0.400390625,0.419921875
46599,0.05859375,-0.0390625,0.52734375,0.390625
46600,-0.126953125,0.068359375,0.439453125,0.361328125
46601,0.009765625,0.09765625,0.41015625,0.341796875
46602,0.01953125,-0.078125,0.390625,0.4296875
46603,0.087890625,0.048828125,0.44921875,0.46875
46604,-0.048828125,-0.029296875,0.52734375,0.44921875
46605,0.009765625,-0.068359375,0.390625,0.361328125
46606,0.068359375,0,0.400390625,0.556640625
46607,0.01953125,-0.087890625,0.419921875,0.390625
46608,0.05859375,-0.048828125,0.390625,0.41015625
46609,0.15625,-0.126953125,0.458984375,0.48828125
46610,0.009765625,-0.05859375,0.44921875,0.419921875
46611,0.13671875,-0.078125,0.400390625,0.400390625
46612,0.01953125,-0.078125,0.380859375,0.46875
46613,-0.048828125,-0.068359375,0.380859375,0.33203125
46614,0.048828125,-0.01953125,0.390625,0.3515625
46615,0.029296875,0.01953125,0.29296875,0.517578125
46616,-0.0390625,-0.09765625,0.41015625,0.361328125
46617,-0.09765625,-0.009765625,0.380859375,0.44921875
46618,-0.0390625,-0.029296875,0.361328125,0.263671875
46619,-0.01953125,-0.0390625,0.4296875,0.341796875
46620,-0.107421875,-0.09765625,0.478515625,0.400390625
46621,-0.029296875,0.009765625,0.634765625,0.21484375
46622,0.009765625,-0.078125,0.439453125,0.439453125
46623,0.107421875,-0.107421875,0.419921875,0.33203125
46624,-0.009765625,-0.185546875,0.576171875,0.380859375
46625,0.0390625,-0.087890625,0.4296875,0.380859375
46626,0.13671875,-0.068359375,0.44921875,0.3515625
46627,0,-0.146484375,0.29296875,0.458984375
46628,-0.009765625,-0.078125,0.419921875,0.56640625
46629,0.107421875,-0.068359375,0.419921875,0.41015625
46630,0.029296875,0.05859375,0.244140625,0.46875
46631,-0.05859375,-0.05859375,0.400390625,0.517578125
46632,-0.15625,-0.029296875,0.29296875,0.390625
46633,-0.01953125,-0.01953125,0.33203125,0.322265625
46634,-0.09765625,-0.078125,0.390625,0.224609375
46635,-0.17578125,-0.078125,0.3515625,0.4296875
46636,0.068359375,-0.048828125,0.546875,0.400390625
46637,0.078125,-0.087890625,0.46875,0.166015625
46638,0.078125,-0.009765625,0.322265625,0.41015625
46639,-0.01953125,-0.09765625,0.56640625,0.33203125
46640,0.01953125,-0.087890625,0.419921875,0.234375
46641,0.087890625,-0.029296875,0.52734375,0.400390625
46642,-0.009765625,-0.107421875,0.341796875,0.302734375
46643,-0.0390625,-0.087890625,0.419921875,0.4296875
46644,0.107421875,0.185546875,0.478515625,0.380859375
46645,-0.009765625,-0.087890625,0.33203125,0.3125
46646,0,-0.068359375,0.390625,0.48828125
46647,-0.029296875,0.1171875,0.478515625,0.37109375
46648,0,-0.13671875,0.341796875,0.361328125
46649,-0.09765625,-0.078125,0.419921875,0.322265625
46650,-0.068359375,-0.244140625,0.390625,0.341796875
46651,0.087890625,-0.09765625,0.498046875,0.380859375
46652,0.107421875,-0.146484375,0.44921875,0.322265625
46653,0.01953125,-0.1953125,0.41015625,0.380859375
46654,0.048828125,-0.029296875,0.48828125,0.419921875
46655,0.146484375,-0.13671875,0.458984375,0.3125
46656,-0.01953125,-0.322265625,0.400390625,0.41015625
46657,0,-0.087890625,0.4296875,0.4296875
46658,-0.087890625,-0.05859375,0.41015625,0.3515625
46659,0.009765625,0.05859375,0.361328125,0.3515625
46660,0.029296875,-0.126953125,0.46875,0.419921875
46661,-0.126953125,-0.087890625,0.419921875,0.400390625
46662,0.009765625,0.068359375,0.478515625,0.37109375
46663,0.048828125,-0.05859375,0.498046875,0.361328125
46664,-0.05859375,-0.0390625,0.390625,0.390625
46665,0.01953125,-0.1171875,0.458984375,0.361328125
46666,0.146484375,-0.087890625,0.458984375,0.361328125
46667,0.009765625,0.009765625,0.380859375,0.419921875
46668,0.029296875,-0.17578125,0.46875,0.322265625
46669,0.01953125,-0.05859375,0.52734375,0.322265625
46670,-0.01953125,-0.009765625,0.390625,0.3515625
46671,0.048828125,-0.205078125,0.400390625,0.390625
46672,-0.107421875,-0.009765625,0.234375,0.390625
46673,-0.009765625,-0.05859375,0.458984375,0.37109375
46674,-0.029296875,-0.009765625,0.439453125,0.37109375
46675,-0.078125,-0.0390625,0.205078125,0.390625
46676,0.048828125,-0.107421875,0.390625,0.37109375
46677,-0.05859375,-0.1171875,0.44921875,0.37109375
46678,0.1171875,-0.078125,0.234375,0.361328125
46679,0.107421875,-0.107421875,0.419921875,0.21484375
46680,0.009765625,-0.087890625,0.419921875,0.283203125
46681,0.087890625,-0.068359375,0.6640625,0.341796875
46682,-0.01953125,-0.13671875,0.478515625,0.224609375
46683,0.029296875,-0.1171875,0.478515625,0.4296875
46684,0.068359375,-0.05859375,0.60546875,0.380859375
46685,-0.087890625,-0.107421875,0.5078125,0.087890625
46686,0,-0.1171875,0.390625,0.400390625
46687,-0.029296875,-0.05859375,0.322265625,0.380859375
46688,0.029296875,-0.009765625,0.48828125,0.5078125
46689,0.029296875,-0.078125,0.4296875,0.41015625
46690,-0.029296875,-0.009765625,0.33203125,0.380859375
46691,0.029296875,-0.068359375,0.44921875,0.56640625
46692,0.01953125,-0.09765625,0.458984375,0.4296875
46693,0.009765625,0.048828125,0.283203125,0.41015625
46694,0.048828125,0.01953125,0.283203125,0.29296875
46695,0.01953125,-0.09765625,0.380859375,0.322265625
46696,0,-0.078125,0.52734375,0.390625
46697,0.048828125,-0.01953125,0.498046875,0.37109375
46698,0.068359375,-0.078125,0.390625,0.322265625
46699,-0.009765625,-0.05859375,0.439453125,0.380859375
46700,0,-0.048828125,0.546875,0.244140625
46701,0.048828125,-0.05859375,0.46875,0.400390625
46702,0.09765625,-0.009765625,0.439453125,0.37109375
46703,-0.05859375,-0.1171875,0.595703125,0.390625
46704,0.01953125,0,0.4296875,0.41015625
46705,0.009765625,-0.09765625,0.439453125,0.4296875
46706,0,-0.09765625,0.3125,0.341796875
46707,0.078125,-0.029296875,0.439453125,0.44921875
46708,-0.009765625,-0.146484375,0.46875,0.37109375
46709,0.009765625,0.009765625,0.25390625,0.41015625
46710,0.01953125,-0.0390625,0.44921875,0.341796875
46711,-0.01953125,-0.17578125,0.44921875,0.33203125
46712,0.029296875,-0.0390625,0.56640625,0.439453125
46713,0.01953125,-0.01953125,0.439453125,0.361328125
46714,-0.0390625,0.05859375,0.41015625,0.3515625
46715,0.13671875,-0.05859375,0.517578125,0.33203125
46716,0,-0.126953125,0.400390625,0.361328125
46717,-0.048828125,0,0.400390625,0.3515625
46718,0,-0.0390625,0.546875,0.37109375
46719,0.0390625,-0.009765625,0.380859375,0.2734375
46720,-0.01953125,-0.078125,0.341796875,0.341796875
46721,0.009765625,-0.05859375,0.400390625,0.419921875
46722,-0.09765625,0.068359375,0.41015625,0.439453125
46723,0.068359375,-0.01953125,0.44921875,0.341796875
46724,0.0390625,-0.09765625,0.439453125,0.41015625
46725,-0.166015625,-0.302734375,0.458984375,0.2734375
46726,-0.029296875,-0.09765625,0.439453125,0.37109375
46727,0,-0.1171875,0.361328125,0.3515625
46728,0.048828125,-0.205078125,0.390625,0.361328125
46729,0.09765625,-0.01953125,0.439453125,0.341796875
46730,0.009765625,-0.0390625,0.458984375,0.322265625
46731,0.087890625,-0.205078125,0.46875,0.390625
46732,-0.009765625,-0.087890625,0.41015625,0.37109375
46733,-0.087890625,-0.048828125,0.517578125,0.380859375
46734,0.107421875,0.09765625,0.390625,0.400390625
46735,0,-0.107421875,0.439453125,0.361328125
46736,0.01953125,-0.048828125,0.302734375,0.478515625
46737,0.009765625,0.068359375,0.361328125,0.46875
46738,0,-0.107421875,0.380859375,0.33203125
46739,-0.01953125,-0.068359375,0.21484375,0.29296875
46740,-0.029296875,-0.146484375,0.5078125,0.48828125
46741,0.01953125,-0.029296875,0.46875,0.390625
46742,0.146484375,-0.048828125,0.625,0.302734375
46743,0.029296875,-0.244140625,0.537109375,0.29296875
46744,0.01953125,-0.029296875,0.4296875,0.400390625
46745,0.166015625,0.009765625,0.703125,0.37109375
46746,0.009765625,-0.146484375,0.2734375,0.2734375
46747,-0.01953125,-0.05859375,0.4296875,0.390625
46748,-0.1171875,-0.078125,0.634765625,0.439453125
46749,0.01953125,0.029296875,0.1171875,0.537109375
46750,0.009765625,-0.068359375,0.478515625,0.380859375
46751,-0.126953125,-0.1171875,0.263671875,0.41015625
46752,-0.01953125,0.01953125,0.56640625,0.48828125
46753,0.15625,-0.05859375,0.400390625,0.3515625
46754,-0.126953125,0.048828125,0.263671875,0.439453125
46755,0.05859375,-0.078125,0.5859375,0.517578125
46756,0.17578125,-0.107421875,0.4296875,0.341796875
46757,0.1171875,-0.078125,0.52734375,0.419921875
46758,-0.0390625,-0.048828125,0.56640625,0.2734375
46759,0.15625,-0.01953125,0.419921875,0.419921875
46760,0.107421875,-0.068359375,0.625,0.322265625
46761,-0.0390625,-0.087890625,0.380859375,0.341796875
46762,-0.087890625,-0.05859375,0.4296875,0.400390625
46763,-0.01953125,-0.009765625,0.546875,0.4296875
46764,-0.0390625,-0.126953125,0.322265625,0.33203125
46765,-0.126953125,-0.0390625,0.419921875,0.41015625
46766,0,-0.107421875,0.361328125,0.400390625
46767,0.009765625,-0.068359375,0.458984375,0.3125
46768,0.21484375,-0.068359375,0.439453125,0.37109375
46769,-0.029296875,-0.25390625,0.3125,0.419921875
46770,0.048828125,-0.01953125,0.44921875,0.33203125
46771,0.1953125,-0.0390625,0.41015625,0.341796875
46772,0.009765625,-0.234375,0.4296875,0.37109375
46773,0.01953125,-0.05859375,0.48828125,0.380859375
46774,0.234375,-0.0390625,0.390625,0.380859375
46775,0.01953125,0.087890625,0.4296875,0.341796875
46776,0.009765625,-0.0390625,0.419921875,0.400390625
46777,-0.068359375,-0.078125,0.390625,0.3515625
46778,0.068359375,0.107421875,0.44921875,0.390625
46779,0.048828125,-0.048828125,0.439453125,0.33203125
46780,-0.09765625,-0.166015625,0.390625,0.361328125
46781,0.068359375,0.09765625,0.458984375,0.341796875
46782,0.0390625,-0.05859375,0.5859375,0.33203125
46783,0.029296875,-0.009765625,0.322265625,0.400390625
46784,-0.048828125,-0.166015625,0.478515625,0.37109375
46785,0.029296875,-0.05859375,0.5078125,0.37109375
46786,0.048828125,-0.0390625,0.400390625,0.41015625
46787,0.029296875,-0.126953125,0.419921875,0.361328125
46788,0.01953125,-0.05859375,0.46875,0.361328125
46789,0.01953125,-0.087890625,0.4296875,0.498046875
46790,0.009765625,-0.05859375,0.46875,0.390625
46791,0.01953125,0,0.341796875,0.380859375
46792,-0.009765625,-0.13671875,0.390625,0.44921875
46793,-0.068359375,-0.087890625,0.419921875,0.439453125
46794,0.048828125,-0.087890625,0.185546875,0.400390625
46795,-0.01953125,0.09765625,0.439453125,0.458984375
46796,-0.01953125,0,0.400390625,0.498046875
46797,-0.009765625,-0.01953125,0.498046875,0.361328125
46798,0.029296875,0.01953125,0.33203125,0.322265625
46799,-0.05859375,-0.087890625,0.439453125,0.234375
46800,-0.01953125,-0.068359375,0.537109375,0.400390625
46801,0.009765625,-0.029296875,0.400390625,0.322265625
46802,0.009765625,-0.048828125,0.390625,0.17578125
46803,0.048828125,-0.05859375,0.595703125,0.439453125
46804,-0.078125,-0.17578125,0.498046875,0.33203125
46805,-0.01953125,-0.068359375,0.5078125,0.25390625
46806,0.087890625,-0.078125,0.361328125,0.37109375
46807,-0.0390625,-0.13671875,0.13671875,0.263671875
46808,0.01953125,-0.087890625,0.478515625,0.44921875
46809,0.048828125,0.107421875,0.380859375,0.41015625
46810,0,0.068359375,0.2734375,0.29296875
46811,0,-0.05859375,0.380859375,0.48828125
46812,-0.05859375,-0.107421875,0.4296875,0.41015625
46813,0.048828125,0.01953125,0.205078125,0.44921875
46814,0.029296875,-0.087890625,0.439453125,0.25390625
46815,-0.01953125,-0.09765625,0.5078125,0.419921875
46816,0.048828125,0.09765625,0.576171875,0.595703125
46817,0.107421875,-0.068359375,0.400390625,0.234375
46818,-0.0390625,-0.05859375,0.390625,0.341796875
46819,0.048828125,-0.13671875,0.615234375,0.263671875
46820,0.126953125,-0.009765625,0.4296875,0.21484375
46821,0.05859375,-0.107421875,0.458984375,0.37109375
46822,-0.01953125,-0.146484375,0.3125,0.322265625
46823,-0.15625,-0.05859375,0.478515625,0.48828125
46824,0.078125,0.048828125,0.439453125,0.3515625
46825,-0.1171875,-0.107421875,0.2734375,0.3125
46826,-0.1953125,-0.0390625,0.400390625,0.419921875
46827,0.048828125,0.0390625,0.390625,0.361328125
46828,0.029296875,-0.01953125,0.29296875,0.4296875
46829,-0.166015625,-0.029296875,0.419921875,0.37109375
46830,0,-0.17578125,0.458984375,0.41015625
46831,0.05859375,-0.009765625,0.5078125,0.458984375
46832,0.146484375,-0.078125,0.46875,0.3125
46833,-0.0390625,-0.13671875,0.41015625,0.400390625
46834,0.009765625,-0.048828125,0.48828125,0.33203125
46835,0.234375,-0.107421875,0.44921875,0.322265625
46836,-0.087890625,-0.1953125,0.37109375,0.380859375
46837,-0.029296875,-0.05859375,0.4296875,0.41015625
46838,-0.15625,-0.087890625,0.41015625,0.419921875
46839,0.048828125,0.029296875,0.390625,0.390625
46840,0.087890625,-0.087890625,0.419921875,0.361328125
46841,-0.15625,-0.107421875,0.380859375,0.5078125
46842,0.029296875,0.01953125,0.46875,0.361328125
46843,-0.009765625,-0.107421875,0.380859375,0.41015625
46844,-0.185546875,-0.17578125,0.400390625,0.1953125
46845,0.0390625,0,0.5078125,0.29296875
46846,-0.087890625,-0.068359375,0.439453125,0.33203125
46847,0.1171875,-0.166015625,0.439453125,0.01953125
46848,0.009765625,-0.068359375,0.458984375,0.37109375
46849,0.01953125,-0.01953125,0.4296875,0.419921875
46850,0.146484375,0.126953125,0.46875,0
46851,0.01953125,-0.048828125,0.400390625,0.380859375
46852,0.068359375,-0.0390625,0.283203125,0.400390625
46853,-0.029296875,0.01953125,0.439453125,0.654296875
46854,0,-0.078125,0.44921875,0.439453125
46855,-0.05859375,-0.029296875,0.3515625,0.44921875
46856,-0.078125,0.05859375,0.478515625,0.634765625
46857,0.0390625,-0.01953125,0.419921875,0.205078125
46858,-0.029296875,-0.05859375,0.29296875,0.390625
46859,-0.068359375,-0.15625,0.44921875,0.2734375
46860,0,-0.01953125,0.41015625,0.380859375
46861,0.009765625,-0.029296875,0.556640625,0.29296875
46862,-0.05859375,-0.1953125,0.380859375,0.05859375
46863,0.029296875,0.029296875,0.37109375,0.263671875
46864,0.09765625,-0.029296875,0.6640625,0.37109375
46865,0.029296875,-0.068359375,0.4296875,0.283203125
46866,0.048828125,-0.05859375,0.44921875,0.283203125
46867,0,-0.09765625,0.2734375,0.361328125
46868,0.01953125,-0.087890625,0.44921875,0.41015625
46869,-0.029296875,-0.048828125,0.41015625,0.33203125
46870,-0.009765625,-0.01953125,0.25390625,0.322265625
46871,0.0390625,0.01953125,0.478515625,0.517578125
46872,0.078125,-0.078125,0.390625,0.400390625
46873,0.029296875,0,0.1953125,0.390625
46874,0.0390625,-0.126953125,0.48828125,0.341796875
46875,0.09765625,-0.029296875,0.419921875,0.458984375
46876,-0.009765625,-0.01953125,0.44921875,0.400390625
46877,0.0390625,-0.068359375,0.44921875,0.341796875
46878,-0.078125,-0.048828125,0.419921875,0.3125
46879,-0.009765625,-0.05859375,0.52734375,0.361328125
46880,-0.009765625,-0.01953125,0.41015625,0.33203125
46881,-0.05859375,-0.1171875,0.458984375,0.283203125
46882,0.048828125,0.01953125,0.400390625,0.37109375
46883,-0.048828125,-0.1171875,0.4296875,0.390625
46884,-0.17578125,-0.01953125,0.44921875,0.5078125
46885,0,-0.13671875,0.390625,0.400390625
46886,-0.068359375,-0.146484375,0.4296875,0.390625
46887,0.087890625,-0.048828125,0.458984375,0.5078125
46888,-0.009765625,-0.107421875,0.41015625,0.400390625
46889,0,0,0.3515625,0.380859375
46890,0.1171875,-0.078125,0.44921875,0.478515625
46891,-0.029296875,-0.078125,0.400390625,0.41015625
46892,0.048828125,-0.048828125,0.458984375,0.37109375
46893,-0.009765625,-0.078125,0.419921875,0.361328125
46894,-0.0390625,-0.087890625,0.419921875,0.380859375
46895,0.048828125,-0.029296875,0.419921875,0.380859375
46896,0.01953125,-0.107421875,0.44921875,0.302734375
46897,0.029296875,-0.1171875,0.517578125,0.4296875
46898,-0.05859375,-0.1171875,0.44921875,0.3515625
46899,0.009765625,-0.029296875,0.41015625,0.41015625
46900,0.0390625,0,0.498046875,0.341796875
46901,-0.107421875,-0.068359375,0.3515625,0.37109375
46902,-0.01953125,-0.0390625,0.341796875,0.400390625
46903,0.05859375,-0.009765625,0.5078125,0.361328125
46904,-0.068359375,-0.126953125,0.322265625,0.400390625
46905,0.01953125,-0.048828125,0.44921875,0.41015625
46906,0.01953125,0.029296875,0.46875,0.380859375
46907,0.13671875,-0.078125,0.5859375,0.322265625
46908,0.01953125,-0.029296875,0.44921875,0.13671875
46909,0.0390625,-0.107421875,0.458984375,0.41015625
46910,0.126953125,-0.048828125,0.60546875,0.400390625
46911,0.0390625,-0.05859375,0.41015625,0.009765625
46912,-0.0390625,-0.1171875,0.380859375,0.380859375
46913,-0.1171875,-0.05859375,0.46875,0.400390625
46914,0.009765625,0.107421875,0.44921875,0.556640625
46915,0.0390625,0,0.380859375,0.390625
46916,-0.078125,-0.029296875,0.224609375,0.419921875
46917,0.0390625,0.048828125,0.478515625,0.537109375
46918,0,-0.048828125,0.361328125,0.29296875
46919,-0.126953125,-0.068359375,0.244140625,0.341796875
46920,-0.048828125,-0.224609375,0.46875,0.64453125
46921,0.009765625,-0.0390625,0.44921875,0.234375
46922,0.126953125,-0.01953125,0.56640625,0.458984375
46923,-0.009765625,-0.087890625,0.4296875,0.146484375
46924,0.01953125,-0.0390625,0.41015625,0.478515625
46925,0.146484375,0.205078125,0.56640625,0.29296875
46926,-0.01953125,-0.1953125,0.419921875,0.17578125
46927,0.01953125,-0.068359375,0.390625,0.546875
46928,-0.048828125,0.166015625,0.546875,0.4296875
46929,-0.048828125,0.078125,0.44921875,0.556640625
46930,0,-0.087890625,0.46875,0.556640625
46931,-0.087890625,0.1953125,0.302734375,0.380859375
46932,0.01953125,0.048828125,0.5078125,0.56640625
46933,0.029296875,-0.126953125,0.419921875,0.244140625
46934,-0.087890625,-0.2734375,0.4296875,0.419921875
46935,0.068359375,-0.146484375,0.517578125,0.546875
46936,-0.05859375,-0.13671875,0.458984375,0.2734375
46937,0.068359375,-0.263671875,0.478515625,0.37109375
46938,-0.029296875,-0.107421875,0.48828125,0.224609375
46939,-0.0390625,0.009765625,0.48828125,0.44921875
46940,0.078125,0.166015625,0.478515625,0.361328125
46941,0.0390625,-0.126953125,0.322265625,0.17578125
46942,-0.205078125,-0.107421875,0.44921875,0.44921875
46943,0.048828125,0.107421875,0.46875,0.419921875
46944,-0.009765625,-0.029296875,0.361328125,0.380859375
46945,-0.205078125,-0.01953125,0.4296875,0.44921875
46946,0.029296875,0.13671875,0.439453125,0.3515625
46947,0.029296875,-0.1171875,0.419921875,0.48828125
46948,0.087890625,-0.048828125,0.44921875,0.29296875
46949,0.029296875,-0.244140625,0.44921875,0.341796875
46950,0.048828125,-0.087890625,0.4296875,0.44921875
46951,0.166015625,-0.107421875,0.400390625,0.341796875
46952,0,-0.234375,0.361328125,0.380859375
46953,-0.029296875,-0.05859375,0.478515625,0.390625
46954,0.21484375,-0.068359375,0.4296875,0.41015625
46955,0.078125,0.01953125,0.390625,0.3515625
46956,-0.029296875,0.0390625,0.439453125,0.439453125
46957,-0.146484375,-0.09765625,0.361328125,0.400390625
46958,-0.078125,0.01953125,0.390625,0.380859375
46959,0.05859375,-0.126953125,0.439453125,0.361328125
46960,-0.107421875,-0.087890625,0.3515625,0.322265625
46961,0.009765625,0.05859375,0.419921875,0.380859375
46962,0.048828125,-0.068359375,0.3515625,0.33203125
46963,0.01953125,0.068359375,0.390625,0.302734375
46964,0.01953125,-0.126953125,0.44921875,0.380859375
46965,-0.009765625,-0.078125,0.4296875,0.3515625
46966,0.048828125,-0.107421875,0.390625,0.390625
46967,0.029296875,-0.09765625,0.439453125,0.380859375
46968,0.078125,-0.078125,0.3515625,0.380859375
46969,0.09765625,-0.0390625,0.52734375,0.3515625
46970,0.029296875,-0.05859375,0.419921875,0.4296875
46971,0.029296875,-0.1171875,0.537109375,0.322265625
46972,0.009765625,-0.126953125,0.33203125,0.25390625
46973,-0.068359375,-0.078125,0.458984375,0.37109375
46974,-0.05859375,-0.029296875,0.52734375,0.380859375
46975,0.009765625,-0.13671875,0.380859375,0.400390625
46976,0.01953125,-0.009765625,0.244140625,0.361328125
46977,0,-0.048828125,0.390625,0.439453125
46978,-0.01953125,-0.107421875,0.33203125,0.3515625
46979,-0.0390625,-0.0390625,0.41015625,0.3125
46980,0.029296875,-0.029296875,0.341796875,0.390625
46981,-0.048828125,-0.126953125,0.458984375,0.2734375
46982,0.05859375,-0.048828125,0.46875,0.302734375
46983,0.078125,-0.05859375,0.3125,0.380859375
46984,0.01953125,-0.05859375,0.56640625,0.37109375
46985,0.029296875,-0.078125,0.46875,0.322265625
46986,0.068359375,-0.107421875,0.46875,0.25390625
46987,0.01953125,-0.107421875,0.361328125,0.458984375
46988,-0.146484375,-0.048828125,0.44921875,0.498046875
46989,0.087890625,0.0390625,0.478515625,0.361328125
46990,0.05859375,-0.009765625,0.3515625,0.380859375
46991,-0.17578125,0,0.5078125,0.46875
46992,-0.0390625,-0.048828125,0.361328125,0.41015625
46993,0.05859375,-0.01953125,0.341796875,0.419921875
46994,-0.078125,-0.078125,0.390625,0.21484375
46995,-0.126953125,-0.078125,0.341796875,0.41015625
46996,0.009765625,-0.009765625,0.52734375,0.380859375
46997,0.166015625,-0.068359375,0.458984375,0.15625
46998,0.09765625,-0.13671875,0.322265625,0.380859375
46999,0.01953125,-0.087890625,0.52734375,0.361328125
47000,0.185546875,-0.048828125,0.400390625,0.17578125
47001,0.087890625,-0.13671875,0.517578125,0.380859375
47002,-0.01953125,-0.068359375,0.302734375,0.302734375
47003,-0.1953125,0,0.52734375,0.46875
47004,0.048828125,0.126953125,0.517578125,0.400390625
47005,-0.05859375,-0.05859375,0.400390625,0.41015625
47006,-0.126953125,-0.029296875,0.478515625,0.498046875
47007,0.048828125,0.185546875,0.458984375,0.380859375
47008,0,-0.048828125,0.3515625,0.4296875
47009,-0.068359375,-0.087890625,0.4296875,0.29296875
47010,-0.009765625,-0.205078125,0.322265625,0.361328125
47011,0.048828125,-0.078125,0.478515625,0.380859375
47012,0.146484375,-0.078125,0.4296875,0.205078125
47013,0.0390625,-0.29296875,0.3515625,0.400390625
47014,0.009765625,-0.0390625,0.419921875,0.400390625
47015,0.244140625,-0.05859375,0.400390625,0.361328125
47016,0.048828125,-0.2734375,0.380859375,0.419921875
47017,0.0390625,-0.048828125,0.419921875,0.37109375
47018,-0.078125,-0.078125,0.41015625,0.41015625
47019,0.009765625,0.17578125,0.41015625,0.380859375
47020,0.009765625,-0.068359375,0.419921875,0.380859375
47021,-0.126953125,-0.078125,0.439453125,0.361328125
47022,0.009765625,0.078125,0.537109375,0.322265625
47023,0.166015625,-0.1171875,0.458984375,0.37109375
47024,-0.0390625,-0.068359375,0.390625,0.400390625
47025,0.078125,-0.126953125,0.48828125,0.3515625
47026,0.107421875,-0.126953125,0.48828125,0.380859375
47027,0.05859375,-0.078125,0.458984375,0.37109375
47028,0.009765625,-0.146484375,0.44921875,0.400390625
47029,0.146484375,-0.01953125,0.52734375,0.361328125
47030,0.05859375,-0.107421875,0.439453125,0.390625
47031,-0.029296875,-0.166015625,0.37109375,0.33203125
47032,-0.1953125,-0.05859375,0.21484375,0.37109375
47033,0.029296875,-0.068359375,0.439453125,0.3515625
47034,0.009765625,-0.05859375,0.419921875,0.341796875
47035,-0.1171875,-0.048828125,0.3515625,0.341796875
47036,0.029296875,-0.05859375,0.380859375,0.283203125
47037,0.01953125,-0.05859375,0.44921875,0.3515625
47038,0.09765625,-0.048828125,0.29296875,0.41015625
47039,0.0390625,-0.17578125,0.4296875,0.37109375
47040,0.01953125,-0.048828125,0.478515625,0.302734375
47041,0.107421875,-0.029296875,0.634765625,0.41015625
47042,0.0390625,-0.126953125,0.33203125,0.341796875
47043,0.029296875,-0.126953125,0.478515625,0.498046875
47044,0.087890625,-0.1171875,0.595703125,0.33203125
47045,-0.068359375,0.078125,0.41015625,0.263671875
47046,0.078125,-0.048828125,0.400390625,0.478515625
47047,-0.05859375,-0.0390625,0.33203125,0.3515625
47048,0.009765625,0,0.380859375,0.498046875
47049,0.01953125,-0.068359375,0.3515625,0.322265625
47050,-0.05859375,-0.17578125,0.37109375,0.390625
47051,0.0390625,0.0390625,0.439453125,0.537109375
47052,-0.01953125,-0.05859375,0.41015625,0.2734375
47053,-0.009765625,-0.224609375,0.3515625,0.400390625
47054,0.029296875,-0.13671875,0.41015625,0.322265625
47055,0.0390625,-0.048828125,0.44921875,0.302734375
47056,0.0390625,-0.087890625,0.390625,0.380859375
47057,0,0,0.46875,0.302734375
47058,0.09765625,-0.05859375,0.419921875,0.400390625
47059,0.048828125,-0.048828125,0.546875,0.390625
47060,0.01953125,-0.087890625,0.498046875,0.283203125
47061,0.01953125,-0.05859375,0.41015625,0.400390625
47062,0.029296875,-0.0390625,0.517578125,0.41015625
47063,-0.009765625,-0.087890625,0.46875,0.390625
47064,0.0390625,-0.01953125,0.458984375,0.400390625
47065,0.029296875,-0.1171875,0.5078125,0.33203125
47066,-0.01953125,-0.05859375,0.3125,0.341796875
47067,-0.009765625,-0.05859375,0.458984375,0.41015625
47068,0,-0.09765625,0.439453125,0.37109375
47069,0.048828125,-0.009765625,0.390625,0.3515625
47070,-0.048828125,-0.087890625,0.458984375,0.400390625
47071,-0.009765625,-0.146484375,0.341796875,0.3515625
47072,0,-0.01953125,0.48828125,0.390625
47073,0.048828125,-0.05859375,0.41015625,0.33203125
47074,0.01953125,-0.029296875,0.439453125,0.3515625
47075,-0.01953125,-0.05859375,0.46875,0.361328125
47076,0.078125,-0.087890625,0.44921875,0.361328125
47077,-0.068359375,-0.048828125,0.4296875,0.439453125
47078,-0.009765625,-0.009765625,0.5078125,0.361328125
47079,0.087890625,0.0390625,0.419921875,0.390625
47080,0.009765625,-0.01953125,0.380859375,0.439453125
47081,0.029296875,-0.01953125,0.400390625,0.361328125
47082,-0.068359375,0.09765625,0.439453125,0.4296875
47083,-0.01953125,0.01953125,0.419921875,0.400390625
47084,0.0390625,-0.087890625,0.361328125,0.322265625
47085,-0.087890625,-0.146484375,0.44921875,0.41015625
47086,0.048828125,-0.029296875,0.46875,0.37109375
47087,0.09765625,-0.078125,0.33203125,0.361328125
47088,0.09765625,-0.09765625,0.458984375,0.244140625
47089,0.048828125,-0.087890625,0.419921875,0.380859375
47090,0,-0.05859375,0.439453125,0.341796875
47091,0.126953125,-0.17578125,0.3515625,0.400390625
47092,-0.05859375,-0.078125,0.439453125,0.41015625
47093,-0.13671875,-0.107421875,0.419921875,0.390625
47094,0.126953125,0.029296875,0.33203125,0.52734375
47095,0.0390625,-0.107421875,0.390625,0.33203125
47096,-0.244140625,-0.0390625,0.400390625,0.400390625
47097,-0.029296875,0.0390625,0.56640625,0.52734375
47098,-0.01953125,-0.078125,0.37109375,0.41015625
47099,-0.146484375,-0.048828125,0.25390625,0.3515625
47100,-0.01953125,-0.17578125,0.546875,0.537109375
47101,-0.009765625,-0.107421875,0.439453125,0.390625
47102,0.185546875,-0.087890625,0.576171875,0.380859375
47103,0.068359375,-0.17578125,0.576171875,0.21484375
47104,-0.009765625,0,0.478515625,0.46875
47105,0.1171875,-0.068359375,0.654296875,0.361328125
47106,-0.05859375,-0.185546875,0.263671875,0.234375
47107,-0.009765625,-0.01953125,0.400390625,0.458984375
47108,-0.126953125,-0.048828125,0.64453125,0.390625
47109,0.01953125,0.029296875,0.234375,0.458984375
47110,0,-0.166015625,0.419921875,0.419921875
47111,-0.15625,-0.05859375,0.263671875,0.390625
47112,-0.029296875,0.009765625,0.576171875,0.419921875
47113,0.13671875,-0.107421875,0.390625,0.25390625
47114,-0.17578125,-0.068359375,0.185546875,0.400390625
47115,0.048828125,-0.05859375,0.595703125,0.4296875
47116,0.1953125,-0.1171875,0.458984375,0.234375
47117,0.126953125,-0.0390625,0.52734375,0.400390625
47118,0.01953125,-0.126953125,0.546875,0.37109375
47119,0.224609375,-0.048828125,0.44921875,0.44921875
47120,0.107421875,-0.078125,0.546875,0.341796875
47121,-0.048828125,-0.13671875,0.419921875,0.390625
47122,-0.1953125,-0.078125,0.44921875,0.48828125
47123,-0.01953125,-0.048828125,0.546875,0.400390625
47124,-0.05859375,-0.09765625,0.244140625,0.341796875
47125,-0.13671875,-0.0390625,0.498046875,0.5078125
47126,-0.009765625,-0.048828125,0.390625,0.361328125
47127,0.05859375,-0.068359375,0.400390625,0.322265625
47128,0.234375,-0.078125,0.390625,0.302734375
47129,-0.048828125,-0.205078125,0.400390625,0.380859375
47130,-0.009765625,0,0.46875,0.390625
47131,0.21484375,-0.068359375,0.400390625,0.302734375
47132,-0.029296875,-0.13671875,0.400390625,0.37109375
47133,0.01953125,-0.078125,0.439453125,0.44921875
47134,0.25390625,-0.1171875,0.458984375,0.37109375
47135,-0.009765625,0.0390625,0.361328125,0.380859375
47136,-0.009765625,-0.029296875,0.390625,0.41015625
47137,-0.068359375,-0.1171875,0.380859375,0.3515625
47138,0.009765625,0.05859375,0.41015625,0.400390625
47139,0.01953125,-0.068359375,0.419921875,0.361328125
47140,-0.029296875,-0.048828125,0.400390625,0.380859375
47141,0.068359375,0.068359375,0.400390625,0.390625
47142,-0.068359375,-0.087890625,0.46875,0.341796875
47143,-0.029296875,-0.029296875,0.37109375,0.41015625
47144,-0.01953125,-0.13671875,0.44921875,0.361328125
47145,0.0390625,-0.0390625,0.458984375,0.439453125
47146,-0.009765625,-0.029296875,0.458984375,0.419921875
47147,0.009765625,-0.09765625,0.390625,0.380859375
47148,0.029296875,-0.068359375,0.458984375,0.3515625
47149,0.078125,0.009765625,0.390625,0.390625
47150,-0.05859375,-0.068359375,0.400390625,0.37109375
47151,-0.029296875,-0.078125,0.37109375,0.322265625
47152,-0.009765625,-0.01953125,0.41015625,0.419921875
47153,-0.01953125,-0.05859375,0.4296875,0.498046875
47154,-0.01953125,-0.048828125,0.302734375,0.380859375
47155,0.029296875,-0.029296875,0.439453125,0.3125
47156,-0.029296875,-0.068359375,0.380859375,0.44921875
47157,0.078125,-0.048828125,0.380859375,0.3515625
47158,-0.01953125,-0.05859375,0.478515625,0.3515625
47159,-0.0390625,-0.0390625,0.4296875,0.3125
47160,0.0390625,-0.078125,0.4296875,0.283203125
47161,0,-0.1171875,0.52734375,0.390625
47162,0.05859375,-0.0390625,0.419921875,0.25390625
47163,-0.048828125,-0.1171875,0.56640625,0.361328125
47164,-0.048828125,-0.126953125,0.537109375,0.2734375
47165,0.048828125,-0.05859375,0.56640625,0.302734375
47166,-0.068359375,-0.029296875,0.52734375,0.37109375
47167,-0.029296875,-0.05859375,0.2734375,0.25390625
47168,0.009765625,-0.05859375,0.44921875,0.4296875
47169,-0.0390625,-0.029296875,0.4296875,0.390625
47170,-0.01953125,0,0.33203125,0.283203125
47171,-0.048828125,-0.009765625,0.458984375,0.439453125
47172,0.048828125,0.078125,0.4296875,0.37109375
47173,0.01953125,-0.009765625,0.33203125,0.498046875
47174,-0.01953125,-0.048828125,0.41015625,0.263671875
47175,0,-0.234375,0.302734375,0.37109375
47176,0.048828125,-0.05859375,0.5859375,0.556640625
47177,0.068359375,-0.1171875,0.44921875,0.37109375
47178,0.087890625,-0.224609375,0.419921875,0.361328125
47179,0.048828125,-0.09765625,0.48828125,0.322265625
47180,0.0390625,-0.029296875,0.44921875,0.234375
47181,0,-0.166015625,0.498046875,0.322265625
47182,-0.029296875,-0.05859375,0.244140625,0.283203125
47183,-0.1953125,0,0.498046875,0.4296875
47184,0,0.048828125,0.517578125,0.41015625
47185,-0.048828125,-0.009765625,0.244140625,0.33203125
47186,-0.126953125,0.009765625,0.380859375,0.439453125
47187,0.01953125,0.05859375,0.3515625,0.361328125
47188,0.009765625,-0.029296875,0.3125,0.41015625
47189,-0.146484375,-0.087890625,0.419921875,0.3515625
47190,0.05859375,-0.17578125,0.419921875,0.41015625
47191,0.009765625,-0.068359375,0.5078125,0.390625
47192,0.205078125,-0.068359375,0.4296875,0.3515625
47193,-0.0390625,-0.21484375,0.4296875,0.380859375
47194,0.048828125,-0.078125,0.5078125,0.380859375
47195,0.1953125,-0.05859375,0.41015625,0.3515625
47196,0,-0.1953125,0.5078125,0.3515625
47197,0.068359375,-0.078125,0.419921875,0.390625
47198,-0.17578125,-0.009765625,0.37109375,0.37109375
47199,-0.01953125,0.1171875,0.390625,0.380859375
47200,0,-0.087890625,0.419921875,0.41015625
47201,-0.1953125,-0.048828125,0.5078125,0.37109375
47202,0.068359375,0.0390625,0.478515625,0.41015625
47203,0.068359375,-0.05859375,0.41015625,0.322265625
47204,-0.21484375,-0.1171875,0.4296875,0.302734375
47205,0.029296875,-0.126953125,0.4296875,0.419921875
47206,0,-0.078125,0.44921875,0.33203125
47207,0.13671875,-0.205078125,0.419921875,0.21484375
47208,-0.029296875,-0.087890625,0.400390625,0.3515625
47209,0.01953125,0.009765625,0.4296875,0.400390625
47210,0.09765625,0.087890625,0.478515625,0.126953125
47211,0.029296875,-0.048828125,0.4296875,0.361328125
47212,-0.01953125,-0.0390625,0.37109375,0.380859375
47213,-0.078125,0.146484375,0.37109375,0.48828125
47214,0.009765625,-0.107421875,0.361328125,0.33203125
47215,0.029296875,-0.05859375,0.3515625,0.390625
47216,-0.05859375,0.048828125,0.419921875,0.556640625
47217,0.0390625,-0.087890625,0.400390625,0.37109375
47218,0.146484375,-0.009765625,0.3125,0.41015625
47219,0.048828125,-0.185546875,0.41015625,0.3125
47220,0.0390625,-0.029296875,0.4296875,0.341796875
47221,0.107421875,-0.05859375,0.478515625,0.41015625
47222,0.048828125,-0.166015625,0.322265625,0.205078125
47223,0.048828125,0,0.380859375,0.283203125
47224,0.15625,-0.087890625,0.546875,0.3515625
47225,-0.048828125,0.009765625,0.263671875,0.17578125
47226,0.01953125,-0.009765625,0.44921875,0.48828125
47227,-0.107421875,-0.05859375,0.361328125,0.390625
47228,0.029296875,0.068359375,0.302734375,0.458984375
47229,0.029296875,-0.087890625,0.4296875,0.3515625
47230,-0.13671875,-0.009765625,0.3125,0.341796875
47231,0.048828125,0.048828125,0.56640625,0.419921875
47232,-0.009765625,-0.029296875,0.380859375,0.361328125
47233,0.146484375,-0.029296875,0.390625,0.3125
47234,-0.048828125,-0.068359375,0.478515625,0.390625
47235,0.068359375,-0.078125,0.4296875,0.302734375
47236,0.048828125,-0.0390625,0.44921875,0.400390625
47237,0,-0.078125,0.33203125,0.341796875
47238,-0.078125,-0.029296875,0.4296875,0.341796875
47239,0.21484375,-0.21484375,0.556640625,0.322265625
47240,-0.009765625,0.009765625,0.322265625,0.361328125
47241,-0.09765625,-0.068359375,0.4296875,0.37109375
47242,-0.029296875,-0.25390625,0.458984375,0.44921875
47243,-0.09765625,-0.087890625,0.439453125,0.322265625
47244,-0.05859375,-0.009765625,0.498046875,0.37109375
47245,-0.05859375,0.0390625,0.419921875,0.3515625
47246,-0.009765625,-0.09765625,0.41015625,0.41015625
47247,0.01953125,-0.048828125,0.458984375,0.41015625
47248,0,-0.068359375,0.439453125,0.361328125
47249,-0.029296875,-0.048828125,0.380859375,0.33203125
47250,0.01953125,-0.078125,0.46875,0.37109375
47251,-0.01953125,-0.078125,0.41015625,0.41015625
47252,0.05859375,-0.048828125,0.498046875,0.3515625
47253,0,-0.048828125,0.44921875,0.390625
47254,-0.01953125,-0.107421875,0.390625,0.390625
47255,0.029296875,-0.078125,0.400390625,0.361328125
47256,0.0390625,-0.1171875,0.419921875,0.3125
47257,0.01953125,-0.1171875,0.419921875,0.2734375
47258,0.029296875,-0.0390625,0.498046875,0.4296875
47259,0.0390625,-0.048828125,0.4296875,0.439453125
47260,0.0390625,0.068359375,0.439453125,0.361328125
47261,-0.068359375,-0.0390625,0.33203125,0.390625
47262,-0.01953125,-0.0390625,0.458984375,0.439453125
47263,0.029296875,0.068359375,0.5078125,0.2734375
47264,-0.15625,-0.1171875,0.263671875,0.33203125
47265,0.048828125,-0.0390625,0.419921875,0.41015625
47266,0.107421875,0.048828125,0.439453125,0.322265625
47267,0.05859375,-0.048828125,0.625,0.37109375
47268,0.01953125,-0.1171875,0.380859375,0.2734375
47269,0.0390625,-0.15625,0.361328125,0.419921875
47270,0.0390625,-0.068359375,0.615234375,0.33203125
47271,-0.01953125,-0.068359375,0.4296875,0.2734375
47272,-0.0390625,-0.126953125,0.400390625,0.46875
47273,-0.048828125,-0.01953125,0.537109375,0.361328125
47274,0.029296875,0.1171875,0.3515625,0.46875
47275,0,0,0.439453125,0.44921875
47276,-0.087890625,-0.05859375,0.15625,0.380859375
47277,0,0.078125,0.400390625,0.46875
47278,-0.009765625,-0.0390625,0.41015625,0.234375
47279,-0.107421875,0,0.29296875,0.341796875
47280,-0.09765625,-0.166015625,0.390625,0.60546875
47281,-0.029296875,-0.0390625,0.419921875,0.21484375
47282,0.13671875,-0.048828125,0.615234375,0.322265625
47283,0.009765625,-0.1953125,0.498046875,0.224609375
47284,0.107421875,-0.048828125,0.458984375,0.52734375
47285,0.1171875,-0.009765625,0.546875,0.37109375
47286,-0.009765625,-0.185546875,0.41015625,0.09765625
47287,-0.009765625,-0.048828125,0.44921875,0.56640625
47288,-0.09765625,0.029296875,0.517578125,0.380859375
47289,0,0.068359375,0.283203125,0.498046875
47290,0.01953125,-0.068359375,0.458984375,0.498046875
47291,-0.078125,0.1171875,0.302734375,0.361328125
47292,0.068359375,0.068359375,0.673828125,0.44921875
47293,0.01953125,-0.126953125,0.498046875,0.224609375
47294,-0.068359375,-0.048828125,0.33203125,0.380859375
47295,0.048828125,-0.13671875,0.52734375,0.556640625
47296,-0.009765625,-0.1171875,0.390625,0.2734375
47297,0.0390625,-0.21484375,0.46875,0.390625
47298,0.01953125,-0.21484375,0.595703125,0.3125
47299,-0.01953125,-0.05859375,0.4296875,0.478515625
47300,0.048828125,0.166015625,0.478515625,0.3125
47301,-0.009765625,-0.13671875,0.263671875,0.234375
47302,-0.09765625,-0.0390625,0.458984375,0.458984375
47303,0.009765625,0.146484375,0.478515625,0.419921875
47304,0.0390625,-0.009765625,0.244140625,0.46875
47305,-0.146484375,-0.087890625,0.478515625,0.498046875
47306,0.068359375,0.166015625,0.400390625,0.4296875
47307,-0.05859375,-0.048828125,0.46875,0.390625
47308,0.13671875,-0.048828125,0.400390625,0.37109375
47309,-0.009765625,-0.17578125,0.439453125,0.3515625
47310,-0.009765625,-0.009765625,0.48828125,0.41015625
47311,0.107421875,-0.078125,0.498046875,0.33203125
47312,-0.009765625,-0.244140625,0.439453125,0.41015625
47313,0.029296875,-0.029296875,0.517578125,0.4296875
47314,0.166015625,-0.068359375,0.4296875,0.390625
47315,-0.01953125,-0.009765625,0.439453125,0.37109375
47316,0.068359375,-0.048828125,0.41015625,0.3515625
47317,-0.0390625,-0.0390625,0.458984375,0.4296875
47318,-0.048828125,-0.068359375,0.41015625,0.390625
47319,0,-0.01953125,0.44921875,0.33203125
47320,-0.107421875,0,0.4296875,0.33203125
47321,-0.029296875,0.029296875,0.400390625,0.37109375
47322,0,-0.068359375,0.44921875,0.37109375
47323,-0.0390625,-0.09765625,0.380859375,0.29296875
47324,0.13671875,-0.068359375,0.439453125,0.361328125
47325,-0.1171875,-0.05859375,0.419921875,0.33203125
47326,-0.01953125,-0.146484375,0.44921875,0.224609375
47327,0.009765625,-0.009765625,0.46875,0.400390625
47328,-0.126953125,-0.048828125,0.380859375,0.390625
47329,0.078125,0.029296875,0.4296875,0.37109375
47330,0.009765625,-0.107421875,0.46875,0.41015625
47331,-0.078125,-0.0390625,0.546875,0.361328125
47332,-0.009765625,0.0390625,0.595703125,0.33203125
47333,0,-0.05859375,0.44921875,0.390625
47334,0.068359375,-0.029296875,0.546875,0.380859375
47335,-0.01953125,-0.15625,0.556640625,0.37109375
47336,0.087890625,-0.05859375,0.41015625,0.400390625
47337,0.078125,-0.0390625,0.3515625,0.458984375
47338,-0.029296875,-0.13671875,0.517578125,0.380859375
47339,-0.05859375,-0.048828125,0.41015625,0.29296875
47340,0.01953125,-0.05859375,0.29296875,0.41015625
47341,0.048828125,-0.15625,0.44921875,0.419921875
47342,0.029296875,-0.0390625,0.458984375,0.224609375
47343,0.029296875,-0.0390625,0.224609375,0.3515625
47344,-0.0390625,0.068359375,0.390625,0.380859375
47345,0,-0.087890625,0.44921875,0.263671875
47346,0.029296875,-0.087890625,0.46875,0.390625
47347,-0.009765625,-0.048828125,0.380859375,0.41015625
47348,-0.0390625,-0.048828125,0.546875,0.46875
47349,0,-0.009765625,0.556640625,0.380859375
47350,-0.068359375,-0.01953125,0.380859375,0.400390625
47351,-0.078125,-0.078125,0.4296875,0.458984375
47352,-0.01953125,-0.029296875,0.2734375,0.390625
47353,0.01953125,-0.078125,0.37109375,0.439453125
47354,-0.1171875,-0.0390625,0.4296875,0.185546875
47355,0.009765625,-0.25390625,0.33203125,0.44921875
47356,0.009765625,-0.029296875,0.576171875,0.44921875
47357,0.166015625,-0.09765625,0.46875,0.1953125
47358,0.01953125,-0.185546875,0.234375,0.302734375
47359,0.029296875,-0.05859375,0.478515625,0.380859375
47360,0.13671875,-0.009765625,0.390625,0.244140625
47361,0.029296875,-0.2734375,0.595703125,0.361328125
47362,0.068359375,-0.029296875,0.419921875,0.302734375
47363,-0.15625,-0.029296875,0.4296875,0.48828125
47364,0.0390625,0,0.52734375,0.341796875
47365,-0.0390625,-0.029296875,0.361328125,0.283203125
47366,-0.146484375,-0.029296875,0.41015625,0.517578125
47367,0.029296875,0.126953125,0.37109375,0.3515625
47368,0.068359375,-0.05859375,0.419921875,0.380859375
47369,-0.146484375,-0.107421875,0.380859375,0.244140625
47370,0.048828125,-0.263671875,0.361328125,0.33203125
47371,0,-0.048828125,0.4296875,0.380859375
47372,0.146484375,-0.1171875,0.48828125,0.3125
47373,0.01953125,-0.29296875,0.390625,0.341796875
47374,0,-0.029296875,0.46875,0.439453125
47375,0.185546875,-0.107421875,0.439453125,0.263671875
47376,-0.01953125,-0.234375,0.419921875,0.419921875
47377,-0.068359375,0.009765625,0.44921875,0.41015625
47378,-0.05859375,-0.048828125,0.41015625,0.44921875
47379,0.009765625,0.13671875,0.41015625,0.361328125
47380,-0.029296875,-0.126953125,0.478515625,0.380859375
47381,-0.087890625,-0.048828125,0.380859375,0.41015625
47382,0.009765625,0.09765625,0.458984375,0.390625
47383,0.263671875,-0.05859375,0.48828125,0.33203125
47384,-0.05859375,-0.05859375,0.361328125,0.390625
47385,0.0390625,-0.126953125,0.44921875,0.400390625
47386,0.205078125,-0.087890625,0.576171875,0.322265625
47387,0.126953125,-0.048828125,0.4296875,0.341796875
47388,0.009765625,-0.13671875,0.44921875,0.3515625
47389,0.17578125,-0.0390625,0.56640625,0.361328125
47390,0,0.01953125,0.458984375,0.390625
47391,0,-0.15625,0.390625,0.390625
47392,-0.13671875,-0.048828125,0.234375,0.400390625
47393,0.048828125,0.01953125,0.46875,0.400390625
47394,-0.029296875,-0.01953125,0.400390625,0.283203125
47395,-0.146484375,-0.078125,0.3125,0.3125
47396,0.009765625,0.048828125,0.458984375,0.37109375
47397,0,-0.01953125,0.44921875,0.3125
47398,0.15625,-0.068359375,0.302734375,0.380859375
47399,0.029296875,-0.17578125,0.4296875,0.439453125
47400,0.0390625,-0.009765625,0.400390625,0.2734375
47401,0.244140625,0,0.5859375,0.400390625
47402,-0.0390625,-0.1953125,0.322265625,0.322265625
47403,0.0390625,-0.078125,0.419921875,0.517578125
47404,0.107421875,-0.05859375,0.615234375,0.361328125
47405,-0.05859375,0.087890625,0.361328125,0.37109375
47406,0.048828125,-0.029296875,0.48828125,0.52734375
47407,-0.107421875,-0.0390625,0.29296875,0.3125
47408,0,0.078125,0.419921875,0.478515625
47409,0.05859375,-0.029296875,0.44921875,0.29296875
47410,-0.087890625,-0.1953125,0.380859375,0.3515625
47411,0.01953125,0.068359375,0.419921875,0.4296875
47412,0.05859375,-0.05859375,0.361328125,0.234375
47413,-0.009765625,-0.13671875,0.341796875,0.41015625
47414,0.01953125,-0.048828125,0.44921875,0.361328125
47415,0.048828125,-0.1171875,0.390625,0.2734375
47416,0.068359375,-0.1953125,0.419921875,0.41015625
47417,0,-0.166015625,0.361328125,0.3515625
47418,0.185546875,-0.05859375,0.37109375,0.439453125
47419,0.0390625,0,0.4296875,0.3515625
47420,0.0390625,-0.01953125,0.37109375,0.29296875
47421,0.087890625,-0.087890625,0.4296875,0.419921875
47422,0.01953125,-0.0390625,0.478515625,0.439453125
47423,-0.01953125,-0.048828125,0.37109375,0.361328125
47424,0.029296875,-0.01953125,0.439453125,0.4296875
47425,0.01953125,-0.0390625,0.439453125,0.380859375
47426,-0.01953125,-0.029296875,0.41015625,0.37109375
47427,-0.126953125,-0.048828125,0.419921875,0.3125
47428,-0.009765625,0.01953125,0.4296875,0.361328125
47429,0.048828125,-0.05859375,0.439453125,0.400390625
47430,-0.078125,-0.15625,0.4296875,0.3515625
47431,0.01953125,-0.05859375,0.4296875,0.380859375
47432,0,-0.05859375,0.478515625,0.41015625
47433,0.126953125,-0.048828125,0.46875,0.44921875
47434,0.009765625,-0.078125,0.439453125,0.37109375
47435,0.068359375,-0.05859375,0.498046875,0.37109375
47436,0.13671875,0,0.380859375,0.361328125
47437,-0.0390625,-0.048828125,0.439453125,0.380859375
47438,0.01953125,-0.146484375,0.419921875,0.41015625
47439,0.1953125,-0.087890625,0.361328125,0.60546875
47440,0.029296875,-0.029296875,0.380859375,0.37109375
47441,0.068359375,-0.048828125,0.419921875,0.390625
47442,-0.087890625,-0.029296875,0.419921875,0.556640625
47443,0.078125,-0.01953125,0.341796875,0.380859375
47444,0.1171875,-0.09765625,0.3515625,0.361328125
47445,-0.09765625,-0.05859375,0.46875,0.654296875
47446,0.05859375,0,0.458984375,0.37109375
47447,0.146484375,-0.05859375,0.390625,0.361328125
47448,0.107421875,-0.029296875,0.419921875,0.166015625
47449,0.01953125,-0.068359375,0.4296875,0.41015625
47450,0.029296875,-0.0390625,0.44921875,0.41015625
47451,0.1171875,-0.078125,0.283203125,0.25390625
47452,-0.048828125,-0.05859375,0.400390625,0.419921875
47453,0,-0.009765625,0.4296875,0.5078125
47454,0.078125,-0.0390625,0.3515625,0.56640625
47455,0.029296875,-0.09765625,0.37109375,0.390625
47456,-0.13671875,-0.078125,0.283203125,0.400390625
47457,0.068359375,-0.009765625,0.56640625,0.576171875
47458,0.009765625,-0.05859375,0.4296875,0.380859375
47459,0,-0.1171875,0.263671875,0.3515625
47460,-0.029296875,-0.126953125,0.56640625,0.498046875
47461,0.0390625,-0.078125,0.44921875,0.361328125
47462,0.107421875,-0.078125,0.546875,0.3515625
47463,-0.009765625,-0.146484375,0.537109375,0.234375
47464,0.0390625,-0.048828125,0.498046875,0.419921875
47465,0.126953125,-0.068359375,0.478515625,0.341796875
47466,0.01953125,-0.107421875,0.29296875,0.25390625
47467,-0.01953125,-0.01953125,0.5078125,0.48828125
47468,-0.1171875,-0.029296875,0.634765625,0.41015625
47469,-0.009765625,0.01953125,0.224609375,0.498046875
47470,-0.01953125,-0.048828125,0.4296875,0.498046875
47471,-0.126953125,-0.078125,0.2734375,0.380859375
47472,0.05859375,-0.009765625,0.60546875,0.48828125
47473,0.185546875,-0.078125,0.4296875,0.21484375
47474,-0.126953125,-0.0390625,0.25390625,0.341796875
47475,0.068359375,-0.126953125,0.56640625,0.517578125
47476,0.126953125,-0.078125,0.380859375,0.29296875
47477,0.09765625,-0.029296875,0.517578125,0.380859375
47478,-0.009765625,-0.126953125,0.60546875,0.33203125
47479,0.087890625,-0.029296875,0.419921875,0.60546875
47480,0.15625,0.09765625,0.52734375,0.4296875
47481,-0.009765625,-0.05859375,0.400390625,0.3515625
47482,-0.15625,-0.009765625,0.478515625,0.52734375
47483,-0.01953125,0.029296875,0.517578125,0.37109375
47484,0.01953125,0.009765625,0.3515625,0.37109375
47485,-0.224609375,-0.068359375,0.4296875,0.48828125
47486,-0.09765625,-0.078125,0.4296875,0.341796875
47487,-0.009765625,-0.05859375,0.5078125,0.37109375
47488,0.126953125,-0.01953125,0.400390625,0.322265625
47489,-0.01953125,-0.166015625,0.361328125,0.37109375
47490,-0.01953125,-0.009765625,0.517578125,0.419921875
47491,0.15625,-0.01953125,0.439453125,0.3125
47492,0.029296875,-0.107421875,0.380859375,0.37109375
47493,0.029296875,-0.068359375,0.439453125,0.41015625
47494,0.185546875,-0.09765625,0.44921875,0.390625
47495,-0.05859375,-0.009765625,0.4296875,0.361328125
47496,0.078125,0.029296875,0.4296875,0.419921875
47497,-0.068359375,-0.05859375,0.4296875,0.380859375
47498,0.048828125,-0.009765625,0.400390625,0.341796875
47499,0,-0.087890625,0.4296875,0.37109375
47500,-0.0390625,-0.0390625,0.400390625,0.380859375
47501,0.029296875,0.029296875,0.380859375,0.41015625
47502,0.0390625,-0.078125,0.302734375,0.37109375
47503,0.01953125,-0.048828125,0.44921875,0.380859375
47504,-0.0390625,-0.13671875,0.3515625,0.361328125
47505,0.0390625,-0.029296875,0.361328125,0.37109375
47506,0.009765625,-0.05859375,0.41015625,0.439453125
47507,-0.009765625,-0.107421875,0.458984375,0.37109375
47508,-0.09765625,-0.068359375,0.3515625,0.3515625
47509,0,0.029296875,0.48828125,0.3125
47510,0.05859375,-0.087890625,0.4296875,0.361328125
47511,-0.166015625,0,0.400390625,0.322265625
47512,0.048828125,-0.1171875,0.400390625,0.400390625
47513,0.0390625,-0.029296875,0.44921875,0.322265625
47514,-0.09765625,-0.05859375,0.4296875,0.380859375
47515,-0.009765625,-0.13671875,0.478515625,0.283203125
47516,0,-0.078125,0.37109375,0.361328125
47517,0.13671875,-0.048828125,0.390625,0.380859375
47518,0.048828125,-0.15625,0.478515625,0.390625
47519,-0.009765625,0.01953125,0.46875,0.419921875
47520,0.107421875,-0.0390625,0.41015625,0.439453125
47521,0.01953125,-0.13671875,0.56640625,0.46875
47522,-0.029296875,-0.029296875,0.439453125,0.5078125
47523,0.05859375,-0.029296875,0.439453125,0.380859375
47524,-0.048828125,0.078125,0.419921875,0.25390625
47525,0.0390625,-0.0390625,0.439453125,0.390625
47526,0.009765625,-0.05859375,0.498046875,0.390625
47527,0.009765625,0.01953125,0.380859375,0.244140625
47528,-0.029296875,-0.087890625,0.458984375,0.46875
47529,-0.048828125,-0.087890625,0.46875,0.458984375
47530,-0.0390625,-0.068359375,0.400390625,0.29296875
47531,-0.01953125,-0.068359375,0.390625,0.37109375
47532,0.01953125,-0.048828125,0.400390625,0.4296875
47533,0.048828125,0,0.439453125,0.556640625
47534,0.01953125,-0.087890625,0.380859375,0.322265625
47535,-0.0390625,-0.37109375,0.3515625,0.439453125
47536,-0.029296875,-0.0390625,0.537109375,0.48828125
47537,-0.01953125,-0.087890625,0.439453125,0.361328125
47538,0.078125,-0.302734375,0.361328125,0.41015625
47539,-0.0390625,-0.048828125,0.478515625,0.302734375
47540,0.029296875,-0.029296875,0.400390625,0.341796875
47541,0.087890625,-0.21484375,0.498046875,0.37109375
47542,-0.029296875,-0.078125,0.302734375,0.3125
47543,-0.185546875,-0.078125,0.390625,0.5078125
47544,0.048828125,0.17578125,0.419921875,0.380859375
47545,-0.05859375,-0.048828125,0.29296875,0.244140625
47546,-0.107421875,-0.01953125,0.380859375,0.41015625
47547,0.01953125,0.01953125,0.419921875,0.361328125
47548,-0.009765625,-0.009765625,0.283203125,0.390625
47549,-0.185546875,-0.09765625,0.380859375,0.3515625
47550,-0.029296875,-0.1953125,0.4296875,0.419921875
47551,0.029296875,-0.048828125,0.48828125,0.4296875
47552,0.15625,-0.078125,0.400390625,0.341796875
47553,-0.029296875,-0.244140625,0.44921875,0.380859375
47554,0.009765625,-0.048828125,0.537109375,0.341796875
47555,0.126953125,-0.05859375,0.4296875,0.302734375
47556,-0.068359375,-0.224609375,0.4296875,0.400390625
47557,0.048828125,-0.01953125,0.380859375,0.361328125
47558,-0.15625,0.01953125,0.380859375,0.4296875
47559,0,0.029296875,0.41015625,0.41015625
47560,0.01953125,-0.05859375,0.419921875,0.380859375
47561,-0.126953125,-0.01953125,0.400390625,0.33203125
47562,0.048828125,0.048828125,0.478515625,0.380859375
47563,0.0390625,-0.1171875,0.341796875,0.37109375
47564,-0.126953125,-0.205078125,0.361328125,0.537109375
47565,0.05859375,-0.09765625,0.458984375,0.380859375
47566,0.048828125,-0.078125,0.390625,0.37109375
47567,0.09765625,-0.1953125,0.439453125,0.478515625
47568,-0.0390625,-0.05859375,0.498046875,0.37109375
47569,0.13671875,-0.029296875,0.390625,0.3125
47570,0.09765625,0.029296875,0.361328125,0.380859375
47571,-0.029296875,-0.09765625,0.400390625,0.322265625
47572,-0.17578125,-0.009765625,0.517578125,0.400390625
47573,0.029296875,0.15625,0.44921875,0.46875
47574,0.0390625,-0.068359375,0.37109375,0.3515625
47575,-0.1171875,-0.05859375,0.361328125,0.400390625
47576,0.05859375,0.146484375,0.380859375,0.46875
47577,0.0390625,0,0.419921875,0.439453125
47578,0.21484375,-0.107421875,0.46875,0.390625
47579,-0.048828125,-0.205078125,0.576171875,0.25390625
47580,0.029296875,-0.01953125,0.3515625,0.33203125
47581,0.21484375,-0.0390625,0.44921875,0.400390625
47582,-0.009765625,-0.17578125,0.244140625,0.234375
47583,-0.01953125,-0.0390625,0.361328125,0.439453125
47584,0.1953125,-0.078125,0.478515625,0.380859375
47585,0.029296875,0.009765625,0.224609375,0.29296875
47586,0.009765625,-0.078125,0.439453125,0.478515625
47587,-0.146484375,-0.0390625,0.341796875,0.361328125
47588,-0.009765625,0.0390625,0.302734375,0.380859375
47589,0.078125,-0.087890625,0.380859375,0.3125
47590,-0.15625,-0.05859375,0.419921875,0.361328125
47591,0.078125,-0.009765625,0.56640625,0.439453125
47592,-0.09765625,-0.107421875,0.46875,0.283203125
47593,0.09765625,-0.029296875,0.390625,0.4296875
47594,-0.029296875,-0.087890625,0.576171875,0.400390625
47595,-0.068359375,-0.068359375,0.458984375,0.234375
47596,0.09765625,-0.0390625,0.390625,0.44921875
47597,0.01953125,-0.087890625,0.302734375,0.419921875
47598,0.029296875,-0.13671875,0.41015625,0.458984375
47599,0.126953125,-0.126953125,0.478515625,0.37109375
47600,0.009765625,-0.048828125,0.419921875,0.37109375
47601,-0.068359375,-0.0390625,0.380859375,0.478515625
47602,-0.05859375,-0.25390625,0.576171875,0.3515625
47603,-0.009765625,-0.05859375,0.3125,0.41015625
47604,-0.009765625,-0.068359375,0.478515625,0.341796875
47605,0.048828125,0.078125,0.458984375,0.37109375
47606,0.009765625,-0.0390625,0.537109375,0.322265625
47607,-0.01953125,-0.0390625,0.5078125,0.37109375
47608,-0.0390625,0.0390625,0.458984375,0.37109375
47609,0,-0.09765625,0.46875,0.390625
47610,-0.048828125,-0.087890625,0.498046875,0.341796875
47611,-0.029296875,0.029296875,0.341796875,0.400390625
47612,0.048828125,-0.078125,0.44921875,0.400390625
47613,-0.01953125,-0.068359375,0.439453125,0.3125
47614,-0.01953125,-0.15625,0.37109375,0.380859375
47615,0.068359375,-0.05859375,0.4296875,0.390625
47616,0.05859375,-0.09765625,0.44921875,0.400390625
47617,-0.048828125,-0.1171875,0.478515625,0.322265625
47618,0.0390625,-0.05859375,0.400390625,0.41015625
47619,0.078125,0.01953125,0.419921875,0.380859375
47620,0.05859375,0.078125,0.419921875,0.41015625
47621,0.078125,-0.048828125,0.390625,0.419921875
47622,-0.029296875,-0.068359375,0.478515625,0.380859375
47623,0.029296875,0.078125,0.419921875,0.37109375
47624,0,0.029296875,0.390625,0.33203125
47625,-0.087890625,-0.25390625,0.44921875,0.361328125
47626,0.029296875,0.068359375,0.458984375,0.419921875
47627,0.087890625,-0.048828125,0.654296875,0.3515625
47628,0.0390625,-0.166015625,0.380859375,0.3515625
47629,0,-0.166015625,0.44921875,0.48828125
47630,-0.01953125,-0.01953125,0.68359375,0.283203125
47631,0.009765625,-0.107421875,0.439453125,0.380859375
47632,0.009765625,-0.146484375,0.41015625,0.5078125
47633,-0.009765625,-0.009765625,0.712890625,0.400390625
47634,0.009765625,0,0.37109375,0.400390625
47635,0.01953125,0.009765625,0.400390625,0.46875
47636,0.107421875,-0.0390625,0.263671875,0.390625
47637,0.009765625,-0.029296875,0.46875,0.390625
47638,0.048828125,-0.0390625,0.390625,0.37109375
47639,0.0390625,-0.0390625,0.25390625,0.37109375
47640,-0.009765625,-0.146484375,0.498046875,0.498046875
47641,0.01953125,0.01953125,0.5078125,0.33203125
47642,-0.068359375,-0.146484375,0.615234375,0.3515625
47643,0,-0.205078125,0.439453125,0.2734375
47644,0.09765625,0.029296875,0.37109375,0.458984375
47645,0.009765625,-0.087890625,0.595703125,0.341796875
47646,-0.009765625,-0.1171875,0.21484375,0.146484375
47647,0,-0.05859375,0.4296875,0.517578125
47648,-0.009765625,-0.107421875,0.634765625,0.380859375
47649,-0.01953125,0.048828125,0.283203125,0.595703125
47650,-0.05859375,-0.0390625,0.439453125,0.478515625
47651,0.01953125,0.01953125,0.322265625,0.37109375
47652,0.01953125,-0.009765625,0.60546875,0.517578125
47653,0.0390625,-0.087890625,0.44921875,0.283203125
47654,-0.029296875,-0.068359375,0.33203125,0.41015625
47655,-0.048828125,-0.13671875,0.60546875,0.44921875
47656,0.009765625,-0.087890625,0.361328125,0.25390625
47657,0.01953125,-0.146484375,0.419921875,0.380859375
47658,0.01953125,-0.1171875,0.556640625,0.3515625
47659,-0.0390625,-0.068359375,0.390625,0.37109375
47660,-0.048828125,0.1953125,0.44921875,0.400390625
47661,0.009765625,-0.1171875,0.302734375,0.2734375
47662,-0.068359375,-0.01953125,0.419921875,0.52734375
47663,0.009765625,0.048828125,0.458984375,0.390625
47664,0.078125,0.009765625,0.25390625,0.439453125
47665,-0.0390625,-0.087890625,0.4296875,0.439453125
47666,0.05859375,0.17578125,0.48828125,0.390625
47667,0.029296875,-0.068359375,0.439453125,0.400390625
47668,0.1171875,-0.087890625,0.458984375,0.3515625
47669,0,-0.205078125,0.4296875,0.361328125
47670,-0.009765625,-0.0390625,0.5078125,0.400390625
47671,0.185546875,-0.05859375,0.361328125,0.37109375
47672,-0.009765625,-0.1953125,0.400390625,0.41015625
47673,0.0390625,-0.029296875,0.537109375,0.380859375
47674,0.078125,-0.029296875,0.478515625,0.3515625
47675,-0.029296875,-0.029296875,0.400390625,0.341796875
47676,0.05859375,-0.0390625,0.37109375,0.41015625
47677,-0.078125,-0.078125,0.400390625,0.3515625
47678,0.01953125,0.05859375,0.33203125,0.390625
47679,-0.029296875,-0.13671875,0.41015625,0.41015625
47680,0.009765625,-0.166015625,0.37109375,0.341796875
47681,0.029296875,0.068359375,0.46875,0.41015625
47682,-0.009765625,-0.09765625,0.419921875,0.390625
47683,-0.05859375,-0.13671875,0.4296875,0.361328125
47684,-0.0390625,-0.029296875,0.44921875,0.400390625
47685,0.009765625,-0.048828125,0.400390625,0.33203125
47686,0.01953125,-0.15625,0.439453125,0.302734375
47687,0.029296875,-0.078125,0.41015625,0.37109375
47688,0.01953125,0,0.419921875,0.380859375
47689,0.01953125,0.0390625,0.478515625,0.380859375
47690,0.01953125,-0.068359375,0.419921875,0.3515625
47691,0.029296875,-0.01953125,0.625,0.419921875
47692,0.048828125,0.1171875,0.361328125,0.341796875
47693,0,-0.068359375,0.458984375,0.37109375
47694,-0.029296875,-0.09765625,0.5078125,0.37109375
47695,0.01953125,-0.166015625,0.478515625,0.4296875
47696,0.068359375,-0.087890625,0.517578125,0.361328125
47697,0.09765625,0,0.234375,0.41015625
47698,0.009765625,-0.15625,0.400390625,0.5078125
47699,-0.01953125,-0.0390625,0.439453125,0.283203125
47700,0.09765625,-0.087890625,0.2734375,0.341796875
47701,-0.029296875,-0.146484375,0.419921875,0.478515625
47702,-0.009765625,-0.09765625,0.458984375,0.341796875
47703,-0.009765625,-0.068359375,0.21484375,0.361328125
47704,-0.0390625,-0.05859375,0.302734375,0.322265625
47705,0.01953125,-0.107421875,0.439453125,0.361328125
47706,-0.126953125,-0.09765625,0.615234375,0.33203125
47707,-0.0390625,0.009765625,0.48828125,0.3125
47708,-0.048828125,-0.0390625,0.439453125,0.380859375
47709,-0.13671875,-0.009765625,0.56640625,0.390625
47710,0.009765625,-0.087890625,0.44921875,0.283203125
47711,-0.068359375,-0.0390625,0.361328125,0.380859375
47712,0.068359375,-0.009765625,0.3125,0.33203125
47713,-0.009765625,-0.048828125,0.5078125,0.419921875
47714,-0.009765625,-0.05859375,0.44921875,0.341796875
47715,0.01953125,-0.15625,0.244140625,0.33203125
47716,-0.009765625,-0.087890625,0.361328125,0.41015625
47717,0.234375,-0.107421875,0.478515625,0.37109375
47718,0.048828125,-0.185546875,0.205078125,0.44921875
47719,0.0390625,-0.0390625,0.37109375,0.37109375
47720,0.1953125,-0.01953125,0.419921875,0.322265625
47721,0.009765625,-0.25390625,0.556640625,0.361328125
47722,-0.029296875,-0.09765625,0.41015625,0.25390625
47723,-0.185546875,0,0.400390625,0.498046875
47724,0.029296875,-0.01953125,0.517578125,0.341796875
47725,-0.01953125,-0.05859375,0.400390625,0.341796875
47726,-0.166015625,-0.01953125,0.4296875,0.4296875
47727,0.01953125,0.0390625,0.37109375,0.37109375
47728,0.01953125,-0.068359375,0.44921875,0.37109375
47729,-0.244140625,-0.09765625,0.4296875,0.283203125
47730,-0.0390625,-0.25390625,0.3515625,0.341796875
47731,0.05859375,-0.05859375,0.41015625,0.4296875
47732,0.224609375,-0.0390625,0.419921875,0.33203125
47733,0.048828125,-0.283203125,0.400390625,0.390625
47734,0.029296875,-0.029296875,0.44921875,0.361328125
47735,0.21484375,-0.048828125,0.458984375,0.322265625
47736,0.029296875,-0.234375,0.400390625,0.400390625
47737,0.009765625,-0.0390625,0.419921875,0.37109375
47738,-0.09765625,-0.068359375,0.419921875,0.41015625
47739,0.048828125,0.087890625,0.419921875,0.419921875
47740,-0.009765625,-0.107421875,0.390625,0.390625
47741,-0.078125,-0.09765625,0.458984375,0.390625
47742,-0.009765625,0.1171875,0.439453125,0.390625
47743,0.078125,-0.126953125,0.439453125,0.37109375
47744,-0.15625,-0.185546875,0.44921875,0.37109375
47745,0,-0.166015625,0.478515625,0.4296875
47746,0.068359375,-0.087890625,0.5078125,0.3515625
47747,-0.009765625,-0.13671875,0.439453125,0.37109375
47748,0.078125,-0.087890625,0.419921875,0.400390625
47749,0.0390625,-0.01953125,0.498046875,0.37109375
47750,0.05859375,0.068359375,0.41015625,0.380859375
47751,0.01953125,-0.078125,0.390625,0.390625
47752,-0.09765625,-0.0390625,0.33203125,0.361328125
47753,0.048828125,0.1171875,0.4296875,0.537109375
47754,-0.05859375,-0.01953125,0.439453125,0.263671875
47755,-0.1171875,-0.126953125,0.341796875,0.380859375
47756,-0.078125,0.029296875,0.4296875,0.546875
47757,0.029296875,-0.087890625,0.44921875,0.263671875
47758,0.1171875,-0.0390625,0.224609375,0.400390625
47759,0.029296875,-0.224609375,0.46875,0.29296875
47760,0.01953125,-0.05859375,0.380859375,0.25390625
47761,0.15625,-0.068359375,0.56640625,0.400390625
47762,0,-0.205078125,0.44921875,0.33203125
47763,-0.126953125,-0.009765625,0.390625,0.517578125
47764,0.146484375,-0.048828125,0.56640625,0.341796875
47765,0.029296875,0.0390625,0.400390625,0.478515625
47766,0.009765625,0.009765625,0.478515625,0.52734375
47767,-0.048828125,-0.087890625,0.439453125,0.4296875
47768,-0.05859375,0.1171875,0.390625,0.361328125
47769,0,-0.068359375,0.439453125,0.263671875
47770,-0.087890625,-0.126953125,0.361328125,0.3125
47771,0,0.146484375,0.60546875,0.361328125
47772,0.009765625,-0.1171875,0.390625,0.21484375
47773,0.048828125,-0.166015625,0.37109375,0.3515625
47774,0,-0.13671875,0.5859375,0.4296875
47775,0.029296875,-0.126953125,0.390625,0.263671875
47776,0.078125,-0.166015625,0.4296875,0.390625
47777,0.0390625,-0.15625,0.302734375,0.380859375
47778,0.166015625,-0.09765625,0.46875,0.4296875
47779,0.029296875,-0.029296875,0.419921875,0.390625
47780,0.029296875,-0.029296875,0.302734375,0.302734375
47781,0.13671875,-0.09765625,0.44921875,0.439453125
47782,-0.05859375,-0.0390625,0.44921875,0.37109375
47783,-0.048828125,-0.087890625,0.283203125,0.322265625
47784,0.205078125,-0.009765625,0.419921875,0.33203125
47785,0.029296875,-0.01953125,0.44921875,0.380859375
47786,-0.01953125,-0.0390625,0.41015625,0.361328125
47787,-0.1171875,-0.0390625,0.48828125,0.37109375
47788,-0.029296875,0.009765625,0.439453125,0.322265625
47789,-0.01953125,-0.048828125,0.46875,0.439453125
47790,-0.1953125,-0.048828125,0.4296875,0.3515625
47791,0.01953125,0.029296875,0.419921875,0.37109375
47792,0.048828125,0,0.458984375,0.400390625
47793,0.146484375,-0.087890625,0.419921875,0.361328125
47794,-0.009765625,-0.126953125,0.4296875,0.341796875
47795,0.029296875,-0.126953125,0.41015625,0.458984375
47796,0.09765625,-0.029296875,0.46875,0.361328125
47797,-0.048828125,-0.146484375,0.4296875,0.33203125
47798,0.0390625,-0.09765625,0.361328125,0.380859375
47799,0.17578125,-0.048828125,0.419921875,0.751953125
47800,0.009765625,-0.01953125,0.400390625,0.37109375
47801,0.01953125,-0.01953125,0.458984375,0.3515625
47802,-0.13671875,-0.107421875,0.458984375,0.693359375
47803,-0.01953125,0.009765625,0.37109375,0.361328125
47804,-0.029296875,-0.05859375,0.400390625,0.419921875
47805,-0.205078125,0.009765625,0.4296875,0.7421875
47806,-0.01953125,0.009765625,0.439453125,0.37109375
47807,-0.107421875,-0.05859375,0.439453125,0.322265625
47808,0.13671875,0,0.458984375,0.0390625
47809,0.0390625,-0.087890625,0.46875,0.41015625
47810,-0.13671875,-0.009765625,0.439453125,0.33203125
47811,0.146484375,-0.009765625,0.4296875,0.087890625
47812,-0.01953125,-0.078125,0.4296875,0.37109375
47813,-0.029296875,-0.01953125,0.400390625,0.37109375
47814,0.09765625,-0.126953125,0.400390625,0.537109375
47815,0,-0.078125,0.361328125,0.3515625
47816,-0.009765625,-0.05859375,0.302734375,0.44921875
47817,-0.048828125,-0.078125,0.498046875,0.46875
47818,0.01953125,-0.13671875,0.419921875,0.341796875
47819,0.0390625,-0.126953125,0.29296875,0.3125
47820,-0.068359375,-0.087890625,0.498046875,0.498046875
47821,0.029296875,-0.146484375,0.380859375,0.341796875
47822,0.1171875,-0.029296875,0.615234375,0.390625
47823,0.009765625,-0.068359375,0.52734375,0.234375
47824,0.0390625,-0.01953125,0.537109375,0.498046875
47825,0.0390625,0,0.595703125,0.37109375
47826,0.009765625,-0.0390625,0.3515625,0.244140625
47827,0.029296875,-0.01953125,0.4296875,0.52734375
47828,-0.0390625,-0.01953125,0.5859375,0.380859375
47829,0.01953125,-0.078125,0.400390625,0.48828125
47830,0.01953125,-0.078125,0.46875,0.498046875
47831,-0.01953125,-0.09765625,0.3125,0.380859375
47832,0.009765625,-0.0390625,0.46875,0.478515625
47833,0.15625,-0.048828125,0.4296875,0.224609375
47834,-0.05859375,-0.0390625,0.33203125,0.380859375
47835,0.009765625,-0.09765625,0.48828125,0.478515625
47836,0.15625,-0.09765625,0.400390625,0.263671875
47837,0.1171875,0.009765625,0.517578125,0.37109375
47838,0,-0.107421875,0.5078125,0.29296875
47839,0.15625,-0.048828125,0.37109375,0.56640625
47840,0.009765625,0,0.44921875,0.341796875
47841,0.009765625,-0.078125,0.361328125,0.341796875
47842,-0.15625,-0.0390625,0.4296875,0.537109375
47843,-0.029296875,0.068359375,0.48828125,0.3515625
47844,-0.068359375,-0.068359375,0.2734375,0.3515625
47845,-0.25390625,-0.078125,0.380859375,0.546875
47846,-0.05859375,0.09765625,0.4296875,0.400390625
47847,-0.01953125,-0.078125,0.419921875,0.361328125
47848,0.166015625,-0.029296875,0.44921875,0.244140625
47849,-0.048828125,-0.0390625,0.458984375,0.361328125
47850,0,-0.01953125,0.44921875,0.3515625
47851,0.13671875,-0.009765625,0.390625,0.2734375
47852,0.068359375,-0.05859375,0.390625,0.37109375
47853,-0.078125,-0.087890625,0.46875,0.380859375
47854,0.13671875,-0.1171875,0.400390625,0.3515625
47855,-0.01953125,-0.029296875,0.400390625,0.419921875
47856,-0.1171875,-0.029296875,0.419921875,0.361328125
47857,-0.01953125,-0.087890625,0.37109375,0.458984375
47858,-0.01953125,0.01953125,0.439453125,0.361328125
47859,-0.087890625,-0.078125,0.44921875,0.33203125
47860,-0.09765625,-0.107421875,0.4296875,0.419921875
47861,0.078125,-0.068359375,0.390625,0.400390625
47862,0.21484375,-0.0390625,0.1171875,0.361328125
47863,0.01953125,-0.078125,0.400390625,0.361328125
47864,0.068359375,0.01953125,0.419921875,0.341796875
47865,0.185546875,-0.0390625,0.3515625,0.380859375
47866,0.029296875,-0.13671875,0.4296875,0.390625
47867,-0.048828125,-0.009765625,0.439453125,0.322265625
47868,-0.166015625,0.01953125,0.205078125,0.302734375
47869,0.009765625,-0.01953125,0.390625,0.25390625
47870,-0.068359375,-0.126953125,0.41015625,0.380859375
47871,-0.15625,-0.01953125,0.419921875,0.3515625
47872,0.09765625,0.107421875,0.41015625,0.146484375
47873,-0.029296875,-0.068359375,0.4296875,0.322265625
47874,-0.17578125,-0.09765625,0.517578125,0.400390625
47875,-0.01953125,-0.17578125,0.44921875,0.302734375
47876,0,-0.087890625,0.419921875,0.302734375
47877,0.224609375,-0.01953125,0.29296875,0.400390625
47878,0,-0.15625,0.439453125,0.703125
47879,0.01953125,0,0.41015625,0.458984375
47880,0.13671875,-0.15625,0.29296875,0.390625
47881,0,-0.224609375,0.341796875,0.498046875
47882,0,-0.078125,0.4296875,0.478515625
47883,-0.087890625,-0.009765625,0.2734375,0.29296875
47884,-0.009765625,0.087890625,0.361328125,0.166015625
47885,0.05859375,-0.087890625,0.390625,0.517578125
47886,-0.078125,-0.05859375,0.576171875,0.322265625
47887,0.05859375,0.13671875,0.44921875,0.244140625
47888,0.05859375,-0.068359375,0.478515625,0.283203125
47889,-0.107421875,-0.087890625,0.46875,0.3515625
47890,-0.048828125,-0.09765625,0.48828125,0.205078125
47891,0.029296875,0,0.380859375,0.302734375
47892,0.09765625,0.009765625,0.361328125,0.37109375
47893,0.0390625,-0.048828125,0.4296875,0.537109375
47894,-0.01953125,-0.107421875,0.37109375,0.4296875
47895,0.029296875,-0.37109375,0.341796875,0.41015625
47896,0.048828125,-0.048828125,0.419921875,0.52734375
47897,0,-0.087890625,0.44921875,0.33203125
47898,0.048828125,-0.283203125,0.361328125,0.390625
47899,0.068359375,-0.048828125,0.400390625,0.29296875
47900,0.01953125,0,0.4296875,0.390625
47901,-0.01953125,-0.3125,0.439453125,0.419921875
47902,-0.048828125,-0.09765625,0.3515625,0.2734375
47903,-0.13671875,-0.048828125,0.400390625,0.478515625
47904,0.0390625,0.205078125,0.41015625,0.44921875
47905,0.0390625,-0.05859375,0.37109375,0.205078125
47906,-0.17578125,0,0.44921875,0.400390625
47907,0.0390625,0.15625,0.439453125,0.3515625
47908,0.029296875,0,0.458984375,0.380859375
47909,-0.107421875,-0.09765625,0.4296875,0.361328125
47910,-0.009765625,-0.1953125,0.41015625,0.41015625
47911,0.048828125,-0.048828125,0.458984375,0.4296875
47912,0.166015625,-0.078125,0.419921875,0.33203125
47913,0.009765625,-0.17578125,0.44921875,0.37109375
47914,-0.01953125,-0.068359375,0.46875,0.390625
47915,0.15625,-0.029296875,0.4296875,0.33203125
47916,-0.048828125,-0.185546875,0.48828125,0.3125
47917,-0.009765625,-0.0390625,0.458984375,0.380859375
47918,-0.05859375,0.05859375,0.439453125,0.361328125
47919,0.0390625,0.087890625,0.419921875,0.380859375
47920,0,-0.107421875,0.41015625,0.4296875
47921,-0.107421875,0,0.419921875,0.400390625
47922,-0.048828125,0.009765625,0.37109375,0.41015625
47923,0.17578125,-0.029296875,0.341796875,0.3125
47924,-0.078125,-0.068359375,0.380859375,0.5078125
47925,0.048828125,-0.068359375,0.390625,0.361328125
47926,0.126953125,-0.05859375,0.4296875,0.33203125
47927,0.126953125,-0.107421875,0.37109375,0.56640625
47928,0,-0.09765625,0.44921875,0.37109375
47929,0.05859375,-0.048828125,0.44921875,0.390625
47930,0.05859375,0,0.33203125,0.56640625
47931,-0.01953125,-0.048828125,0.419921875,0.380859375
47932,-0.087890625,-0.1171875,0.46875,0.37109375
47933,-0.009765625,0,0.33203125,0.458984375
47934,0.009765625,-0.05859375,0.517578125,0.390625
47935,-0.078125,-0.078125,0.400390625,0.380859375
47936,-0.0390625,-0.05859375,0.615234375,0.37109375
47937,0.068359375,-0.068359375,0.439453125,0.37109375
47938,0.263671875,-0.078125,0.380859375,0.44921875
47939,0.01953125,-0.185546875,0.615234375,0.2734375
47940,-0.0390625,-0.05859375,0.3515625,0.3515625
47941,0.15625,-0.05859375,0.380859375,0.380859375
47942,-0.0390625,-0.09765625,0.25390625,0.1953125
47943,-0.048828125,-0.05859375,0.400390625,0.439453125
47944,0.1171875,-0.0390625,0.341796875,0.3515625
47945,-0.068359375,0.01953125,0.283203125,0.224609375
47946,0,-0.087890625,0.44921875,0.5078125
47947,-0.146484375,-0.05859375,0.419921875,0.341796875
47948,-0.009765625,-0.029296875,0.361328125,0.41015625
47949,0.01953125,-0.09765625,0.390625,0.25390625
47950,-0.146484375,-0.05859375,0.498046875,0.341796875
47951,0,0.029296875,0.537109375,0.458984375
47952,-0.1171875,-0.048828125,0.361328125,0.166015625
47953,0.107421875,-0.087890625,0.400390625,0.361328125
47954,0.01953125,-0.01953125,0.556640625,0.361328125
47955,-0.087890625,-0.05859375,0.498046875,0.29296875
47956,0.1171875,-0.087890625,0.361328125,0.322265625
47957,0.078125,-0.05859375,0.283203125,0.380859375
47958,0.0390625,-0.0390625,0.37109375,0.498046875
47959,0.087890625,-0.146484375,0.419921875,0.390625
47960,0.0390625,-0.05859375,0.29296875,0.390625
47961,0.1171875,-0.068359375,0.478515625,0.546875
47962,-0.0390625,-0.107421875,0.576171875,0.341796875
47963,-0.068359375,-0.05859375,0.322265625,0.400390625
47964,0.0390625,-0.009765625,0.439453125,0.322265625
47965,0.009765625,0.224609375,0.439453125,0.380859375
47966,-0.029296875,-0.1171875,0.517578125,0.341796875
47967,-0.009765625,-0.009765625,0.419921875,0.33203125
47968,0.01953125,0.17578125,0.419921875,0.37109375
47969,-0.009765625,-0.0390625,0.390625,0.390625
47970,-0.107421875,-0.048828125,0.44921875,0.29296875
47971,0.009765625,0.0390625,0.361328125,0.361328125
47972,0.068359375,-0.029296875,0.4296875,0.380859375
47973,0.107421875,-0.09765625,0.400390625,0.361328125
47974,0.009765625,-0.234375,0.390625,0.341796875
47975,0.009765625,-0.029296875,0.517578125,0.33203125
47976,0.1171875,-0.068359375,0.439453125,0.322265625
47977,0.01953125,-0.146484375,0.41015625,0.400390625
47978,0.05859375,-0.05859375,0.48828125,0.41015625
47979,0.068359375,-0.09765625,0.380859375,0.41015625
47980,-0.048828125,0.087890625,0.400390625,0.419921875
47981,-0.029296875,-0.01953125,0.3125,0.478515625
47982,-0.0390625,-0.0390625,0.4296875,0.419921875
47983,0.029296875,0.0390625,0.41015625,0.390625
47984,0.0390625,-0.078125,0.46875,0.380859375
47985,-0.087890625,-0.126953125,0.380859375,0.380859375
47986,-0.029296875,0.087890625,0.4296875,0.400390625
47987,-0.1171875,-0.01953125,0.60546875,0.3515625
47988,0,0.009765625,0.44921875,0.33203125
47989,0.009765625,-0.1171875,0.419921875,0.380859375
47990,-0.126953125,-0.01953125,0.5859375,0.29296875
47991,0.0390625,-0.087890625,0.390625,0.322265625
47992,-0.009765625,-0.146484375,0.4296875,0.400390625
47993,0.166015625,-0.029296875,0.654296875,0.37109375
47994,-0.048828125,-0.13671875,0.41015625,0.29296875
47995,0,-0.087890625,0.478515625,0.37109375
47996,0.0390625,0.0390625,0.185546875,0.361328125
47997,0.029296875,-0.126953125,0.546875,0.3125
47998,0.087890625,-0.048828125,0.46875,0.37109375
47999,0.048828125,-0.029296875,0.1953125,0.4296875
48000,-0.029296875,-0.048828125,0.46875,0.380859375
